-0.162778 -0.184293 2.06669 
-0.228569 0.0249691 0.851474 
0.159616 0.675134 1.11489 
0.233067 -0.0107031 0.483274 
0.529036 0.169625 1.11505 
-0.0759077 0.221487 0.292506 
0.473703 -0.0195245 0.928266 
-0.123544 0.349774 0.153701 
0.246439 0.142181 1.09642 
0.272905 0.29746 0.827697 
1.17123 -0.126405 2.11915 
0.286356 -0.328722 1.55485 
-0.159741 0.328623 1.68781 
0.544316 -0.0132465 0.314524 
0.937162 -0.38261 2.34399 
-0.196284 0.2984 0.903477 
-0.456606 -0.105923 0.104042 
0.963438 -0.0339732 1.61469 
0.483708 -0.296703 1.05414 
0.0671544 0.121923 0.787364 
0.609634 0.148938 1.0283 
0.337966 -0.492326 0.696657 
-0.518411 -1.0723 0.0804925 
0.842045 -0.786738 1.24093 
0.0146536 -0.142337 0.146185 
-0.238341 0.552698 -0.659699 
0.786775 0.171883 -2.99864 
1.01078 -0.0479145 -1.07984 
0.0544184 -0.925023 1.61115 
-0.165651 -0.186753 1.29087 
0.510464 -0.392817 1.26083 
0.536091 -0.162425 1.1126 
0.565554 -0.255251 -0.932512 
0.739284 -0.414422 1.95512 
0.18134 -0.119475 0.860489 
0.155195 -0.314824 -0.0453504 
0.448083 -0.721181 0.218414 
0.82946 -0.715643 -1.23884 
-0.24338 -0.19574 0.746907 
0.0847489 -0.566922 -0.104691 
0.334075 -0.274655 -0.935649 
0.05997 0.0287247 1.65207 
0.426591 0.440386 1.48047 
0.0199189 -0.163204 3.41417 
0.742252 -0.631414 0.103082 
0.563068 -0.620089 0.398031 
0.236526 -0.273295 1.73672 
0.233325 -0.118407 1.253 
0.224868 0.508653 2.36499 
0.344886 -0.152002 1.25276 
0.197866 0.422586 1.5506 
0.197506 0.202266 0.720431 
-0.167285 0.658299 0.245288 
0.176025 0.331678 -0.568891 
0.333338 0.633865 -0.578754 
0.361481 -0.385099 0.658242 
0.548156 -0.59183 1.20247 
0.639112 0.452595 -0.595557 
0.574526 0.243806 -0.645616 
0.189869 -0.268439 2.31551 
0.320675 -0.628402 2.82145 
0.33598 0.229532 -0.946605 
0.450228 -0.538442 0.557922 
0.628383 -0.0397193 1.25338 
-0.0928321 0.0361357 -0.57031 
-0.13858 -0.402372 2.11208 
0.469154 -0.425417 0.557784 
0.358177 0.402152 0.573245 
-0.0049946 0.434418 0.333352 
0.284781 -0.226881 0.40336 
0.288965 0.117196 0.691372 
-0.0466289 0.0416394 0.705048 
0.231058 -0.109086 1.03411 
0.224189 -0.309975 0.43322 
0.46534 -0.141361 0.698416 
0.610965 0.148498 0.395928 
0.522901 0.218253 0.695352 
0.686804 -0.331782 1.07328 
0.0717074 -0.0811938 0.546438 
-0.0739992 0.422764 0.933967 
0.200898 0.10217 1.25674 
0.407374 0.389754 0.522131 
0.372752 0.306788 -0.154292 
-0.0882923 0.696205 0.477674 
-0.0779796 -0.164413 0.597945 
-0.157531 0.239861 0.365318 
-0.117305 0.0475133 -0.261795 
0.0113018 1.14351 -0.255648 
0.70384 -0.31242 1.45497 
0.265419 0.0715079 1.14699 
0.238405 0.470926 -0.857015 
0.522642 -0.282733 2.48847 
0.455919 -0.345162 0.943318 
-0.145787 0.369837 0.258625 
0.202006 -0.466303 2.22244 
0.852476 -0.512118 1.58718 
0.615842 0.3048 2.09778 
0.639527 -0.702655 3.57568 
-0.377211 -0.380095 1.80951 
0.610074 -0.680198 2.42781 
0.604436 -0.0883046 1.66143 
0.269243 -0.496649 1.68326 
-0.146807 -0.0168192 1.32194 
0.469899 -0.099526 0.71338 
0.0231008 0.308751 -1.27448 
0.720814 -0.688077 2.68123 
0.702958 -0.252412 1.77045 
0.378858 -0.544504 0.639489 
0.57026 -0.820233 1.84602 
0.15416 0.457166 -1.63823 
0.370193 -0.542525 2.5355 
1.00761 -1.04939 2.72148 
-0.0517123 -0.937478 1.88558 
0.302582 -0.478996 1.04122 
1.21483 -1.14698 4.63561 
1.09357 -0.364768 1.9121 
1.51191 -0.33684 3.42878 
0.266148 -0.600902 0.773729 
0.439151 -0.852631 2.54809 
0.54513 -0.970586 3.02861 
-0.34534 -0.262386 1.85868 
0.000262461 -0.388179 1.99908 
0.639833 -0.938934 2.43194 
0.247079 -0.00765956 0.124454 
0.358891 0.0826438 -0.391305 
0.459469 -0.0696905 0.906045 
1.32768 -0.750866 1.91887 
0.126061 -0.685461 0.253606 
0.495665 -0.192936 0.969488 
0.580205 -0.226134 0.651434 
0.264844 0.147173 -0.604301 
0.00608534 -0.54247 0.891211 
0.75268 -0.181371 -0.835237 
0.577418 -0.42198 0.616721 
-0.287342 0.514317 -2.07932 
0.777039 0.0341656 -1.79157 
0.627477 0.182451 -1.72045 
0.158753 -0.0391418 -0.294622 
-0.584485 0.886072 -5.51039 
-0.180669 0.900169 -3.01787 
0.835137 -0.324196 1.40814 
0.0361763 -0.263114 1.0734 
0.668526 -0.929665 3.51913 
0.778742 -0.912222 5.15697 
0.105886 -0.95811 2.52057 
0.595916 -1.67208 4.92604 
0.312249 -0.998125 3.54429 
-0.181644 -0.492506 1.46205 
-0.0627037 -0.340697 -0.198559 
0.142735 -0.41542 1.0522 
0.0968281 -0.249004 1.46081 
0.532222 -0.997554 3.02823 
-0.237708 -0.253616 1.07987 
-0.037159 -1.20057 1.21941 
-0.0304354 -0.811539 1.53859 
0.454691 -0.753264 1.94845 
0.855603 -1.18544 1.60154 
0.492857 -0.845979 1.11493 
0.305717 0.0280266 -0.0601141 
0.370661 -0.104835 0.766551 
-0.00380863 -0.611882 -0.766475 
0.499933 -0.150111 0.7708 
-0.220062 -0.753323 1.19619 
0.285724 -0.430158 2.26227 
0.10893 -0.475933 -0.190151 
0.0571311 -0.305877 0.859537 
0.000517151 -0.0611906 -0.581137 
0.288567 -0.621303 1.87851 
0.510058 -0.574451 0.435086 
0.0158155 -1.1044 0.645243 
0.04001 -0.566192 -0.794781 
0.0345444 -0.553809 -0.889822 
-0.00834454 -0.0600959 -0.37941 
0.340283 -0.846532 0.0590027 
0.332235 -0.463901 -0.713542 
0.121393 -0.658178 -0.343251 
0.601659 -0.610415 1.48268 
0.147555 -0.0158268 -0.0144318 
0.527375 -0.229956 0.569218 
-0.0585231 -0.454907 -0.198265 
0.776116 -0.647413 2.89206 
0.156871 -0.814111 1.12836 
0.43137 -0.885869 -0.0168465 
0.716863 -1.10458 0.789315 
1.09628 -0.99396 1.99564 
0.023429 -0.118181 0.702785 
0.490805 -0.102581 0.877241 
0.430627 -0.445014 -0.120542 
1.31642 0.912382 4.4852 
0.416611 -0.154581 1.91154 
0.326899 -0.000168264 -0.347795 
1.45544 0.0847908 1.46962 
0.0588284 -0.27552 0.640492 
0.309339 0.698773 2.8082 
-0.0899997 -0.247354 0.0791443 
0.571104 -0.24859 0.439846 
0.119189 0.958459 1.68902 
0.0842179 0.636582 1.41746 
0.584465 -0.0339882 1.02814 
0.44124 0.328166 1.73212 
0.225449 0.092928 1.80155 
-0.0295092 0.0440009 0.591421 
0.440252 0.183367 3.34768 
0.53393 0.0344983 2.40424 
0.379319 -0.735027 -1.46771 
0.152636 0.032746 2.15042 
0.128921 -0.199814 1.84556 
0.00399471 0.160428 0.618371 
0.0930292 0.714819 2.3412 
-0.202356 0.135826 1.6284 
-0.0298947 0.308962 1.95889 
-0.0738297 0.0340566 0.653308 
0.751372 0.288119 1.86023 
0.442347 -0.018241 0.810753 
0.170178 0.0157315 0.953696 
0.0959515 -0.252915 -1.70406 
0.119226 -0.0661565 0.046852 
0.465075 -0.201441 2.08255 
0.546082 -0.156311 1.85335 
0.138135 -0.261153 2.24109 
0.192291 0.275542 2.27409 
0.295507 0.514905 2.20257 
0.998067 0.368573 3.11764 
0.227667 0.420035 0.0176505 
0.474321 -0.616117 -0.0495382 
-0.0665108 -0.257723 -0.729643 
0.631731 0.314464 2.03322 
0.336317 -0.665728 -0.847591 
0.41702 0.710524 1.02795 
0.389876 0.0274486 0.434667 
0.252515 0.191843 0.656482 
0.707552 0.371056 1.80773 
0.13826 0.00123863 2.01674 
0.304649 -0.470111 -0.290501 
0.274957 -0.272385 1.06366 
-0.437249 -0.205174 1.3521 
0.295335 -0.507142 0.532592 
0.263579 -0.467817 0.137617 
-0.471028 -1.36406 -1.22171 
0.169377 -1.02045 -1.84566 
-0.0510091 -0.574071 -1.37107 
0.417545 0.154663 0.474534 
-0.151 -0.0663435 -0.0330725 
0.106852 -0.458482 -0.288023 
-0.593841 -0.159444 1.0032 
0.278721 -0.0769046 -0.494186 
-0.617264 -0.205762 -1.45497 
-0.0667472 -0.199394 -0.784677 
1.47857 -0.173098 0.816637 
0.323887 -0.736812 -1.4578 
0.0361348 0.198426 -0.9208 
0.329494 0.133646 2.69637 
-0.219822 -0.655012 2.57294 
7.97643e-05 0.131292 1.95887 
-0.0867854 -0.975881 1.95771 
0.173892 0.296878 1.18821 
-0.228908 -0.805626 0.403996 
0.937386 0.34875 -0.283401 
-0.601687 -1.03319 1.85832 
-0.0446634 -0.631034 1.00565 
-0.398647 -0.0324735 0.438907 
0.117436 -0.918097 1.20858 
-0.313401 -0.171923 2.18563 
-0.0596372 -0.378296 1.19836 
0.0699658 -0.211482 2.43634 
-0.694174 -1.31384 1.20924 
0.984092 0.382772 -1.3227 
0.300716 0.556247 0.700765 
-0.055106 -0.0723996 0.0378937 
0.370529 -0.0753693 -0.628768 
-0.209362 -0.749707 1.18688 
-0.360371 -0.365071 0.121485 
-0.21983 -0.208092 2.68456 
0.255605 0.0645312 1.80877 
-1.16391 -1.69132 2.01993 
-0.857246 -1.13228 1.04672 
-0.64368 -0.742162 2.96122 
-0.504082 -0.503955 0.279403 
-0.0595751 -0.551412 1.88639 
-0.522474 -0.552581 1.94157 
0.336951 0.277447 -0.498734 
-0.0725987 -1.05586 0.396932 
0.451098 0.107966 -0.277637 
-1.46321 -1.10503 2.78671 
0.112257 -1.00157 -0.349197 
-0.476579 -0.566429 1.38945 
-0.270465 -0.516099 0.776951 
0.810362 0.563204 -0.0509896 
1.27608 0.361432 -1.71755 
-0.183972 -0.279025 -0.533588 
0.244302 0.168221 0.637846 
-0.970269 -0.147383 1.54785 
-0.31588 -0.356176 1.10719 
-0.101361 -0.119553 0.943137 
-0.705438 -0.974 -0.162 
-0.134394 0.306137 0.147959 
0.155465 -0.591531 1.73902 
-0.273409 -0.582111 -0.0443965 
-0.26676 -0.3888 0.117663 
-0.417812 -0.475859 0.57968 
-0.177784 -0.110601 0.888029 
0.550204 -0.0747145 0.329545 
0.953321 -0.197408 -1.14907 
-0.138512 -0.0867664 1.18012 
-0.0108749 -0.541658 1.50193 
-0.248765 -0.957428 -0.300746 
-0.439035 -1.00194 1.34171 
-0.689141 -0.718903 2.43027 
-0.348856 -0.466711 0.235413 
-0.815094 -0.260222 1.30132 
1.20783 -0.514647 -0.251064 
-0.127866 -0.329386 1.63501 
0.332639 -0.923749 0.648137 
-0.147269 -0.660924 1.34399 
-0.254085 -0.415153 0.807593 
-0.317705 -0.0668096 1.21541 
-0.521186 -0.371319 1.58257 
-0.272338 -0.330943 1.22847 
0.302102 0.289888 -0.660577 
-0.359172 -1.15874 0.761607 
-0.138639 -0.396169 -0.651891 
0.0199079 -0.170742 1.12887 
0.0522332 -0.59659 0.372208 
-0.259127 -0.20332 0.217156 
-0.594674 -0.728012 1.24948 
-0.354521 -0.536509 0.151699 
-0.438273 -0.348462 0.932387 
-0.36842 -0.267198 1.18371 
-0.52041 0.0669879 0.230101 
-0.540518 -1.08323 -0.706591 
-1.04901 0.335096 1.88957 
-0.107456 -1.24526 -0.731606 
0.084111 -0.232346 0.97599 
0.4808 -0.579641 -1.47813 
0.0113361 -0.0187418 0.429776 
-0.253428 -0.454684 0.279064 
-0.28072 -0.659022 0.149206 
-0.122413 -0.0737451 0.832315 
-1.40708 -0.716988 -1.17847 
-0.982205 0.0516703 0.279377 
-1.07162 -0.779693 1.89417 
-0.662253 -0.525595 1.09955 
-0.908937 -0.555336 -0.868908 
-0.523252 -0.519345 0.558589 
0.573534 0.0781648 0.0613015 
0.318949 -0.31872 0.940325 
-1.04057 -0.810024 -0.00847922 
-0.122491 -0.12246 0.184518 
-0.667196 -0.911672 0.338831 
-0.733462 -0.49296 -0.496016 
-1.07325 -1.06147 0.27792 
-0.0613425 -0.385872 0.920168 
-0.708181 0.113333 0.0227522 
-0.772847 -0.375731 -0.447889 
-0.00250626 0.0815049 0.379132 
-0.0628974 -0.51103 0.20304 
-0.150272 -0.0912289 -0.63445 
-0.59847 -0.243383 0.428133 
-0.753692 -0.743035 1.9512 
-0.443919 -0.655424 -1.03371 
-0.00285747 -0.390343 -1.58962 
0.0585773 -0.0955158 -1.55666 
-0.741491 -0.719682 -0.75505 
-0.558323 -0.680999 -0.0584419 
-0.468027 -0.118984 -1.03059 
0.112024 0.00625892 -0.564744 
0.0864756 -0.236445 -0.503556 
0.674748 0.0208541 0.428745 
-0.00931861 -0.148338 0.549831 
-0.182054 0.17164 -0.384018 
-0.753641 -0.317038 -0.139512 
-0.766999 -0.0322159 -0.97829 
-0.350564 -0.299717 -1.38157 
0.314777 -0.0861044 -0.385464 
-0.116808 -0.0557431 -0.435472 
0.0547782 -0.0990126 -0.970966 
-0.479721 -0.391633 -0.886832 
-0.719998 -0.455139 -1.93497 
-0.686994 -0.107637 -1.31588 
-0.480106 -0.359577 -0.471919 
-1.02296 -0.31156 -1.6675 
-0.942155 -0.520123 -0.478508 
-0.123051 -0.148714 -0.937162 
-0.302687 -0.399942 0.199495 
0.406378 -0.248218 0.229447 
-0.442314 -0.529519 -0.498585 
-1.17273 0.2209 -2.32344 
-0.883755 -0.461661 -1.30128 
-0.835859 -0.214675 -0.921909 
-0.33862 -0.116486 -1.08521 
-0.87592 -0.357632 -2.16301 
-0.296169 -0.272481 -0.74295 
-0.199267 0.155633 -1.35591 
-1.13106 -0.103861 -2.84531 
-0.459706 -0.343275 -1.56515 
-0.18984 -0.121711 -1.13297 
0.17292 -0.0664833 0.101214 
0.00955544 -0.525867 -0.892875 
0.277002 -0.448959 -1.07073 
-0.731104 -0.346288 -0.769164 
-0.431754 -0.252997 -1.8686 
0.169694 0.152152 -1.44266 
0.181857 0.230615 0.134455 
-0.193576 -0.192465 -1.61507 
-0.443817 0.0343194 -3.7951 
-0.388984 -0.0471068 -2.44905 
-0.393581 -0.0460665 -1.50833 
-0.239775 -0.346103 -1.67865 
-0.0214712 -0.30322 -1.81924 
-0.318758 -0.340921 -1.50352 
-0.557353 -0.281647 -1.19068 
-0.779819 0.0654301 -1.79389 
-0.295645 -0.315236 -1.21001 
-0.350618 -0.358503 -1.55826 
-0.207783 -0.158781 -0.743139 
-0.0296239 -0.056747 -0.0530208 
-0.101712 -0.673261 -1.27256 
-0.385366 -0.090599 -2.8623 
0.0342921 0.134685 -1.55687 
-0.145837 -0.288626 -0.442777 
-0.112879 -0.803944 -1.34977 
-0.331066 -0.73761 -0.838611 
-0.422635 -0.4947 -0.78783 
-0.513354 -0.93307 -2.58795 
-0.247887 -0.449296 -2.01032 
-0.387731 -1.03473 -0.550337 
-0.574316 -0.875743 -0.866866 
-0.394707 -0.24802 -2.34782 
-0.451271 -0.253062 -1.96308 
-0.457991 -0.458204 -1.90126 
0.109701 -0.514642 0.934148 
0.312193 -0.396685 -0.169973 
-0.241226 -0.117299 -3.18794 
-0.840666 -0.169979 -2.26336 
-0.243774 -0.491368 -2.00957 
-0.313811 0.00879911 -2.75659 
-0.605842 0.156825 -3.23796 
-0.589594 0.0593391 -3.91206 
-0.251096 -0.145178 -2.96272 
-0.223681 -0.385476 -3.28794 
-0.3111 -0.749427 -2.40063 
-0.366591 -0.424107 -2.39927 
-0.660806 -0.935666 -2.14657 
-0.346486 -0.187866 -1.0623 
0.23762 0.132862 0.821742 
-0.502856 -0.450979 -3.13004 
-0.527883 0.00811056 -2.07475 
-0.591809 -0.545753 -4.28184 
-0.579099 -0.922778 -3.23287 
-0.896862 -0.719257 -1.93829 
-0.395334 0.201961 -2.60763 
-0.721912 0.132755 -3.10989 
-0.927098 -0.317171 -3.94819 
-0.264823 -0.768407 -1.8907 
-0.500912 -0.801719 -2.34369 
-0.12042 -0.203496 -1.95425 
-0.572984 -0.675284 -1.51982 
-0.362593 -0.524092 -2.79452 
-0.123526 -0.481947 0.0611735 
-0.440941 0.0986175 -2.1001 
-0.775569 -0.410375 -1.31767 
-0.537658 -0.413084 -2.14471 
0.158524 -0.30237 -1.10069 
-0.620129 -0.332959 -1.94354 
0.031575 -0.199209 -0.396986 
-0.15235 -0.322958 -1.72077 
-0.307146 0.219541 -0.769503 
-0.0618792 -0.187673 -1.9549 
-0.582721 -0.79792 -2.21878 
-0.449508 -0.939598 -1.48839 
-0.345126 -0.531895 -1.38348 
-0.210146 -0.368917 -2.90598 
-0.700035 -1.04423 -1.52628 
-0.474069 -0.461705 -1.58092 
-0.626805 -0.649292 -1.96805 
-0.491142 -0.929351 -1.74923 
0.179372 -0.564724 0.60283 
0.0335493 -0.188493 -1.54392 
0.512264 -0.698056 0.136757 
-0.130465 -0.485619 -1.85199 
0.409609 -0.286369 -0.0182192 
-0.297865 -0.839451 -0.390652 
-0.34499 0.177826 -1.89397 
-0.1972 -0.414245 -1.49692 
-0.143529 -0.611137 -1.55167 
-0.0291234 -0.201993 -1.53991 
-0.227389 -0.75051 -3.81333 
-0.826404 -0.577386 -3.38607 
-0.209466 -0.426622 -1.11795 
-0.128384 -0.425865 -2.48633 
-0.38593 -0.456691 -3.65727 
0.134707 -0.0158053 -2.45116 
-0.319759 -0.778335 -0.993845 
-0.0435957 -0.385706 -0.745087 
-0.450046 -0.827138 -1.98675 
0.0241638 -0.346267 -1.85663 
0.0746021 -0.360606 -0.270452 
0.218023 -0.389525 -1.17848 
-0.508151 -0.334325 -2.40355 
-0.339372 -0.295251 -0.167818 
-0.132432 -0.524207 -1.67696 
-0.304603 -0.586285 0.362204 
-0.247668 -0.699992 -0.884158 
-0.480094 -0.61029 -1.28296 
0.360976 -0.392646 -1.61779 
-0.185286 -0.976438 -1.90583 
-0.0450433 -0.495456 -2.44677 
-0.0742208 -0.80136 -1.63153 
-0.0591686 -0.761651 -1.72283 
0.0950937 -0.0469807 -0.633789 
-0.472348 0.0320925 -1.92059 
0.554968 0.269958 -0.585997 
0.0475212 -0.390069 -0.768116 
-0.0168898 -0.515312 -2.09161 
0.306663 0.223868 -0.135733 
-0.558464 -0.5867 -3.44056 
0.225663 -0.596167 -2.50426 
-0.461515 -1.01024 -1.04396 
-0.295753 -0.611629 -1.10813 
0.232531 -0.884766 -2.10769 
-0.630718 -0.688608 -1.44362 
-0.0482455 -0.222469 -0.598583 
0.292251 -0.415711 -0.060178 
-0.693842 -0.575764 -1.22357 
0.177223 -0.0452228 -1.58496 
0.183018 -0.359132 -0.0595563 
0.43892 -0.503149 -1.36937 
-0.1404 -0.147698 -2.35816 
-0.768138 -0.60851 -2.38535 
0.1488 -0.212233 -2.15548 
-0.215681 -0.249719 -0.902587 
-0.302381 -0.0525574 -0.35774 
-0.134381 0.0813014 -2.32577 
-0.10687 -0.366539 -1.8144 
0.229837 -0.0440821 -1.73274 
0.463301 -0.413545 -1.44927 
0.124411 -0.285074 -0.612164 
0.428115 0.0350688 -3.93054 
0.594774 -0.60841 -1.2007 
-0.126475 -0.463322 -2.50416 
0.261607 0.0481041 -2.71965 
0.343771 -0.0940561 0.0245474 
0.316768 -0.465742 -2.47701 
0.217933 -0.47729 -1.01491 
0.432522 -0.371244 -0.427759 
0.302341 -0.497854 -0.571948 
0.216424 -0.340035 -0.0168791 
0.018136 0.0297384 -0.260619 
0.366843 0.0103505 -0.721151 
0.41655 -0.0599038 -0.583973 
0.6072 0.0407332 -0.280758 
0.730538 -0.384114 -0.430052 
0.683625 -0.49868 -1.49293 
0.0729063 -0.631812 -1.56089 
0.418508 -0.0999025 -1.298 
0.826708 -0.400058 0.228178 
0.711524 -0.762297 -2.2146 
1.0104 -0.652333 -2.06242 
1.14775 -0.174221 -0.35486 
0.900379 -0.394027 -0.0141086 
0.674263 -0.420485 -0.95186 
0.859661 0.00113696 -0.421999 
0.56969 -0.399409 -0.968502 
0.755625 -0.67896 -1.77041 
0.608831 -0.828866 -0.790198 
0.413023 -0.326925 -2.41577 
1.0201 0.0171387 -2.07171 
0.736104 -0.0525672 -1.60439 
0.426883 -0.665336 -0.615755 
0.155648 -0.561159 -0.115818 
0.518989 -0.504386 -1.0101 
0.556092 -0.479662 -1.40102 
0.541875 -0.594378 -0.606988 
0.922135 -0.94071 -0.538498 
0.797352 -0.756505 -1.16088 
0.278788 -0.0842465 -0.136846 
0.00610167 0.0120552 -0.452827 
0.710108 0.378121 -0.516903 
0.566242 -0.211732 0.368215 
0.766081 0.277917 -1.61405 
1.08543 0.0809083 -2.36951 
0.623592 -0.563059 -1.43281 
1.07173 0.392363 -1.31325 
0.425988 -0.00985906 -0.0430921 
0.0806877 -0.220887 -1.16107 
0.671678 0.319376 -2.06445 
1.01999 -0.236373 -1.71235 
0.538502 -0.223273 -0.238773 
0.862622 -0.350611 -2.25083 
1.36357 -0.588899 -1.30189 
-0.0857896 -1.01425 -0.151943 
0.514388 -0.0698244 -0.273275 
0.83544 -0.671962 -1.10237 
0.94448 -0.325444 -1.03094 
0.555063 -0.388446 -1.39012 
0.480159 -0.262635 -1.00779 
0.284514 -0.194245 0.33977 
0.450156 0.047831 -1.79152 
0.685427 -0.342348 -0.640914 
0.153767 0.147478 -0.607216 
0.796379 0.115671 -1.63125 
0.563853 -0.161718 0.880476 
0.823532 -0.490204 -0.779734 
0.557915 -0.692443 -0.273424 
0.302908 0.0572146 -1.05161 
0.167009 -0.229295 0.305379 
0.530215 -0.320782 0.0282475 
0.0241088 0.382219 0.343701 
0.331621 -0.15172 -0.143882 
0.318207 -0.402109 -0.439565 
0.38899 -0.00207085 -1.09812 
0.0670151 -0.602762 0.456843 
0.371488 -0.193107 -0.0670611 
0.232371 -0.812734 -0.340042 
0.584943 -0.733659 0.600022 
0.342445 -0.443992 0.440249 
0.668975 -1.06254 -0.676278 
0.269813 -1.17606 0.291675 
0.378513 -0.717498 -0.0570645 
0.719441 -0.518528 -0.264924 
0.520495 -0.227794 -0.0967567 
0.081049 -0.601125 0.991984 
0.481384 -0.910624 0.496025 
0.900879 -0.513568 -0.0579514 
0.0703356 -0.819594 -0.696003 
0.173032 -0.534931 0.146802 
0.609208 -0.219189 -1.13897 
0.446029 -0.123577 -0.65561 
0.611736 -0.440065 -0.288711 
0.52922 -0.673712 0.497524 
0.208152 -0.0111162 -0.580446 
0.0967298 -0.287275 -0.736736 
-0.0971811 -0.505394 -0.99321 
0.0282457 0.172508 -1.63546 
0.109384 -0.152213 -1.00155 
0.636756 -0.174827 -0.257551 
0.448255 0.00509385 -0.873172 
-0.231109 -0.358242 0.71953 
0.264223 -0.107383 -0.870595 
0.177719 -0.587755 0.141625 
-0.0451181 -0.0929209 -1.06166 
-0.316116 -0.102137 -0.485334 
0.481321 -0.430554 2.241 
0.199172 -0.290698 -0.681932 
0.029085 -0.385753 1.40704 
-0.158255 -0.635783 1.23925 
0.663811 -0.887812 0.880322 
0.344504 -0.814644 -1.31133 
0.79498 -0.876741 0.455379 
0.162094 -0.35376 0.357129 
0.244262 -0.48726 0.200137 
0.227568 -0.481135 -0.0685072 
0.114636 -0.292224 -0.825395 
0.881905 -0.734864 -0.279004 
0.560353 -0.819974 0.859851 
0.210969 -0.128766 -0.286943 
0.267586 -0.146047 -0.506586 
0.0548276 -0.0617025 0.139494 
-0.322354 -0.514928 0.455042 
0.165421 -0.77894 0.250709 
0.611098 -0.832879 0.851186 
-0.620072 -1.1722 -0.507078 
-0.258918 -0.246075 0.713565 
0.272422 -0.140894 -0.572712 
-0.321518 -0.333049 -0.724402 
-0.159593 -0.572597 -0.0445276 
0.421446 -0.808459 0.386539 
0.106064 -0.485778 -0.0992823 
0.385008 -0.702148 1.46008 
0.0673351 -1.04876 0.521207 
0.0760823 -0.628521 -0.451003 
-0.24306 -0.622155 -1.14213 
0.347181 -0.849529 0.668388 
0.372944 -0.0827322 0.0048609 
0.599519 -0.049284 0.404562 
-0.309728 0.298833 -1.18336 
-0.305039 0.335678 0.00878529 
0.747329 -0.366956 0.707012 
0.382334 -0.485268 -0.84121 
0.349591 -0.167172 -0.448829 
0.702551 -0.411105 -1.08715 
0.372064 -0.226059 0.920135 
0.52809 -0.336318 -0.206605 
0.650151 -0.186746 -0.217254 
-0.0669952 0.181542 -0.805511 
0.384302 -0.654048 -0.0706398 
0.383972 -0.0648693 -0.237199 
0.367639 -0.582017 1.13349 
0.457185 -0.493343 -0.269132 
0.164883 -0.272889 0.162539 
0.455272 -0.501751 1.20912 
-0.00733859 -0.233069 -0.821124 
0.456643 -0.0618275 1.45488 
-0.303661 -0.273167 0.118888 
0.430379 -0.279142 1.48966 
0.397399 -0.587172 -0.404666 
0.464196 -0.754854 0.810537 
0.625332 -0.736086 -0.0192873 
0.529876 -0.394375 0.611219 
0.576192 -0.384531 0.245188 
0.557883 -0.745732 0.385929 
0.452806 -1.35096 1.20326 
0.597858 -0.797466 -0.00845908 
0.358318 -0.417173 0.150997 
0.155219 -0.565047 0.194093 
-0.0222828 -0.451633 -0.127044 
-0.0607518 -0.0707957 -0.434352 
0.655435 -0.846357 2.07405 
-0.012765 -0.144758 0.586447 
-0.144892 -0.553702 -0.411254 
0.607124 -0.69542 1.08207 
0.90226 -0.815742 1.18229 
0.437401 -0.950219 -0.617584 
0.634686 -0.73169 -2.25415 
0.438916 -1.12408 0.385293 
0.0980054 -0.534816 -0.125678 
0.584252 -0.397509 0.552018 
0.301859 -0.365323 0.759408 
0.144172 -0.00810967 -0.291073 
-0.408641 -0.209153 0.422378 
-0.330869 0.59482 -0.525199 
0.384733 0.09684 1.19254 
0.433692 -0.0990208 0.855904 
-0.124334 -0.223954 -0.892754 
-0.394624 0.280581 -0.428107 
-0.0150957 0.104601 -0.547154 
0.647961 -0.353405 0.927675 
-0.337693 0.362463 0.501505 
-0.0448721 -0.326627 0.149064 
0.233818 -0.261536 -1.14199 
0.61556 -0.22205 -0.654965 
0.308275 -0.253954 -0.111245 
0.0325697 -0.0747996 1.78837 
0.701466 -0.38124 1.14132 
0.0210212 -0.113716 1.24445 
0.10441 0.0184176 1.11562 
-0.132803 0.122413 -1.42392 
-0.0790941 0.279173 0.52297 
0.386988 -0.253876 -0.608649 
0.393279 -0.213456 -0.787385 
0.0174983 -0.34841 -0.690736 
0.280175 -0.123886 0.681129 
0.836473 -0.857603 -0.434613 
0.917831 -0.250592 0.060797 
0.524642 -0.102195 -0.666981 
0.293141 -0.0114008 -1.45525 
0.583156 -0.612569 -0.174658 
0.782043 -0.341655 0.929018 
0.516725 -0.795814 -0.00965658 
0.168726 -0.603524 1.43779 
0.209975 -0.430411 0.0177269 
0.381036 -0.711487 0.715494 
0.551401 -0.643065 0.655885 
0.095034 -0.219388 -0.367313 
0.478598 -0.0353114 -0.173526 
0.662706 -0.910823 0.576187 
0.567339 -0.859864 0.738641 
0.58715 -1.0748 1.67809 
0.40095 -0.431049 0.765063 
0.0871953 -0.489712 -1.11356 
-0.0738327 -0.0787177 0.158501 
0.0327231 -0.395607 0.932895 
0.647382 -0.99861 1.04334 
0.51053 -0.538789 0.642144 
0.424766 -0.626098 -0.560414 
0.851855 -0.743948 0.65071 
1.06041 -1.20686 0.226973 
0.980666 -0.502635 0.480205 
0.0662595 0.0450018 1.06293 
0.41506 -0.264688 0.0188034 
0.409907 0.0315424 0.606646 
0.0172725 -0.538199 2.54541 
0.0896549 0.0729807 1.26735 
-0.000660269 -0.184698 1.33387 
0.0926921 -0.252331 -0.264445 
0.416381 -0.458685 -1.57451 
-0.343696 -0.0867104 -0.836931 
0.25163 0.0130741 -0.897957 
0.511453 -0.055328 0.866613 
0.788511 -0.565281 1.23589 
0.919547 -0.542259 0.328087 
0.43874 -0.6963 0.137022 
0.302196 -0.546409 1.14691 
0.0324081 -0.170144 0.0944913 
0.472723 -0.134877 -1.8857 
0.240504 -0.393753 2.54141 
-0.0670811 0.182503 1.62815 
0.741944 -0.106282 1.01456 
0.725239 -0.385595 1.13211 
0.87432 -1.08373 -0.0643946 
0.699103 -0.696254 0.342641 
0.533856 -0.262736 1.41657 
0.861465 -0.33637 1.06581 
0.317869 -0.55326 0.434388 
-0.140476 -0.254293 -0.768914 
0.180065 -0.327984 -0.119935 
0.683175 -0.868854 1.09632 
0.460658 -0.667911 -0.0695027 
-0.0778259 -0.215136 0.162707 
0.148195 -0.381771 -0.913424 
1.39863 -0.505345 1.47534 
0.747948 -0.297751 0.831025 
0.166959 -0.316114 1.14681 
0.671271 -0.651485 0.625943 
0.513145 -0.332998 2.25804 
0.309438 -0.403803 0.344916 
-0.0875172 -0.148712 0.122236 
0.355258 -0.505164 0.821106 
0.574992 -0.0586517 0.0208367 
0.480734 -0.582122 0.747943 
0.402546 -0.748567 0.371096 
0.227217 -0.794193 0.47338 
-0.230155 -0.153505 -0.523004 
-0.224273 -0.264987 -2.13688 
0.420447 -0.532997 -0.187471 
1.08589 -0.213693 -0.575484 
0.985575 -0.248661 0.526307 
1.06989 -0.352657 1.38055 
0.755786 -0.342145 -0.0458946 
-0.416123 0.467357 0.685527 
0.183431 -0.246901 1.52734 
0.538057 -0.850256 0.977896 
0.650889 0.211817 0.712618 
0.68842 -0.0983729 -0.564783 
1.22928 -0.668292 1.14892 
0.558139 -0.548146 -0.155337 
-0.211271 0.503884 -0.555109 
0.0425951 -0.194244 -0.631739 
0.683844 -0.370339 1.33857 
0.90231 -0.27654 1.92034 
0.582761 -0.519998 1.24847 
0.271223 -0.695333 -0.476801 
0.320437 0.596201 -0.395017 
0.677002 -0.296319 0.500689 
-0.118379 0.210129 -1.05693 
-0.130271 0.118568 0.375824 
0.230993 -0.932842 0.802914 
0.435446 -0.593484 0.0652447 
0.68068 -0.071357 -0.00172197 
0.529161 -0.455338 -1.28504 
0.425266 -0.153416 0.0583834 
-0.00374062 -0.0737964 -0.580012 
0.669695 -0.480397 -2.01944 
1.06221 -0.166339 0.32348 
0.846294 -0.741124 1.18392 
1.03386 -0.702258 -0.00999857 
0.229988 -0.244888 -0.599245 
0.342899 0.574882 0.369501 
0.572245 -0.253111 -0.57131 
0.458832 -0.328866 -1.69472 
0.312089 0.139173 -0.483946 
0.482757 -0.49483 -0.890559 
0.262688 0.198635 1.91163 
0.428164 -0.59303 -0.607161 
0.826883 -0.112997 0.939973 
0.1033 -0.319621 -0.643722 
0.907381 -0.137625 -0.0169535 
0.517902 -0.742336 -0.405628 
0.597009 -0.39876 0.62857 
0.883311 -0.6944 -0.710229 
0.821799 -0.65985 0.459669 
1.41184 -1.03104 -0.566579 
1.00744 -0.626607 -0.762621 
0.758496 -0.111029 0.466626 
0.348913 -0.100184 -0.27534 
0.715094 -0.0757267 0.572469 
1.06165 -0.000334099 0.613492 
0.859484 -0.353144 1.21838 
0.112834 -0.178778 0.750237 
0.8218 -0.43893 1.21783 
0.639949 -0.294567 0.931016 
0.316375 -0.247913 -0.92826 
1.57764 -0.756523 0.323609 
0.720359 -0.325099 -0.140355 
0.157531 0.0304753 0.512604 
-0.199125 0.221549 -1.06168 
0.300659 -0.555792 -0.355491 
0.689797 -0.217753 1.19466 
0.681631 0.0943418 1.65268 
0.262317 0.299874 0.373623 
0.553022 -0.505374 0.946506 
0.195767 0.344576 1.06175 
0.572868 -0.47767 1.02508 
0.415338 -1.28936 0.314171 
0.688549 -0.539934 0.498651 
0.682356 -0.746372 0.878025 
0.937796 -0.505105 1.01453 
0.467864 -0.0441556 -0.123252 
-0.014994 0.246825 -0.287013 
0.689925 -0.302503 -0.113187 
0.649253 -0.452403 1.40981 
-0.0301014 -0.604705 0.213453 
1.0186 -0.784712 0.279473 
0.614715 -0.614782 1.24587 
0.275979 -0.506967 2.26493 
0.545166 -0.649472 1.28098 
-0.150899 -0.206271 -0.596491 
0.650483 -1.24631 0.709419 
1.03603 -1.12582 1.97022 
0.504005 -0.210231 0.259543 
0.218201 0.183994 -0.267568 
0.151025 -0.564712 -0.766958 
0.163101 -0.586306 0.286387 
1.04593 -1.29172 0.383788 
0.742663 -0.468682 0.302279 
0.263421 -0.576363 -0.357013 
-0.489788 -0.75326 -1.11729 
0.0675608 -0.579407 0.491221 
0.169391 -1.11373 -0.421515 
0.260958 0.173331 -0.795444 
0.725226 -0.7647 1.00653 
1.12643 -0.628894 1.946 
0.889796 -0.537872 1.18467 
0.751171 -0.385457 1.67062 
0.21261 0.651398 -0.888201 
0.0981083 0.299548 -0.496266 
0.0518172 0.755988 -0.7018 
0.302763 0.0815226 1.74363 
0.819934 -1.30343 1.92389 
0.20663 0.0560544 0.576087 
0.720457 -0.516278 1.70059 
0.318231 -0.518891 1.33502 
-0.155457 0.242271 -0.338067 
-0.667949 0.439902 -0.287362 
0.340703 -0.0421125 0.957904 
0.545163 -0.868521 1.56532 
0.434639 0.0397457 1.23256 
0.465115 -0.0120305 0.321045 
0.0131868 0.111804 -0.471472 
0.229598 -0.431707 0.411613 
0.155542 -0.046203 0.951298 
-0.0930412 -0.0755469 -0.440888 
0.269178 -0.21996 1.38338 
0.281532 0.216881 1.00996 
0.0671082 -0.72734 0.60013 
0.443255 -0.154345 0.747772 
0.0976429 0.239077 0.445517 
-0.415398 -0.366589 2.81641 
-0.55374 -0.0586117 0.515382 
0.176369 -0.38217 2.54365 
-0.44713 -0.801012 1.72509 
0.437886 -0.799754 2.25455 
0.127241 -0.200728 0.739008 
0.0812573 -0.284578 1.06368 
-0.455318 -0.290464 0.134646 
-0.238865 -0.439119 1.65088 
0.124496 -0.607373 1.77968 
-0.123514 -0.396786 -0.182411 
-0.077919 -0.417341 0.787409 
0.408752 -0.1379 0.720271 
0.275596 -0.229715 -0.160998 
0.440893 -0.398853 0.654909 
0.0123974 -0.593338 -0.730131 
0.343901 -0.517822 -0.150561 
-0.0636907 -0.0322142 -0.828533 
0.219508 -0.503146 -0.774481 
0.546732 -0.403728 -0.842557 
0.0878917 -0.224218 0.977579 
0.0325347 -0.422335 2.12678 
0.261776 -0.0313102 2.94407 
-0.264036 0.0688178 1.02153 
0.36072 -0.343545 1.09185 
-0.261515 0.179394 1.56573 
0.43641 -0.275039 1.6243 
0.159733 -0.136455 1.6036 
0.204822 -0.168963 0.277659 
0.0631826 -0.0509954 2.34172 
-0.37054 0.376116 1.42646 
0.386677 -0.118638 2.33964 
-0.289266 -0.0606957 3.54049 
0.0281532 -0.35703 3.67373 
0.101314 0.324207 0.542985 
0.157584 -0.294347 1.21182 
-0.0535062 -0.249386 1.3764 
0.148972 0.334123 0.333164 
-0.126644 -0.267565 1.74021 
-0.242918 -0.0630396 0.925161 
0.622472 -0.930698 1.33999 
-0.223695 0.306818 1.84472 
0.139964 -0.442719 2.19363 
-0.0802167 -0.117569 0.769199 
0.176266 0.221824 -2.11274 
0.0526882 0.227702 -2.21317 
-0.180723 -0.0105512 1.32118 
-0.178042 -0.132855 0.990252 
-0.134786 -0.0887772 -0.0509188 
0.104001 -0.592066 1.01461 
-0.0941314 0.396815 -0.207549 
0.90316 -0.740615 -0.245789 
-0.0784023 0.451442 -3.0088 
0.662961 -0.50264 0.193101 
0.819752 -0.188346 -0.154345 
0.37766 -0.501688 -0.568476 
0.327892 -0.509672 0.696704 
-0.585561 -0.00915228 -0.0553778 
0.309639 -0.908226 0.795915 
-0.579746 0.0617314 0.867921 
-0.547651 -0.0159129 -0.629794 
-0.197766 -0.0831505 0.69804 
-0.149521 -0.85398 2.13495 
0.58794 -0.116522 0.260174 
-0.670092 0.437147 -0.488754 
1.41689 -0.542167 0.789961 
0.571446 -0.644106 0.339574 
-0.199643 0.522911 -1.54109 
-0.260906 0.27545 0.52852 
0.528868 -0.254092 1.43926 
-0.0105622 0.126178 0.230573 
0.01357 0.28483 0.966184 
1.06495 -0.0720531 0.944129 
0.781004 0.277124 0.277 
0.912686 0.321753 -0.00322438 
0.502302 0.190578 0.555897 
0.0827693 0.141375 -0.887395 
-0.0889418 -0.440427 1.41226 
0.02435 -0.44041 0.283207 
-0.868043 0.372233 -0.738708 
-0.295767 0.615961 -0.070336 
-0.519855 0.687276 -1.50995 
0.0407898 0.773139 -0.00854796 
-0.263873 0.392387 0.273983 
-0.0197318 0.436563 -0.860605 
-0.731605 -0.137521 1.59519 
-0.852244 -0.471354 0.167904 
-0.361744 -0.8715 1.19061 
0.173509 -0.258188 0.274583 
-1.10318 -0.614384 1.35201 
0.431534 -0.32584 0.0994146 
0.468511 -0.175073 -0.621926 
-1.5559 -0.328275 -0.589326 
-0.190849 0.296307 0.333508 
0.216767 0.016955 -0.596852 
-0.267416 -0.0621133 0.141215 
0.588338 -0.258024 0.520019 
0.4715 -0.105814 0.267139 
0.402336 0.162452 1.60124 
0.176617 -0.372251 0.575578 
0.0498554 -0.827183 -0.564722 
-0.125398 -0.473211 0.906749 
-0.189236 -0.489936 0.370624 
-0.470365 -0.865062 0.409742 
0.214789 -0.348197 1.28401 
0.234279 -0.430414 1.30279 
0.22358 -0.670913 -0.1352 
-0.183974 -0.218726 -0.177681 
-0.054817 -0.67686 0.862641 
0.129381 -0.441306 -0.32835 
0.157096 -0.288423 0.0751686 
0.154377 0.0356179 -0.44849 
0.444691 -0.157728 -0.930527 
0.111085 -0.277815 -0.75775 
0.359674 -0.0309618 -0.270606 
0.114354 0.340775 -0.240118 
0.085938 -0.637073 0.188581 
-0.0331315 -0.121495 -0.416015 
-0.0485037 -0.620777 1.86645 
0.436222 -0.140832 -0.685966 
0.277698 0.176786 -1.57273 
0.543558 0.101399 -0.291979 
0.13653 0.145529 -0.0167692 
0.479027 1.02166 -2.28687 
0.508177 0.489533 -1.61175 
0.613681 0.560408 -0.816212 
0.833473 1.05437 -1.09595 
0.68577 0.301592 -1.67793 
-0.407635 -0.609279 1.06815 
0.108099 0.232323 0.532009 
0.12021 -0.190107 0.544895 
0.289547 -0.00783032 0.264019 
0.396019 0.277455 0.767441 
-0.210785 -0.393501 0.511326 
-0.388625 -0.844937 1.87149 
-0.0569119 -0.352675 -0.0215492 
-0.364457 -0.0587202 1.09432 
-0.150959 -0.350922 0.656335 
0.340272 0.0430501 -0.0612516 
-0.349138 -0.81626 0.0895871 
-0.0110717 0.633517 -0.727169 
-0.246157 -0.121771 0.0667346 
0.913121 0.665863 -0.54772 
0.377608 0.189659 -0.743041 
0.919908 0.102062 0.0575758 
0.679229 0.129078 -1.00067 
0.52729 -0.595623 0.0406501 
0.959492 0.386949 -1.115 
0.285649 -0.172746 -1.45437 
0.267826 0.325884 -1.47367 
0.188268 -0.296886 1.4893 
0.959159 0.398294 -0.181525 
0.116505 -0.126101 1.47895 
0.441696 -0.365222 0.598074 
0.110458 0.192303 0.11946 
0.104536 -0.16054 0.128721 
-0.200106 -0.655327 -1.05987 
0.370803 0.313317 -0.159754 
0.326246 0.8326 0.707041 
-1.07939 -0.396569 -0.304565 
0.415254 0.506568 1.27636 
-0.203141 -0.0763158 -0.0205951 
0.275413 0.175163 0.0312145 
0.630825 0.411658 2.7268 
0.0951415 0.0465762 2.83047 
0.59541 0.780696 0.0467891 
0.686516 0.39169 1.08747 
0.341444 0.267931 0.614532 
-0.280388 0.0145526 1.93387 
-0.30083 0.431673 0.274147 
0.13978 0.155625 2.02386 
-0.227518 0.147698 0.678524 
0.332596 0.407442 3.16015 
0.291268 0.181707 1.42021 
0.597795 0.833089 2.41513 
0.869793 0.908522 2.15126 
0.0645932 0.17806 0.91833 
-0.737979 -0.215401 -0.155024 
-0.436806 -0.185262 -0.627443 
0.111441 0.460391 1.16459 
0.308302 0.0024082 0.790163 
-0.0176278 -0.0131453 1.8196 
0.108706 -0.400184 0.496406 
0.498104 0.227486 1.48425 
0.624418 0.4639 0.56709 
0.492746 0.134804 1.30487 
0.324945 -0.245124 0.878717 
0.895679 0.389567 2.76598 
0.57996 0.614795 1.0748 
0.396489 0.941509 1.76507 
0.376798 0.767603 2.5593 
0.440469 0.2208 0.611928 
0.506721 0.345064 1.26232 
0.508302 0.462703 2.12209 
0.0615854 -0.139892 0.609317 
0.483225 0.537435 1.23915 
1.19487 0.577448 2.73747 
0.915893 0.513186 2.97949 
0.253441 0.119263 1.0317 
0.193076 -0.214665 1.4971 
0.174692 -0.0455768 2.33124 
0.551957 -0.167449 1.69949 
0.854763 0.396543 1.98864 
0.135793 -0.481908 0.450408 
0.353157 -0.64043 0.741548 
-0.271585 -0.0463536 0.250605 
0.278745 0.191879 1.64136 
0.526882 0.158011 1.69569 
0.74266 0.558557 2.19218 
0.427122 -0.0160806 1.23321 
0.22213 0.370569 1.3315 
0.471593 0.622944 0.408799 
0.353443 0.425574 2.04711 
0.319998 0.363516 0.791588 
0.581344 0.563193 2.47575 
0.347986 -0.203918 1.91428 
-0.134007 0.164926 1.4535 
-0.0130194 0.328214 1.5273 
0.0533967 0.317169 1.61811 
0.35043 0.377935 2.95084 
0.318998 -0.368227 0.83962 
0.66544 0.570789 2.29852 
0.641346 0.50002 1.72608 
0.71617 0.733741 1.92573 
0.686983 0.873659 1.10864 
0.585124 0.216359 1.08171 
0.293484 -0.0697497 1.53729 
-0.211861 0.418039 -0.234558 
0.254084 0.166965 0.844488 
0.417835 0.3683 1.90677 
0.523468 0.556285 0.800285 
0.700643 0.257113 1.37935 
0.397178 -0.334735 0.707561 
0.282648 -0.0107866 1.82113 
0.198462 0.248871 0.606372 
0.47708 -0.170356 0.531159 
0.420935 0.637299 2.6334 
0.854777 0.662581 2.30507 
0.00913056 -0.357795 1.39188 
-0.131135 -0.123432 0.908416 
0.732321 0.296548 0.330476 
0.215902 0.432319 -0.30349 
0.446301 -0.0472555 0.71257 
0.466685 0.0162518 1.45084 
0.313149 -0.0107139 1.3207 
0.0600509 -0.120732 0.296719 
1.56627 0.0281457 -1.15298 
-0.0155969 -0.438769 0.395037 
1.43307 0.091854 0.64466 
0.254613 -0.463024 0.434341 
0.567773 -0.110411 0.691613 
0.2318 0.181436 -0.311209 
0.376888 0.315642 0.406193 
0.27754 -0.242156 0.328273 
0.787596 0.359165 -0.753711 
0.0584437 0.126282 0.835929 
0.806998 -0.155782 0.203169 
-0.442029 -0.161233 1.11314 
0.889119 -0.349037 -0.166756 
1.05379 0.12314 -0.621952 
0.32208 -0.104999 0.449366 
0.401633 0.00256046 0.0259459 
-0.218989 0.212282 -0.308533 
0.130994 0.427321 -0.453394 
-0.620652 -0.0634097 0.768158 
0.291478 0.28639 -0.506202 
-0.823152 0.392924 0.313264 
-0.0632156 -0.00290885 -0.385922 
0.186879 0.130158 1.03505 
0.422922 0.33396 -0.0716933 
0.464826 0.507201 0.366027 
1.49281 0.929196 -1.11809 
0.545437 0.288869 -0.701038 
0.687896 0.77738 0.0949469 
0.171338 0.380626 1.92073 
1.23107 0.502339 0.488312 
1.02738 0.2026 2.15121 
0.687763 0.176883 1.79319 
0.717145 0.478987 -1.06252 
0.00013958 0.0689885 1.47519 
0.58086 0.317739 1.10726 
0.441519 -0.134501 1.08166 
0.592751 0.284945 0.547703 
0.625733 0.248448 -0.8591 
0.680956 0.522539 -0.0616326 
0.227649 -0.248793 1.05695 
0.202042 -0.06771 1.96526 
-0.918736 -0.551448 0.204162 
0.645636 0.00601118 -0.540608 
0.0953887 -0.0821692 0.43811 
0.925079 0.283072 0.67686 
0.881815 0.148884 0.0784526 
0.82301 0.125979 1.58966 
0.432878 -0.0342684 0.370763 
0.665677 -0.0644557 0.589363 
0.690567 0.236817 0.120466 
0.424846 0.121913 0.685107 
0.378165 -0.145492 0.66364 
0.85564 0.373373 0.809077 
0.281622 -0.164769 -0.447721 
0.632131 0.23419 0.086009 
1.40618 0.134209 1.38777 
0.276237 -0.0554997 -0.716837 
0.626127 0.0944307 0.0863884 
0.380085 -0.146484 -0.247121 
0.467669 0.0285018 0.188287 
0.86589 -0.263809 -0.348006 
0.590832 -0.0516152 1.21717 
0.33508 0.149391 1.06006 
0.402676 0.363924 0.24624 
0.157247 -0.0597964 0.649944 
-0.871466 -0.209728 0.574976 
-0.843341 0.231394 0.916557 
0.118589 0.222508 0.0224382 
0.264966 0.010395 1.95588 
0.624209 -0.00455115 1.69056 
0.511822 0.373153 1.91613 
0.301397 0.113104 0.263606 
0.235396 0.00176983 0.0851858 
-0.158057 -0.233127 0.164539 
-0.445251 -0.13223 0.754347 
-0.0595373 0.234601 0.0840353 
-0.21403 0.157955 0.468937 
0.310913 -0.248885 1.46626 
-0.0713325 0.0899438 0.745052 
0.305272 0.198046 1.10364 
-0.142481 -0.258087 1.64039 
-0.494396 -0.226476 -0.807633 
0.0614867 -0.0624136 -0.177506 
0.211719 -0.0593924 0.569621 
0.258571 0.863284 1.09649 
0.657674 0.272439 0.522577 
0.545472 0.382185 1.08548 
0.323432 1.26884 -0.17702 
1.15054 0.676374 2.52809 
0.156525 -0.239397 1.57267 
0.00710162 -0.0549132 1.02144 
0.67754 0.0810977 1.71961 
0.409826 0.115665 1.01201 
0.20111 0.263926 -0.0214315 
-0.089857 0.11033 1.36082 
-0.0642399 0.122451 -0.255807 
0.497601 0.380868 1.35277 
0.777498 0.251451 1.00884 
0.681529 0.962663 -1.84629 
0.650257 0.131436 0.189348 
0.238089 -0.199273 0.869577 
0.442456 -0.293785 -0.270372 
0.680706 0.374255 0.542123 
0.125786 0.0435872 -0.488884 
0.300311 -0.12764 0.0035102 
0.777008 0.4111 0.632689 
1.05267 0.336976 0.506499 
0.616869 0.342227 -0.109794 
1.1956 -0.510329 2.55518 
0.308032 -0.483401 2.52555 
0.128168 -0.692933 1.15395 
-0.434024 -0.40922 0.118529 
-0.338858 0.0984863 0.224574 
-0.143365 0.566945 1.04482 
0.247167 -0.0140125 0.790435 
0.59973 -0.0440252 0.609279 
0.10497 -0.195959 0.758888 
0.294576 0.113723 1.03261 
-0.425353 0.321388 -0.823248 
0.0741882 0.139782 0.968019 
-0.397346 -0.254772 0.0360017 
0.145119 -0.23119 0.402223 
-0.332449 -0.0157859 -0.887949 
0.218775 0.78559 -1.46476 
-0.394789 0.149203 1.07835 
0.548926 0.556794 0.149578 
-0.025194 -0.148458 -0.00843457 
0.305754 0.251232 0.35838 
-0.630469 -0.296843 0.210477 
-0.68884 -0.36145 -0.484158 
0.0520775 0.223557 0.728328 
-0.0550108 -0.122516 0.560384 
-0.215574 -0.16835 0.0238419 
-0.524335 -0.0472067 -0.67269 
0.0330723 0.0754205 0.035813 
0.476941 0.125356 -0.00723295 
0.106098 0.315707 1.06461 
-0.242916 -0.143627 -0.432854 
0.274268 0.476623 1.21243 
0.139135 0.0209466 0.285618 
0.436285 0.308589 0.649335 
0.429756 0.0689879 0.716783 
0.313488 -0.333225 0.628146 
0.0955019 0.193749 0.329283 
-0.183724 0.374356 -0.281438 
0.522146 -0.177551 -0.158816 
0.394447 0.0439038 1.60316 
0.696666 -0.194262 0.181553 
0.927125 0.694593 0.574564 
1.15898 0.054658 1.72377 
0.121728 0.0823229 0.873325 
0.732244 -0.181745 -0.0321369 
0.642915 0.271013 1.58308 
0.304946 0.137114 0.427313 
0.0901307 0.306466 0.366133 
0.428382 -0.485054 0.763177 
0.162413 -0.500992 1.12712 
0.749706 -0.0487088 2.3095 
0.368105 -0.00228151 -0.307422 
-0.39503 -0.404835 -0.42668 
0.227897 -0.428983 -0.127143 
0.0076558 -0.126257 -0.303336 
0.528679 -0.0970505 1.46304 
0.263098 0.452031 0.275699 
0.159491 0.474755 -0.158407 
0.00388277 -0.503174 -0.807739 
0.0188524 -0.840403 -0.0670043 
0.49561 0.114046 1.30059 
0.183106 0.325584 0.922195 
0.112481 -0.668421 0.444735 
-0.0804062 0.116912 1.88063 
-0.374446 0.362445 0.187845 
0.119869 0.0251049 -0.130692 
-0.11013 -0.0720582 1.46698 
0.318405 -0.0115056 0.878862 
0.5116 0.0122518 0.224918 
0.25691 -0.0533258 0.637482 
-0.354889 -0.182605 0.301646 
-0.0285651 -0.495895 -1.19866 
0.476007 0.130845 0.250362 
0.540196 0.494774 0.676804 
0.178587 -0.156869 0.400968 
0.0383956 0.00194626 1.41619 
0.411317 0.242314 1.85949 
-0.524726 0.0806004 2.14756 
0.319469 -0.0588606 0.0828866 
-0.0472037 0.049745 2.3184 
0.508228 0.0576393 2.08914 
-0.0126227 -0.0319349 0.396501 
0.113317 0.192302 1.36057 
-0.0873827 -0.148817 0.0234426 
0.19587 0.123091 1.05575 
0.528766 -0.418987 1.20438 
0.102802 -0.296773 1.48535 
-0.00576625 -0.3763 0.730144 
0.655086 -0.114965 2.61757 
0.380499 -0.0172552 0.56679 
0.219013 -0.335968 0.446063 
0.916039 0.137409 0.452125 
0.684258 -0.0339607 0.653568 
0.54921 0.0269885 -0.0606405 
0.47219 0.399465 1.94171 
0.216264 -0.133501 1.22676 
0.388714 -0.159365 0.716524 
1.20864 -0.0910736 -0.501649 
0.413005 0.167899 0.912404 
0.433178 -0.346258 -0.676073 
0.0222438 0.266234 0.604551 
0.275138 0.521256 0.811079 
0.486609 -0.188812 0.640134 
-0.00246978 0.157815 -0.0326668 
0.572879 -0.0785475 0.982979 
0.32218 -0.659098 0.7151 
-0.103813 0.0485118 -0.177577 
0.438549 -0.253966 0.633682 
0.157032 -0.466272 0.810543 
-0.133533 -0.0318131 -0.450883 
0.770606 0.130531 0.522083 
-0.524649 -0.624178 -1.1077 
0.465535 -0.0660502 0.459878 
0.625502 0.519628 1.17029 
0.622599 -0.360798 0.410718 
0.517299 -0.0681302 -0.0965951 
0.0829917 -0.019369 0.570787 
0.262823 -0.297578 -1.43979 
-0.257617 0.131601 -0.567293 
0.520564 -0.472766 1.44498 
-0.109728 0.0559096 -0.694622 
0.65369 -0.433298 0.417988 
0.192782 0.160115 1.11048 
0.894221 0.00226655 0.453728 
0.346496 0.316143 -1.15627 
0.616098 -0.415158 -0.341469 
-0.18968 0.0608611 -0.22112 
0.381013 -0.37206 0.64327 
-0.0452468 -0.21494 -0.216556 
0.28614 0.451994 0.308727 
0.914769 0.14227 0.135229 
0.348854 0.0555776 0.361631 
0.2466 0.146075 0.183039 
0.417171 -0.218857 0.252157 
0.00864229 0.269313 0.565562 
0.40628 -0.00752057 -0.593859 
0.0191892 0.166335 -0.327014 
0.221545 -0.53601 -1.0587 
0.465478 0.259201 0.645696 
0.579398 0.00429217 0.863834 
0.443683 0.243561 0.795981 
0.819682 -0.327512 1.53513 
-0.111492 0.0483301 -0.764357 
-0.0281015 -0.133036 0.947794 
-0.331049 -0.0387876 0.0616649 
0.609155 -0.0839907 -0.748484 
-0.446641 0.27613 -0.957325 
0.68632 -0.382166 0.537376 
0.307474 0.0238908 0.518395 
0.0902324 0.118559 -1.35719 
0.0845513 -0.0179133 0.12214 
0.0967759 0.646124 0.0421586 
0.0176194 0.170305 -0.306405 
0.0529356 -0.286835 -0.0181442 
0.589769 0.329827 0.977938 
0.777931 0.326981 0.585841 
-0.203834 0.361696 0.595408 
0.812265 -0.105739 1.34815 
-0.296753 0.201537 -0.394291 
0.133354 0.0251044 0.83539 
0.469232 0.11286 1.27173 
0.0874818 -0.223749 0.776112 
-0.311934 0.465436 -1.12779 
0.602467 0.0541672 0.0791348 
0.165529 -0.338008 1.29267 
0.120891 0.381417 0.328595 
0.352063 -0.0525827 1.0017 
-0.036264 0.322588 -1.04248 
-0.00822512 -0.25933 0.454988 
0.35632 0.0348074 1.9308 
0.453188 -0.521827 0.440293 
0.156604 -0.228922 0.115789 
0.391148 0.179995 0.786162 
0.258683 0.006152 0.315194 
1.00543 0.0314285 1.38123 
0.145027 -0.0858661 1.51093 
0.216169 -0.13807 1.80144 
0.194804 0.213865 2.37741 
0.268426 -0.225791 0.780945 
-0.436303 0.190557 1.33317 
0.0277936 -0.352448 1.3076 
-0.203468 0.100483 0.69457 
-0.017897 0.171714 0.898152 
-0.0363046 -0.0127199 0.917291 
0.318627 -0.396817 1.38923 
-0.168513 0.146706 -0.213755 
0.0169596 0.336056 -0.575214 
-0.152534 -0.0896732 -0.0905652 
0.0615613 0.102812 -0.537801 
0.255502 -0.163188 1.08857 
0.234594 -0.133316 0.634271 
0.151469 -0.225648 0.310357 
0.000854541 0.157087 0.819563 
0.286555 -0.0723599 1.84388 
0.0625803 -0.375009 0.442738 
0.0826387 0.298769 -0.261839 
0.319532 -0.442114 0.770525 
-0.116738 0.574748 0.586705 
0.170768 -0.0851998 0.322706 
0.0100654 0.0852638 -0.169091 
0.121163 -0.339225 1.80848 
0.118939 0.318777 0.433835 
0.130143 0.139506 1.16287 
0.623193 0.268284 1.11584 
0.424317 -0.457636 1.30017 
0.475618 0.128765 1.67678 
0.244381 0.390193 -0.551084 
-0.233728 0.0354576 0.881769 
0.0258577 -0.0376513 0.235471 
0.30702 -0.0459045 0.240562 
0.052801 0.130631 -1.12762 
0.210247 0.722043 0.53466 
0.74457 0.400813 1.11306 
0.373985 0.175901 1.09138 
-0.219253 0.11553 0.284341 
0.164056 0.0567517 0.729944 
0.189093 0.033495 0.529687 
-0.0561381 -0.215545 0.426869 
0.335702 -0.352985 0.361856 
0.105649 0.29636 0.961612 
0.413169 -0.0345827 3.50364 
0.232113 0.0340015 0.277028 
0.328907 0.0715279 1.26977 
0.0883498 0.622904 0.305693 
0.112513 0.0841768 -0.111428 
-0.0368992 0.089942 0.488095 
0.435011 0.0359718 0.869766 
0.28215 0.37728 -0.0297463 
0.587796 -0.325741 0.573656 
0.415592 0.316132 1.56843 
0.305376 -0.0447365 1.10607 
0.563924 -0.0325343 1.48052 
0.687675 -0.345001 -0.0913783 
0.0630042 -0.326927 -0.224064 
0.392286 -0.374792 -0.303416 
0.359078 -0.0558158 1.03944 
0.502272 -0.464815 1.11431 
0.316189 -0.376818 2.74487 
0.520683 -0.524679 1.21349 
0.336278 -0.0685471 1.08643 
0.28673 0.315531 0.520243 
0.301565 -0.122886 1.39446 
0.207321 0.200006 0.602961 
0.39607 -0.276728 0.721827 
0.445099 -0.423365 0.0161345 
0.348357 -0.453078 1.05723 
-0.529436 0.10016 -0.109328 
0.00964164 0.0236525 -0.252816 
0.180875 0.208007 -0.239926 
0.500311 0.239453 0.531751 
0.663245 0.288703 0.374395 
0.535822 -0.232867 0.968353 
0.351729 0.394904 0.167838 
0.480784 0.090675 1.33247 
0.513168 0.449433 0.810991 
0.594501 0.16819 0.528795 
0.413991 -0.241028 0.962668 
0.678297 0.167323 0.264698 
0.563772 -0.308833 0.993563 
0.518332 0.608393 1.39235 
0.585031 0.0204606 1.41083 
0.00936839 0.280421 0.283353 
0.371575 -0.0640147 0.584239 
0.459367 0.445254 0.490331 
0.478499 -0.111429 0.974077 
0.52724 0.183556 -0.267401 
0.579371 0.0769381 0.355895 
0.572896 0.130683 2.70073 
0.309561 0.221288 1.13202 
0.549697 0.126303 0.717783 
0.232598 -0.76578 0.608293 
0.161997 -0.0416478 0.667239 
0.604059 -0.41955 0.287317 
0.224297 0.0692006 1.13867 
0.352009 0.284902 -0.688353 
0.307032 0.264458 1.24257 
0.0216719 0.762304 0.370672 
0.545138 0.494372 1.21719 
0.366427 0.261837 0.552133 
0.139328 0.0365198 -0.211381 
0.25412 0.4614 -0.745741 
-0.19742 0.173379 -0.00947954 
0.0738394 -0.0316368 0.490674 
-0.0564771 -0.207213 2.14669 
0.0807645 -0.175875 2.51913 
0.508347 -0.20792 1.19651 
0.367815 -0.0325965 2.25814 
0.365528 0.223539 -0.0356514 
0.579938 0.452754 1.54961 
0.672607 -0.243976 1.18838 
0.905124 -0.349693 1.43935 
0.0480483 -0.375285 -0.448476 
0.0151997 -0.231197 0.355236 
0.774031 -0.838687 1.80795 
0.579174 -0.253418 0.320184 
-0.052875 0.271562 -0.157591 
0.258313 0.557289 0.0499347 
0.222981 0.0180789 -0.516095 
0.309633 -0.43998 1.44268 
-0.0499858 -0.0714328 0.975199 
0.473247 0.0706501 1.20877 
0.0770589 0.353782 -0.541188 
-0.0256282 0.780514 0.229892 
0.226069 -0.0306674 0.62019 
0.217451 0.708668 -0.372397 
0.232726 0.0271326 0.158842 
0.189705 -0.0923939 -0.300126 
0.268795 0.369925 -0.679128 
-0.00897923 -0.0479268 0.231272 
0.0420824 0.168577 0.633661 
-0.00025678 -0.106276 -1.19579 
0.5828 -0.331669 0.9213 
-0.441156 -0.188621 -0.270763 
0.433979 0.395342 -1.5711 
0.262445 0.000464668 0.70285 
-0.00978666 -0.547859 -0.0167897 
0.308551 0.336218 -0.929626 
0.441742 0.901175 -0.868248 
-0.0673204 0.0861699 -0.246198 
0.0538688 0.424196 -1.10505 
0.182274 -0.212522 0.601058 
-0.260244 -0.237229 0.664189 
-0.253348 0.361301 -0.842739 
0.295632 -0.712888 0.701548 
0.0681477 -0.511896 0.496101 
0.251686 -0.391553 2.05486 
0.139718 0.0423217 1.45416 
0.261714 -0.399492 0.774505 
-0.153186 0.0322547 0.825032 
0.0535081 -0.422467 0.397557 
-0.217492 -0.505607 0.483522 
0.186975 0.0236773 1.6893 
0.0163349 0.000202012 -0.189393 
0.504434 -0.264321 2.40303 
0.333201 0.0391958 1.24131 
0.151822 0.24217 -1.52567 
-0.450176 -0.406632 -1.63263 
0.0503997 -0.406887 -0.737967 
-0.313933 0.0877371 0.603592 
-0.125509 0.181356 -0.599519 
-0.296802 0.29946 -0.661017 
-0.383104 -0.383827 -0.409076 
-0.477807 -0.185908 -0.921621 
0.0572872 0.487016 -1.35756 
-0.525102 0.552958 0.746569 
-0.033304 0.232008 -0.693765 
-0.25491 0.250137 -0.916368 
-1.17425 -0.5218 1.64036 
0.0014746 0.474025 0.346954 
0.228647 0.36131 -1.55635 
0.292236 0.128223 -0.0565126 
0.981763 0.0964666 -0.32628 
0.485234 0.21863 -1.92197 
0.695007 0.53264 -4.34913 
0.90738 0.352928 -3.87148 
0.565558 0.0598387 -1.66803 
0.615352 -0.353551 -0.232374 
0.477495 -0.460642 -0.574392 
0.339862 0.0780698 -1.41547 
-0.101646 0.57015 -1.31886 
0.453513 0.791217 -1.13906 
0.688411 -0.417468 -0.77757 
0.128269 -0.200939 0.049545 
0.322567 -0.651678 -0.433078 
0.18499 -0.412625 -0.0669709 
-0.0179687 -0.28831 -0.587987 
-0.00140094 -0.188752 0.251601 
0.728738 0.403798 -2.32926 
0.0165522 0.212918 -0.441417 
-0.0372156 -0.351377 -0.666431 
0.592182 -0.375968 -1.38303 
-0.190996 -0.477232 -1.14563 
0.335338 -0.0917511 -1.35703 
0.805549 0.0317405 -3.96449 
0.220791 0.430029 -1.98256 
0.525434 0.086663 -0.346102 
0.158658 -0.00125425 -2.22924 
0.626994 -0.266746 -1.5257 
-0.103613 -0.899742 1.04236 
-0.323819 -0.019873 1.19264 
-0.901276 -0.198928 0.589982 
-0.263114 0.032327 -0.0236443 
-0.616098 0.190551 0.547806 
0.017313 -0.492305 0.123513 
-0.122249 -0.589637 -0.471705 
-0.277445 -0.507507 0.827512 
0.278876 -0.266132 0.671311 
0.593604 -0.979311 0.269791 
0.69772 -0.264261 -1.1396 
0.629464 -0.31751 -0.284525 
0.343993 -0.797702 -0.287682 
0.607274 -0.86887 -0.749061 
0.222015 -0.821218 -0.193635 
-0.0453412 -0.716958 -0.574988 
-0.0902674 -0.561618 -0.494778 
-0.25192 -0.194898 -2.25224 
-0.00964513 0.763207 -0.383344 
-0.859235 0.414054 2.09954 
-0.180134 0.391352 0.845626 
-0.240946 -0.194929 -0.60622 
-0.0656724 -0.150606 0.547471 
-0.0080926 0.395314 0.377841 
0.22589 -0.254028 0.303126 
0.624622 -0.0993116 -0.67838 
0.813 0.233873 -0.833264 
0.497351 0.229039 0.750245 
0.713474 0.395143 -0.567634 
0.0376143 0.506451 0.693656 
0.177412 0.130707 -0.591279 
-0.273644 0.347201 0.375744 
-0.4522 -0.220426 1.66933 
-0.169654 -0.486211 0.472754 
-0.097137 -0.401778 0.73317 
-0.0824768 0.0338072 1.94636 
-0.654516 -0.657321 0.904274 
0.323836 0.320658 -1.22446 
0.249342 -0.13202 0.215824 
0.658536 -0.232905 -0.132275 
0.846602 -0.511375 0.642149 
-0.437241 -1.22182 0.790945 
0.0254578 -0.471098 -0.277257 
-0.0979639 -0.16656 -0.416705 
-0.28333 -0.157001 -0.100599 
0.548484 0.0775126 -0.49751 
-0.34916 -0.1709 1.18272 
-0.307181 0.248229 0.447043 
0.703678 0.176498 -1.26786 
1.16191 0.0138901 -1.84003 
-0.390486 -0.3992 0.456545 
0.105482 -0.63335 1.54654 
1.28723 -0.326139 -1.26898 
-0.346911 -1.09178 1.07205 
0.48648 -0.125448 -0.533667 
-0.10605 -0.254894 0.0688226 
-0.191582 -0.907852 0.190431 
-0.0715252 -1.10733 0.692173 
0.172263 -0.0339526 0.103516 
-0.623676 -0.447 1.12786 
0.108157 -0.271849 -0.7762 
0.868477 -0.106408 -1.72827 
-0.204286 -0.140687 0.200026 
-0.412821 -0.287653 1.53945 
0.190642 -1.22482 2.05356 
-0.381069 -0.23936 1.2355 
0.323844 0.283897 -1.79445 
0.475464 -0.0349239 -1.32974 
0.00990476 -0.18148 0.0782108 
-0.0941899 -0.0753355 -1.25958 
0.353624 0.0258884 -1.00228 
-0.620968 0.0106801 1.18597 
-0.0294836 0.193851 -1.82748 
0.390944 0.503819 -0.537783 
0.31497 0.0301771 -1.5525 
0.430122 -0.30379 -0.020978 
-0.3177 -0.891754 1.04985 
-0.348098 -0.619379 0.489302 
0.786556 0.236108 -0.779113 
0.339521 -0.37355 -0.31474 
-0.54388 -0.128054 -0.757517 
-0.704824 0.193929 0.935234 
0.147296 -0.504805 -0.184771 
-0.00378932 -0.206392 -0.382433 
0.0229133 -0.653989 0.661609 
-0.0659572 -0.184897 -1.4123 
0.414488 0.0750429 -1.60861 
0.20026 -0.305051 0.396696 
0.032354 -0.633155 0.243066 
0.279201 -0.67456 -0.0597003 
-0.292607 -0.537651 -1.85724 
0.370343 -1.05815 -2.1311 
-0.754906 -0.844835 0.591113 
0.619167 -0.208135 -0.958592 
-0.500987 -0.365041 0.933135 
-0.0252714 -0.0571902 -0.336174 
-1.18458 -0.3106 2.24508 
-0.410285 -0.444441 0.433195 
0.465415 0.0189729 -0.152818 
0.295352 -0.180571 -1.21948 
0.637669 -0.866279 -0.615015 
0.520028 -0.565752 0.16597 
-0.165293 -0.819016 0.276323 
-0.624516 -0.345909 -0.612687 
-0.0297979 -0.576151 -0.1595 
-0.133114 -0.875624 1.77334 
-0.0431053 -0.961145 0.00329799 
0.204931 -0.64708 -0.622067 
-0.706355 -0.530312 0.38502 
-0.17491 -0.149493 -0.386638 
-0.570961 -0.661665 0.409962 
-1.27608 -0.410768 -0.216605 
-0.0155792 0.0831483 -0.728496 
1.00245 -0.501002 0.366863 
0.142407 0.0634081 0.415835 
-0.4346 -0.0159666 0.0720042 
-0.328922 -0.0461069 -1.21596 
0.114302 -0.242856 -0.396995 
0.627925 -0.0903701 -1.55721 
0.4987 -0.51491 -0.376877 
0.377032 -0.390241 -0.305571 
0.504704 -0.495054 -2.13072 
-0.348755 -0.383681 -0.599151 
0.591918 0.121778 -0.213921 
0.258501 0.172601 -0.889112 
0.53237 -0.51786 -1.5918 
0.371431 -0.73054 -0.997955 
0.387446 -0.409087 -1.96271 
0.4002 -0.7803 -1.66515 
-0.25575 0.275017 -0.22065 
-0.374317 0.515413 -1.13147 
-0.340819 0.795051 0.0954432 
-0.547346 0.687714 0.794365 
-0.354693 -0.0873805 -1.49141 
0.136266 0.0350953 -0.778038 
0.255675 0.108485 -0.534642 
-0.0143739 -0.499079 -1.37426 
0.334167 -1.15279 -1.5405 
-0.0313791 -0.800918 -1.48925 
0.301775 -0.65014 -1.05919 
0.00550631 -0.230294 -0.715709 
-0.0483062 -0.179779 -1.56567 
-0.391417 0.0733005 0.715279 
-0.0628344 0.030805 -1.52176 
-0.523842 0.344513 -1.43272 
0.433002 -0.165507 -0.841484 
0.844894 -0.622664 -0.354508 
0.159903 -0.485934 0.223639 
0.162253 -0.502604 -1.74895 
-0.335777 0.654741 -0.743079 
-0.727558 0.579935 1.0647 
-0.823665 0.639225 1.56626 
-0.813047 0.621241 0.450336 
-0.510153 0.709701 0.832882 
-0.647102 0.119887 0.347434 
-1.04435 0.518532 -0.331653 
-0.145339 0.685761 1.88809 
-0.666252 1.19743 1.17757 
-0.431183 0.212624 1.06776 
-0.810916 0.579383 0.359139 
-0.609623 0.528621 0.307639 
-0.843416 1.06791 0.432232 
-0.783662 1.27515 -0.106345 
-0.610876 0.806329 0.363117 
-0.402723 0.239286 -1.07274 
-0.17429 0.68451 0.781089 
0.0928922 0.742558 0.0427812 
-0.299534 0.675844 -0.402704 
-0.695917 0.446442 -0.0454156 
-0.907854 1.24133 0.428774 
-0.832192 0.871411 -0.204301 
-0.308885 0.715541 1.33726 
-0.789298 1.29749 0.323075 
-0.270484 0.490555 1.38614 
0.333938 0.146081 0.890517 
-0.419181 0.80706 -0.207182 
-1.06405 0.828121 0.454485 
-0.796148 1.14356 2.28028 
-0.864654 0.870385 0.869203 
-0.264618 0.30383 0.518654 
-0.24491 0.21665 0.0472276 
-0.485043 0.414798 0.606626 
-0.432605 0.865489 1.35882 
-1.02673 0.829679 1.26304 
-0.96157 0.542583 -0.0774074 
-0.157506 0.098525 1.26119 
-0.281853 0.521651 1.17132 
-0.137215 -0.143905 -0.822019 
-0.190862 -0.244067 -0.664836 
-0.436469 -0.0363758 0.399976 
0.200809 -0.417555 1.37435 
-0.0511105 -0.73477 1.39908 
-0.376673 -0.241971 0.0284553 
-0.283473 -0.177947 1.5311 
-0.424538 0.0152847 0.0757159 
0.323226 0.22362 1.03707 
0.000860545 -0.641952 0.277794 
-0.36937 -0.0223773 -0.0632683 
-0.396897 -0.193158 0.27073 
-0.189761 -0.463792 0.363066 
-0.168643 -0.389408 0.927807 
-1.00234 -0.0141551 0.895612 
0.152952 -0.542731 0.368318 
-0.474913 -0.460759 0.197095 
-0.015536 -0.279882 1.08238 
-0.650121 0.319823 1.01722 
-0.544451 0.395564 0.74715 
-0.9825 0.460418 0.996862 
-0.979656 -0.0620812 1.68171 
-1.22009 0.390138 0.359006 
-1.53447 -0.0125812 0.498525 
-0.858124 0.071266 0.0201649 
-0.5262 -0.0976281 1.38474 
-0.334635 0.509171 0.70535 
-0.484968 0.0212959 0.771007 
-0.146666 0.342507 1.25509 
-0.43257 0.522103 1.19962 
-0.533409 0.366607 0.888514 
-0.431178 0.880765 -0.255868 
-0.351071 -0.00573 1.23643 
-0.735803 0.0132422 1.29286 
-0.303936 -0.0135352 1.71409 
-0.494812 0.672826 -0.0942901 
0.253472 0.0845561 1.22329 
0.191751 0.8247 0.616199 
-0.564892 0.286958 0.990997 
0.0192765 0.380672 2.19156 
-0.131411 -0.0270127 1.60562 
-0.276223 0.541615 0.555769 
-0.193331 0.240907 0.309812 
-0.0260413 -0.271319 0.17551 
-0.202288 0.132172 0.898973 
-0.325975 0.370564 1.41259 
-0.485395 -0.272212 0.562554 
-0.194529 -0.0345146 1.14468 
-0.220053 -0.0744773 1.75913 
-0.749832 0.923911 0.53173 
-0.849728 0.248346 0.760163 
-0.463718 0.0286847 0.987136 
-0.344823 -0.133685 -0.786106 
-0.342494 0.151754 0.0181388 
0.46396 0.115356 2.82659 
-0.343225 0.569236 1.16826 
0.333969 -0.190202 1.64046 
0.0689169 -0.779092 0.305261 
0.00117018 -0.279947 -0.17784 
-0.194684 0.0506709 -0.266424 
-0.143026 -0.122083 0.0779714 
0.12812 0.132529 -1.05711 
0.438434 -0.0771468 -0.0352147 
0.122436 -0.00191407 1.57599 
0.0409121 -0.399839 1.17281 
-0.174254 0.13736 0.500738 
-0.00483917 0.0647163 -0.657121 
0.326318 -0.222161 2.30695 
0.484666 -0.22924 2.1082 
0.475021 -0.257293 0.881513 
0.0874855 -0.381458 0.0367473 
-0.0764432 -0.143202 0.775779 
0.152103 -0.101358 1.43908 
0.502076 -0.414901 1.58236 
0.49428 -0.288388 1.56428 
-0.21121 0.175573 2.21941 
0.131301 0.278668 1.59063 
0.351957 -0.243284 2.00926 
-0.186945 0.00707506 1.58622 
0.68622 -0.0888957 2.95027 
0.31998 0.377732 3.24091 
0.375171 0.636271 3.36989 
0.475283 0.298455 2.23445 
0.0883247 -0.00781083 2.24258 
0.291233 0.0729374 4.57275 
0.230253 0.121928 2.84195 
0.0610585 -0.25329 2.6106 
0.0179068 0.24952 2.86154 
-0.272814 -0.105597 2.92051 
-0.183239 0.235433 3.77173 
0.515498 -0.15674 1.06212 
-0.0797009 -0.416689 0.908326 
0.671553 -0.465732 1.4922 
0.627866 -0.510555 0.795335 
0.637143 -0.507879 -0.414765 
-0.0395105 -0.210351 -0.982145 
1.06829 -0.0251552 1.53884 
0.903915 -0.0362035 2.73988 
0.704272 0.299945 1.2308 
0.315947 0.338661 0.450106 
-0.320359 0.0836496 -0.168343 
0.232035 0.212657 0.585885 
-0.374472 0.0586125 -0.831431 
0.269676 -0.236171 -0.0409973 
0.166052 -0.411722 1.12109 
0.209596 -0.246844 0.791299 
-0.47952 0.0642178 -0.826376 
0.440404 -0.306894 -0.53278 
1.1085 -0.356799 1.15767 
-0.0250239 -0.340804 0.408895 
-0.394103 -0.334072 -1.31472 
0.892534 0.0989832 -0.45116 
0.449942 -0.323406 0.316568 
0.450657 0.316429 -0.183067 
-0.16343 0.167008 -1.91438 
0.90224 0.0457445 -1.16217 
0.65169 -0.0955913 0.503909 
1.6571 0.0635099 1.34262 
1.08116 -0.0336848 0.791522 
-0.407768 -0.588569 -0.387232 
0.622882 -0.498882 0.164165 
-0.159887 -0.747618 -0.37081 
-0.171976 -0.84902 -0.30797 
0.399964 -0.934396 -0.16628 
0.603464 -0.569312 -0.618376 
0.439284 -0.0359112 0.0104627 
0.597278 -0.230632 0.471235 
0.00136809 -1.14372 2.32766 
-0.166139 -0.755969 2.15002 
0.172221 -0.199296 1.27961 
0.713867 -0.193399 1.62358 
0.127672 -0.779738 1.08092 
0.481316 -0.59115 0.877472 
0.116769 -0.753243 1.39811 
-0.610558 -1.40899 5.57573 
-0.792768 -1.80426 3.98718 
0.390486 -1.62696 3.71381 
0.0518906 -1.38746 3.37172 
0.426835 -0.974224 1.44774 
0.228509 0.200871 -0.136826 
0.410022 0.0735254 -1.1577 
-0.442793 -0.356028 0.949431 
0.798177 -0.0469784 0.246963 
0.173316 -0.330668 0.909017 
0.509556 -0.590253 1.06453 
0.721356 -1.01075 1.30635 
0.330482 -0.893232 1.87863 
0.829414 0.659966 -1.03419 
0.481284 -0.459702 1.49519 
0.828383 0.782623 -3.02572 
0.558057 -0.89791 1.8186 
0.061879 -0.307418 -0.830284 
-0.055503 -1.14516 1.76426 
0.376282 -0.373406 -0.110184 
0.210241 -0.475162 -0.48669 
0.104728 -0.707671 1.10386 
-0.0735107 -0.123879 -0.393961 
-0.420118 -0.902518 0.675273 
0.67226 -0.258855 0.0230594 
0.262188 -0.736625 1.19926 
0.251823 -0.529819 1.72634 
-0.135998 -0.967409 0.796955 
0.499937 -0.862218 -0.196997 
0.211314 -0.564159 0.296152 
0.887587 0.407728 -1.15963 
0.315586 -0.500072 0.343606 
0.508388 -0.966662 0.570921 
0.985005 0.099649 -0.238664 
0.350096 -0.531587 -0.08148 
0.156522 -0.17212 0.439531 
0.296082 -0.706513 0.0986869 
0.247939 -0.845943 1.44908 
0.662232 0.0364726 -0.00604809 
0.927834 -0.348964 -1.28465 
0.777912 -0.0511483 1.13115 
0.436473 0.12074 -0.832398 
0.312734 0.127631 0.186903 
-0.270549 -0.353256 0.748551 
0.256068 -0.279759 -0.101303 
-0.465132 -1.59734 1.6883 
0.0519269 -1.15902 0.244595 
-0.0864287 -0.844758 0.463383 
0.0412555 -0.547245 0.585474 
0.175734 0.0210687 0.257565 
0.467977 -0.450837 0.328864 
-0.341608 -0.274068 0.852658 
0.16439 -0.999208 0.0621077 
0.237593 -0.150733 0.35913 
0.496729 -0.0924438 0.0492014 
-0.00400227 -0.753942 1.78569 
-0.103878 -1.15244 2.18326 
-0.268289 -0.0340147 0.754846 
0.364345 -0.138027 -0.503673 
-0.481811 -1.08903 0.877172 
-0.250338 -1.28828 3.00244 
0.794284 0.386467 -0.334748 
0.605568 -0.348829 0.170358 
-0.287751 -1.22919 0.410074 
0.0612115 -0.751146 1.05978 
0.0270883 -0.140541 1.33191 
0.0203935 0.258019 1.64618 
-0.13359 -1.02398 0.987107 
-0.00882323 -0.648427 0.0967972 
-0.720166 -0.123651 1.20626 
0.262315 -1.15378 -0.415508 
0.101177 -0.158184 0.730473 
0.391734 -0.0912662 -1.1307 
0.0205433 -0.509629 -0.10592 
-0.212498 -0.547432 1.64652 
-0.0518756 -1.17659 0.727334 
0.310821 0.298315 0.332928 
-0.18779 -0.65466 2.50426 
0.0679123 0.246217 0.618691 
0.0753144 0.196682 1.79653 
0.386629 -0.167041 0.0653656 
0.0785109 0.158471 1.1334 
0.44962 -0.675939 1.41174 
0.337625 -0.507201 -0.931226 
0.164745 -0.230354 1.38897 
0.26411 -0.652442 0.293282 
0.271715 0.0167369 0.531011 
0.930946 0.0109129 -0.617991 
-0.262295 -0.107913 2.55733 
0.529355 0.439919 1.4139 
0.393522 -0.540518 -0.634355 
0.478925 -0.648683 0.0324545 
-0.620788 -0.685411 2.09371 
0.241128 -0.033784 0.497697 
0.239873 -0.0377948 0.355879 
-0.213095 -0.27638 0.790162 
0.013358 -0.483731 1.48473 
0.00754883 -0.580514 3.40428 
0.330667 -0.310919 0.00738634 
0.544644 -0.365356 1.30085 
0.42418 -0.402686 -0.854677 
0.679521 0.212185 0.613753 
0.822118 0.309108 0.37722 
-0.337496 -0.220569 0.831968 
0.297105 -0.254544 -0.0706341 
0.083158 0.868619 -0.082926 
0.443634 -0.543164 1.76515 
0.217658 -0.0807866 1.22774 
-0.162187 -0.579599 0.794328 
0.2762 0.467545 0.387102 
0.813049 0.730127 -0.548212 
0.485082 0.118632 0.407626 
-0.0952037 -0.16003 0.611477 
-0.0407367 -0.16524 1.79002 
-0.105468 -0.39564 1.772 
0.0410057 0.344037 0.502738 
-0.114397 -0.451106 0.829727 
0.400923 0.00200746 -0.235505 
-0.350447 -0.940937 0.737937 
0.187272 0.182515 0.893498 
0.753406 -0.372877 0.0917976 
0.518146 -0.283449 0.410956 
0.0908171 -0.0401155 0.642814 
1.08801 0.277273 -0.716727 
0.496094 -0.908853 -0.761543 
0.158421 -0.169778 0.499192 
0.520215 -0.606176 2.31525 
0.189771 -0.924709 1.36046 
0.312851 -0.327526 0.500756 
0.173796 0.00472195 1.52355 
0.53713 0.478895 -1.60096 
0.664252 0.245741 -0.335625 
0.149339 -0.862805 1.88151 
0.475244 -0.0329765 -1.72796 
0.179189 0.136812 0.496787 
0.414341 -0.668242 1.17858 
0.362874 -0.254923 0.186389 
0.232923 0.0828738 -0.280472 
0.0674381 -0.462418 0.450309 
0.644631 0.191593 -0.216127 
0.193079 -0.305646 -0.356766 
0.366872 -0.177787 2.86936 
0.00428558 -0.290538 4.96894 
0.0621031 0.036519 0.86735 
-0.293645 0.370566 2.95262 
0.321833 0.179418 1.35655 
0.412536 -0.17055 2.14819 
0.549695 -0.13315 2.50245 
0.701662 -0.458467 2.42194 
0.403918 -0.0882025 0.721626 
0.154014 0.00627845 1.38014 
0.203 -0.458673 0.970935 
0.372743 0.397015 -0.795332 
0.640131 -0.707603 1.22059 
0.61624 -0.389444 1.17251 
0.514067 -0.289364 1.23365 
0.210248 -0.536855 0.471622 
0.193508 0.132043 -0.670458 
0.582695 0.120016 2.35599 
0.559244 0.199515 1.73067 
0.539261 -0.409598 1.09249 
0.637054 -0.311113 -0.418088 
0.472531 -0.691389 3.87468 
-0.118825 -0.105456 1.27074 
-0.1436 0.489969 0.693846 
0.283802 -0.30832 0.769403 
0.522395 -0.17282 2.28834 
0.531449 -0.464442 1.7255 
0.595314 0.47287 1.27767 
0.654715 -0.639868 2.99971 
0.189036 -0.066748 1.52723 
0.227986 -0.138325 1.80664 
0.228846 0.0989161 1.24472 
0.55858 -0.118211 0.240889 
0.645495 0.355223 1.88609 
0.449799 -0.33016 0.847928 
0.944596 -0.128803 2.20823 
0.26025 -0.398382 0.971598 
0.537594 -0.590402 1.37677 
0.362731 -0.153805 2.3159 
0.421364 0.0709818 3.28377 
0.369749 -0.607783 1.69754 
0.814368 -0.340904 2.4484 
0.344994 0.100999 0.274339 
0.771577 -0.283511 2.50779 
0.806909 -0.294854 2.18059 
0.878235 0.0091917 1.98287 
0.467123 -0.154337 1.02274 
-0.411433 0.0152281 -0.655257 
0.401927 -0.257275 1.421 
0.633795 -0.0618298 0.980223 
0.294763 -0.219203 1.0748 
0.0533144 -0.333964 0.522046 
0.0979725 0.311411 2.23831 
0.789331 -0.559589 2.91616 
0.0719589 -0.259495 2.3574 
0.576034 -0.53202 2.66386 
0.501787 -0.439797 2.24194 
0.0113068 -0.209171 -0.04353 
0.708272 -0.516697 2.47512 
0.264675 -0.0323493 0.835756 
1.07622 -0.461943 1.38179 
0.657941 -0.526366 0.284669 
0.630535 -0.171516 2.54293 
1.07453 -0.468137 2.8789 
0.67823 0.0679892 0.764639 
0.707253 -0.13609 2.87987 
0.40932 -0.085712 2.46159 
0.579353 -0.368208 1.35638 
0.687553 -0.247773 2.02869 
0.765654 -0.528003 2.18611 
0.624489 -0.210833 0.515781 
0.893579 -0.554567 1.90985 
0.410849 -0.409456 0.931365 
0.995557 -0.431008 2.13061 
0.65858 -0.334531 1.28718 
-0.0966503 -0.214792 1.67808 
0.97205 0.420814 0.883637 
0.547386 -0.323626 1.16827 
0.276797 0.0120063 1.24514 
0.6159 -0.068924 1.19475 
0.207086 -0.0838422 2.03351 
0.753654 -0.221182 -0.135375 
1.26278 -0.44044 2.15214 
0.706732 0.0235245 0.915455 
1.29715 -0.15361 1.19929 
0.635065 -0.443251 1.67274 
0.0303497 -0.536003 -0.382683 
-0.0828143 -0.167018 0.588997 
1.00205 -0.130404 0.868977 
0.618537 0.255919 -0.83598 
0.233678 -0.0596831 -0.492858 
-0.54674 -0.54937 0.902155 
0.844859 0.269495 -0.962247 
0.839936 -0.197954 -0.701856 
-0.106165 -0.500007 0.823198 
0.264964 -0.349737 1.39301 
0.0546149 -0.366511 1.66625 
-0.143301 0.0619054 -0.104794 
-0.338665 0.0591313 0.69317 
0.591171 0.0545812 0.0184594 
0.351875 -0.363913 0.0203591 
0.139359 -0.808193 0.479048 
-0.0694604 -0.522716 0.0624893 
0.265208 0.315825 1.78058 
-0.553084 -0.0825381 1.29629 
0.0844654 -0.986332 3.39454 
0.919304 0.275832 1.57774 
0.770435 -0.257373 0.699515 
0.0988264 -0.323985 0.600584 
0.172458 0.166063 -0.682986 
0.164517 -0.24855 1.18054 
0.13586 -0.911601 2.78549 
0.67488 -0.0146329 0.598169 
-0.0480184 -0.487929 0.22595 
-0.0328259 -0.318022 2.32466 
0.297769 -0.45419 0.851905 
0.319853 -0.521498 3.23588 
-0.390218 -0.00485597 0.225609 
0.495057 -0.622304 0.262627 
0.402749 -1.0277 1.39682 
-0.229021 -0.286527 1.37333 
0.301536 0.0196985 1.317 
0.472481 -0.488363 0.0603359 
-0.104771 0.13522 0.539158 
0.024758 -0.54032 2.91408 
0.136127 -0.260664 2.73294 
0.667575 -0.0226997 0.117795 
0.56492 -0.0607079 -0.698849 
0.0990805 0.337971 1.03541 
-0.093924 0.0683322 1.5258 
0.414568 -0.151825 0.809009 
0.0745236 -0.289127 -0.0219948 
0.387792 -0.360925 0.087407 
0.732126 0.205746 1.14779 
0.500733 0.205831 3.4109 
0.359846 -0.295241 1.7103 
1.16532 -0.0249361 1.26448 
0.52805 -0.368125 0.514751 
-0.489611 -0.207779 -0.517827 
0.905245 -0.394731 -0.314302 
0.452901 -0.483565 -0.503416 
0.236199 0.0722911 0.407295 
-0.113339 -0.404316 0.31703 
0.228081 0.0994555 -0.544514 
0.450154 -0.158536 -0.311742 
-0.580674 -0.252713 -1.51084 
0.367754 0.0953824 1.56381 
0.364832 -0.167666 0.0223238 
1.08567 -0.0601275 0.968353 
-0.0605526 -0.45533 -0.778815 
0.723374 -0.709881 0.021372 
0.170378 -0.520099 -0.719243 
0.166537 -0.539283 0.917349 
0.49269 0.225512 2.13325 
0.154372 0.368208 1.02591 
0.11221 0.21476 0.732315 
0.478336 0.067343 0.8407 
0.552892 -0.277831 -0.0255043 
0.174261 0.406278 0.819291 
0.0177377 -0.0813095 -0.251994 
0.320153 0.234046 1.80659 
-0.0347578 -0.0656066 0.536166 
0.402762 -0.289782 0.845367 
0.604212 -0.0939133 1.40119 
-0.169577 0.151958 -0.0265777 
0.164085 -0.160641 0.716748 
0.883609 0.0307334 1.24624 
1.06405 -0.507274 1.82025 
-0.207044 0.220081 -0.273173 
-0.0987918 0.177668 -0.787953 
0.0540196 0.261679 -0.153695 
0.593169 0.0375198 0.619393 
-0.240389 -0.0555135 -0.0964631 
1.16874 0.322528 2.44591 
0.561625 0.645798 0.232999 
0.384051 -0.0407992 -0.400498 
0.430846 0.113262 -0.869141 
0.810492 0.132671 1.76673 
0.300769 -0.0916086 0.201732 
0.118521 -0.0756582 0.128346 
-0.342186 0.0395194 1.13557 
0.220031 0.396257 1.0792 
0.0648898 -0.0904408 0.0255659 
0.595504 -0.360572 0.209176 
0.0989252 0.274645 0.856093 
0.591776 -0.107944 0.752965 
0.30196 -0.280677 -0.711961 
0.183658 0.862191 0.727092 
0.0446975 -0.18647 1.44263 
-0.299293 -0.148281 -0.582926 
0.455025 -0.119198 -0.206004 
-0.149096 -0.821092 -0.0390432 
0.799069 -0.427218 1.43061 
0.290501 0.327851 0.864841 
-0.158897 0.721287 0.554768 
-0.185107 -0.503535 -0.800065 
-0.467136 0.788019 -0.96236 
-0.617879 -0.541776 -0.435798 
-0.188993 -0.300477 -0.219451 
0.781727 -0.0322775 1.3574 
0.556519 0.342718 1.34288 
0.80283 0.811055 0.879446 
0.614479 0.374236 1.08763 
0.524298 0.108954 0.43502 
0.115424 0.0647411 0.0434477 
0.584404 -0.14928 1.19786 
0.343107 0.140754 0.119272 
0.685854 0.462512 -0.357113 
-0.126244 0.751756 -0.284177 
0.403185 0.0461676 -0.129447 
0.978365 0.599537 -0.354269 
0.741598 0.140107 -1.6182 
-0.0656679 -0.0616831 -0.443096 
0.686464 -0.236824 0.0770663 
0.423568 -0.0293306 0.0982996 
0.543484 0.176473 0.710069 
0.604265 0.278444 -0.242374 
0.41231 0.0570928 -0.593391 
0.650094 0.493518 -0.258033 
0.590709 0.468577 0.343506 
0.381928 0.181694 -0.444557 
0.327601 0.138152 -0.164654 
0.122664 -0.249948 0.563578 
0.487745 0.39293 -0.874013 
0.220849 -0.197526 0.133002 
0.0047976 -0.155312 -0.931467 
0.0681379 -0.175109 0.353607 
1.12809 0.00745254 0.79039 
0.639354 0.328442 -0.263745 
1.05017 -0.475385 0.180285 
0.391904 -0.220367 -1.75498 
0.077118 -0.456695 -1.29205 
0.280808 -0.256416 -0.451537 
0.0290812 -0.896139 -0.105202 
0.392961 -0.797162 -0.347857 
1.09395 0.613716 -0.837863 
0.86695 0.196411 0.0434297 
0.331165 -1.01199 0.619582 
0.890642 -0.237734 -0.0961754 
0.624896 -0.250401 -1.35016 
1.62918 0.183016 -0.851387 
0.692754 0.165914 -1.12039 
0.14087 -0.126355 -0.410779 
0.384664 0.142598 0.227302 
0.228637 0.270177 -0.699431 
0.611181 -0.322084 -0.0207647 
0.585701 -0.0954068 -1.90706 
0.128685 -0.0618249 -1.80332 
0.208351 -0.10727 -1.99435 
0.940281 0.171965 -0.201662 
0.377348 -0.441207 -1.39404 
0.627036 0.09561 -1.97756 
0.176279 0.270884 -1.67166 
0.455362 0.129892 -1.12968 
0.737802 0.309966 -0.800912 
0.660288 0.280343 -1.68887 
1.27426 0.546481 -1.2694 
0.623531 0.066865 -1.46308 
0.987092 0.354893 -0.732878 
0.199769 0.287587 -0.055671 
0.0424566 0.099022 -0.54641 
0.452167 0.700387 -1.42787 
-0.231497 -0.238806 -0.801122 
1.0836 -0.311221 -0.708623 
1.20126 0.0338851 -0.594808 
0.63997 0.0381369 -0.550605 
0.805168 0.372082 -1.36133 
0.430475 -0.361534 -0.450978 
-0.0152095 0.24485 -1.71187 
0.917468 0.08571 -1.1819 
0.417748 0.229926 -1.02469 
0.36966 0.362103 -0.878483 
1.14255 0.521498 -1.15248 
1.13438 0.0833029 0.00604309 
0.170551 -0.230454 -0.434426 
0.545205 0.0804229 -0.35678 
0.460851 -0.86103 0.91068 
1.11644 -0.352791 -0.63914 
0.718128 0.280424 -0.526629 
0.502838 0.197073 -0.28782 
0.285275 -0.298868 0.962031 
1.00331 -0.00575928 -1.73085 
0.897257 -0.445647 -0.386855 
0.514619 -0.24209 0.195966 
0.685694 -0.265872 -0.599115 
0.540344 -0.338752 0.3515 
0.0186081 -0.186777 -0.218955 
0.464634 -0.178872 -1.31726 
0.408117 0.193965 -1.22278 
0.640151 -0.372498 -0.596872 
0.343194 -0.46833 -0.627623 
0.236312 -0.828953 2.20063 
0.947474 -0.258356 0.741093 
0.59929 -0.344236 -0.922615 
0.103499 -0.315458 -1.05239 
0.880115 -0.207191 -0.217862 
0.231583 -0.545876 -0.156175 
-0.0615489 -0.0579467 -1.43862 
0.186787 -0.379995 -0.655333 
0.444821 -0.547922 0.297945 
0.255476 -0.832062 -0.430251 
0.553483 -0.514261 -0.588517 
0.540405 -0.558747 -0.672055 
-0.181889 -0.672193 0.753336 
0.263497 -0.211876 -0.676791 
-0.037436 -0.406797 -0.494213 
-0.20565 -0.223553 0.0588986 
0.307825 0.280524 -0.393625 
0.505041 0.676304 -1.56747 
0.83904 -0.0233217 -2.29529 
0.528646 -0.123838 -1.02969 
1.44995 0.137306 -1.68476 
0.144684 -0.05502 -1.52511 
0.490471 -0.184952 -0.990273 
0.67366 -0.139261 -1.80593 
0.845393 0.133902 -2.05568 
0.571618 -0.178641 -0.52914 
0.147917 -0.107382 -0.821222 
0.831951 0.31893 0.253957 
0.762455 0.215419 -1.15815 
0.638161 -0.269175 -1.37188 
-0.153007 -0.331384 1.01964 
0.618526 0.138051 -1.42826 
0.640937 -0.329053 0.022672 
0.304048 -0.602849 -0.225022 
0.183977 -0.547706 -0.469161 
0.583167 -0.331109 -0.946494 
0.234802 -0.18958 -0.426557 
0.1634 -0.244786 0.194802 
0.156761 0.0628311 -1.77559 
-0.450781 -0.600791 0.208534 
0.0817512 -0.0247788 -1.39454 
0.227211 0.200054 -2.0971 
0.835737 -0.500904 0.172282 
0.0706146 -0.567949 -1.44845 
0.0809814 -0.230664 -0.335477 
-0.343601 0.45854 -2.08142 
0.36545 -0.127338 -0.0392077 
-0.340314 -0.271654 -1.48232 
0.325719 -0.257975 1.3745 
0.101726 -0.112293 -0.920359 
0.0188834 -0.481916 0.315776 
0.248171 -0.545027 0.889644 
0.511158 0.00554582 0.543026 
0.43133 -0.227016 0.13611 
0.541156 0.513846 -0.465153 
-0.0299237 -0.316975 1.06826 
0.367907 0.0773707 -0.317295 
0.443449 -0.0125108 0.200002 
0.206182 -0.371204 0.731024 
0.270728 -0.90432 -0.227064 
0.227371 -0.402972 -0.272708 
0.772428 -0.0625248 -0.516028 
1.62675 -0.26878 -0.323752 
0.753466 0.609907 -1.26313 
-0.19532 -0.46547 0.427952 
0.0643559 -0.254774 0.724321 
0.838274 -0.158354 -1.77558 
0.437564 0.120104 0.151927 
0.402759 -0.337103 -0.101653 
1.07856 -0.0558981 0.254427 
0.82756 0.0551249 -0.488018 
1.3451 -0.291809 1.86663 
0.592266 -0.0701116 0.313938 
0.338857 0.0628204 -0.611087 
0.34718 0.218254 -0.0135706 
1.1531 -0.229787 0.434207 
-0.0656804 -0.114589 -0.315866 
0.368953 -0.516186 -0.246276 
0.394978 0.139767 -0.98284 
0.468962 -0.317633 0.507692 
0.802458 -0.0329457 -0.778699 
0.699482 -0.791274 1.60553 
0.747276 -0.0332578 0.242843 
0.0497036 0.0945634 -0.508573 
0.953509 -0.309988 -0.0500123 
0.367708 -0.295208 0.242971 
0.753821 -0.31826 -0.277194 
0.0869062 0.0216564 -0.762356 
0.210514 -0.39255 -0.177393 
0.749438 -0.51057 0.773503 
0.834809 -0.702834 0.223763 
0.468082 -0.0553888 -0.581238 
0.243471 -0.144141 -0.181916 
0.726791 -0.385315 0.953313 
1.08727 0.121766 -0.694016 
0.045108 -0.355587 -0.815057 
0.34535 -0.388326 -0.0778057 
-0.00437911 -0.2815 -1.182 
0.866759 -0.28705 -0.596662 
0.832332 -1.0429 1.64051 
0.11753 -0.698505 0.52692 
0.604913 -0.351533 -0.270542 
1.33156 -0.26895 -0.853384 
0.575081 -0.611978 -0.0839845 
0.838781 0.0635114 -0.280315 
-0.0501461 0.236853 0.151885 
0.809134 -0.162124 0.707853 
0.833421 -0.458127 0.00556267 
0.846618 -0.591125 0.0191144 
1.30754 -0.418722 0.837588 
0.331532 -0.0818884 -0.860338 
0.159566 -0.121235 1.37963 
0.432119 -0.115165 -0.0777843 
0.219486 -0.0598796 -0.913144 
0.99514 0.00719247 0.263529 
0.532382 -0.527841 -1.19532 
1.0129 -0.0816162 -0.120882 
1.14967 0.00710718 -0.669169 
0.270561 -0.0705893 -0.80275 
0.649188 -0.0804777 -0.830292 
0.990596 -0.0603841 0.0304322 
0.976649 0.436171 -1.12019 
0.94165 -0.0468811 -0.172111 
0.449301 0.295076 -1.34637 
0.227766 0.24329 -0.834974 
0.591351 0.132155 0.359693 
0.164844 0.186951 -0.390378 
0.176938 0.138801 -0.772864 
0.413165 -0.114402 -1.11449 
0.55573 0.0734889 0.314232 
0.884571 -0.038522 0.903596 
0.263208 0.2445 -1.34378 
0.220925 -0.180561 -1.4211 
0.888111 -0.253954 0.163142 
0.971 -0.169522 -0.670349 
0.196302 -0.62407 -0.31722 
0.279171 0.114656 -0.691507 
0.738966 0.0189366 -1.32929 
0.432825 -0.117426 0.562604 
0.396859 -0.279317 -0.474251 
0.153139 0.0105816 -0.210165 
0.0623825 -0.100729 -0.663013 
0.374145 0.454712 0.715285 
0.567729 -0.0924713 -0.0797519 
0.14966 0.159709 0.228043 
0.606134 -0.330799 -0.751696 
0.596257 -0.24824 -0.232571 
0.46628 -0.583521 0.150266 
0.409965 -0.530244 -0.82795 
0.157269 -0.445507 -0.727197 
0.522346 -0.403922 -1.57407 
0.464863 -0.496926 0.426716 
0.554184 0.111887 -1.1626 
0.527021 -0.296022 -0.474738 
0.943418 0.443521 0.0315557 
-0.0830959 -0.163029 -0.535066 
0.621919 -0.123739 0.382246 
0.2473 -0.427413 -0.60857 
0.254859 -0.634383 0.426533 
0.203221 -0.743635 0.51498 
0.250762 -0.537985 -0.407983 
0.248684 -0.135053 -0.490038 
0.253334 -0.18382 -0.123673 
0.430233 -0.256685 0.101172 
-0.368247 -0.395112 -1.03282 
-0.254746 -0.297777 -0.640333 
0.439692 0.300446 -0.656947 
0.592293 -0.0774528 0.294363 
-0.0738616 0.0216879 -0.845153 
-0.0484562 0.0461363 0.0060986 
0.329328 0.179319 -0.561038 
0.260982 0.0424889 0.298309 
-0.0193936 0.172205 0.73135 
0.233732 0.387342 0.653599 
0.399288 -0.171313 0.617653 
0.352667 -0.667463 1.00691 
0.272073 -0.0735745 1.51276 
0.23462 -0.421706 -0.319852 
0.231121 0.137315 -0.0596963 
0.335603 0.163187 -1.27672 
0.174869 -0.597293 1.04746 
0.449913 -0.385761 0.524829 
0.0397596 -0.158045 0.571428 
0.100587 -0.228825 -0.642574 
0.00152032 -0.267848 -1.02585 
0.195704 0.057333 -0.798295 
-0.0104878 -0.178167 1.15236 
0.641188 0.145358 0.0420506 
0.263233 0.294129 1.29955 
0.349318 -0.0145483 0.208313 
0.554297 -0.197456 -1.00545 
0.0949488 0.0749005 -0.667841 
0.539759 -0.182288 0.227776 
0.237929 -0.0577331 0.149261 
-0.0219203 -0.157644 0.420394 
0.0391226 -0.320367 -0.288112 
0.271843 -0.749551 -0.539388 
0.425274 -0.203223 -0.103561 
0.0388332 -0.210208 0.0756071 
0.212616 -0.699016 0.314195 
0.262722 0.108398 0.680773 
0.539114 -0.708815 1.11432 
0.492871 -0.440518 0.23576 
0.527476 -0.152272 0.815622 
0.710077 -0.164192 -0.780797 
0.554209 -0.434754 -0.738498 
-0.0573167 -0.383383 -0.429359 
0.3718 -1.16521 1.15575 
0.156439 -0.823559 0.717051 
0.104281 -0.294575 1.63339 
0.131603 -0.0224852 0.192327 
0.0711154 -0.293735 0.38165 
0.221167 -0.231861 0.406949 
0.144018 -0.401087 1.37735 
0.333809 -0.62676 1.15053 
0.163403 -0.535929 1.28437 
-0.132773 0.242609 0.670549 
0.167024 0.360361 0.53918 
0.46911 0.0608244 0.28903 
0.324454 -0.307547 0.804618 
0.242004 0.0510882 1.29995 
-0.243171 -0.785773 1.06305 
-0.142887 0.419513 0.737323 
0.195485 0.0429012 0.642835 
0.602915 -0.0423228 0.360813 
0.232695 0.00979023 0.888825 
0.0253116 0.196768 -0.468784 
0.110127 -0.232068 -1.11861 
0.533578 -0.626786 -0.720714 
0.220772 -0.456456 1.21032 
0.00907547 -0.438586 -0.959746 
0.305921 -0.7446 -0.549562 
0.203807 -0.431017 -0.451935 
0.553092 -0.110923 -0.57446 
0.0416958 -0.184858 0.780405 
-0.0556587 -0.0710174 -0.0189608 
-0.0871268 -0.332279 -0.646744 
0.0105309 -0.429094 0.0405215 
0.237027 -0.186103 0.23329 
0.120519 -0.262996 -0.685676 
0.241124 -0.553888 -1.0249 
0.0282067 -0.599403 -0.163933 
0.0169974 -0.368516 0.779736 
0.0679665 -0.302804 0.396183 
0.0022897 -0.257555 -0.0676404 
0.436524 -0.227782 -0.662702 
0.47419 -0.441254 -0.648888 
0.485751 -0.199196 0.172138 
0.498142 0.138629 -1.10852 
0.0685012 -0.116973 -0.567948 
0.364918 -0.257664 -0.191742 
0.326179 -0.403854 0.612014 
0.170461 -0.309584 0.972986 
0.622047 -0.586466 0.117239 
0.59425 -0.259126 0.0908004 
0.18221 -0.260786 0.317847 
-0.0865472 0.0785304 -0.468418 
-0.0264965 -0.239594 -0.205087 
-0.307766 -0.543805 -0.509694 
0.156725 -0.793156 -0.671257 
0.506904 -0.469088 -1.04885 
0.263741 -0.204891 -0.079965 
0.00580024 -0.42455 -0.340501 
0.308605 -0.397506 -0.122292 
0.264822 -0.302505 -0.942678 
-0.0235623 -0.965548 -0.0430298 
0.274808 -0.646492 1.0505 
0.277684 0.00107463 -0.839864 
0.125329 -0.294841 1.23251 
0.534765 -0.0262437 -0.23002 
0.0788019 -0.0604198 0.0548141 
-0.0886044 0.13655 0.314695 
-0.116302 0.133473 0.365306 
0.017056 -0.0863611 -0.832811 
0.220945 -0.344029 -2.0907 
-0.126044 0.100824 -0.367418 
0.237275 0.186595 0.26079 
0.576419 -0.71415 -1.1862 
-0.1275 0.118217 -1.54787 
0.176406 0.0809653 -0.472909 
0.18805 -0.396964 -0.704009 
-0.276631 0.296185 -1.02919 
-0.115335 -0.430114 0.0995865 
-0.175476 0.00880623 0.0964487 
-0.242007 0.669189 -0.857941 
0.158188 -0.235452 0.99101 
0.200127 0.0489415 -1.73741 
0.0215232 -0.39953 0.702428 
-0.389079 0.18489 -1.24717 
0.093136 0.122125 -1.73486 
-0.406513 -0.132816 0.348918 
0.170188 -0.1991 -1.20243 
0.106611 -0.0458521 1.0981 
-0.319918 0.20679 -0.577117 
-0.279324 -0.101976 -1.32045 
-0.506201 0.187383 0.572131 
0.397479 -0.649606 -2.32188 
-0.0561663 -0.358589 -1.78112 
0.0748635 -0.436465 -0.80794 
-0.279244 0.160469 -1.5866 
0.663935 -0.714521 -2.03606 
-0.519924 -0.292549 -1.44365 
-0.280702 -0.187798 -1.67547 
-0.274426 -0.474305 -1.16988 
0.182149 -0.433776 -2.13572 
-0.306998 -0.147106 -1.37986 
-0.00185142 -0.433494 -0.78851 
0.505244 -0.657974 -1.32442 
-0.139045 -0.111837 -0.289901 
0.333727 -0.263773 -0.196341 
-0.762293 -0.333831 -0.819624 
0.361827 -0.647625 -1.22679 
-0.269661 -0.565039 0.754728 
0.114397 -0.524817 -0.315083 
-0.517369 -0.811771 -0.885025 
-0.352303 -0.545909 -0.774324 
-0.287735 -0.598175 0.43884 
-0.211776 -0.171916 -0.47018 
-0.059985 -0.0309696 -0.621565 
-0.0539407 0.0682086 -1.34727 
-0.0599805 -0.286588 -1.08089 
-0.0652732 0.0269031 -0.280786 
-0.446857 0.0919243 0.873822 
-0.451598 0.511877 1.82663 
0.376318 -0.213944 -0.816502 
0.132758 -0.186766 -0.329977 
-0.580617 -0.380881 -2.06923 
0.111603 -0.453171 -0.857606 
-0.488234 0.0373445 -0.460228 
0.386831 -0.534715 0.608404 
-0.425174 -0.0814978 -1.12208 
0.2658 -0.652204 -1.03416 
-0.552342 -0.179047 -2.35985 
0.143396 -0.351095 -1.52532 
-0.293588 0.0344196 -1.1912 
0.209016 -0.33701 -0.0473987 
0.204566 -0.326029 -0.518154 
0.184085 -0.469167 -0.372903 
-0.110909 0.0229938 -1.98103 
-0.485354 0.137063 -1.44273 
-0.154818 -0.201087 -1.81134 
-0.125361 0.00684676 -0.414531 
-0.284132 -0.191483 -0.200448 
0.272462 -0.322344 -0.999999 
-0.0527694 -0.375933 0.703613 
0.466309 -0.753935 -1.45849 
-0.307285 -0.0629449 -0.74905 
-0.150565 0.210882 -1.20407 
0.261769 -0.56682 0.077436 
0.270192 -0.00995673 -0.958721 
-0.674687 -0.644207 -1.14043 
-0.0555612 -0.511416 -1.03278 
0.192124 -0.640077 -1.54698 
-0.298228 -0.0896053 -0.371888 
0.416566 -0.0485172 1.04285 
0.0999479 -0.914068 -0.012517 
-0.123927 -0.0656158 0.153918 
-0.31909 -0.401174 0.504213 
-0.111308 -0.559322 0.807503 
0.508853 -0.973535 -0.843934 
-0.50551 -0.593287 -0.285859 
-0.46048 -0.326691 -0.0230729 
-0.430471 -0.519547 -0.130283 
-0.490005 0.0982067 -0.817305 
-0.39265 -0.583872 -1.50955 
-0.156956 -0.622492 -1.21177 
0.135926 -0.56269 1.39685 
0.055094 0.111826 0.891529 
-0.192312 0.377636 0.79335 
-0.0945184 -0.543225 -1.18242 
-0.130749 0.148058 -1.75925 
0.330301 -0.11602 -3.19357 
0.245684 -0.749141 -0.658085 
-0.479952 -0.0346828 -1.23463 
0.19542 0.46981 -0.0406624 
-0.707524 -0.202913 -2.31693 
-0.00344369 -0.123735 -0.662404 
-0.13474 -0.00372686 -0.310157 
0.0491765 0.0995293 -1.6006 
-0.0547733 0.321699 -0.768376 
-0.226163 -0.412528 -0.158372 
0.295388 0.040856 -0.609684 
0.0104617 0.48333 1.93445 
0.271181 -0.2129 -0.600014 
0.163462 0.15475 1.0333 
0.141094 -0.167831 -0.22503 
-0.221409 -0.393443 -0.726873 
0.392784 -0.580626 0.853711 
-0.332943 -0.0245183 -1.1316 
-0.200913 -0.327306 -0.718112 
-0.0762674 0.1033 -0.309737 
0.215656 -0.52939 -1.95865 
-0.638481 -0.209497 -0.912615 
-0.0556305 -0.161285 -0.626802 
0.232424 -0.0177629 -0.647923 
-0.699057 0.0865895 -1.37842 
-0.496336 -0.69946 -0.86096 
-0.186139 -0.370157 0.537179 
0.171187 -0.333165 -0.220016 
-0.739845 -0.901131 -1.14201 
-0.384223 0.169157 -0.188682 
-0.952258 -0.479084 0.253171 
-0.701464 -0.529721 -0.529684 
0.1227 -1.00761 1.12789 
-0.10414 -0.043386 0.282437 
-0.396117 -0.378566 0.148489 
-0.352904 -0.375127 -0.204925 
0.0731121 -0.995986 -0.582056 
-0.792901 0.0901525 0.340699 
0.17713 -0.564376 1.4211 
-0.26217 -0.143751 1.06975 
-0.391114 -0.0681448 -0.0142058 
0.15421 0.0583138 0.601799 
0.0889484 0.15945 1.32052 
-1.15017 -0.228999 0.254656 
-0.75071 0.0467206 0.704074 
-0.705636 -1.05923 -0.226251 
-0.631863 -0.563025 -1.15513 
-0.441485 0.113841 -0.202291 
0.0687872 -0.351078 -0.761698 
-0.238765 0.148178 0.928834 
-0.0720032 0.137936 -0.453199 
-0.486727 -0.159552 0.272032 
0.325956 0.490883 -0.639693 
0.304314 0.405801 -0.53339 
0.173714 -0.710536 0.718631 
0.26859 -0.436583 1.43713 
0.112411 -0.202045 0.0726463 
0.109919 -0.150723 0.438636 
-0.401331 0.0941264 -0.223166 
-0.397012 0.470124 -0.0212109 
0.0809022 0.400192 -0.873276 
-0.0524553 -0.288018 0.81921 
-0.206694 0.312194 0.553289 
-0.259503 0.618315 -0.126913 
0.108022 -1.23266 0.727118 
-0.507948 -0.232558 0.430728 
-0.582603 0.482183 1.09381 
-0.129157 -0.545989 1.8595 
-0.400074 -0.311431 1.13786 
-0.36453 -0.270889 0.407554 
-0.66706 0.0995092 -0.0835516 
-0.752261 0.259098 0.0153207 
0.273781 -0.884276 0.974777 
-0.380089 -0.545139 0.443246 
-0.270115 0.213873 0.957832 
0.130857 0.110402 1.10974 
-1.35636 0.271109 -0.800638 
-0.657882 -0.829846 0.347448 
-0.496295 0.142649 0.211699 
0.0478184 -0.168851 -0.123518 
0.262291 -0.564702 1.09805 
0.140242 -0.336767 0.73679 
-0.421856 -0.00540724 0.664943 
-0.132476 0.0789898 0.678973 
-0.906254 -0.10137 -0.0906908 
-0.961294 0.1271 0.330452 
-0.471904 -0.137955 0.924763 
-0.0646529 0.191709 0.766061 
