-1.27011 0.977833 -1.32753 2 
-0.4952 0.2683 -0.678725 2 
-1.20659 -0.0628463 -0.514249 2 
-0.448042 0.281588 -0.0891902 2 
-1.12949 0.480525 -0.212898 2 
-0.281034 -0.0895722 -0.23103 2 
-0.874025 0.547732 -0.150075 2 
-0.226386 -0.272043 -0.189661 2 
-0.962284 0.412111 -0.432721 2 
-0.86738 0.173975 -0.255786 2 
-1.99769 1.3473 -0.269324 2 
-1.06028 1.02028 -0.665159 2 
-1.27068 0.379852 -1.10603 2 
-0.482933 0.305511 0.262334 2 
-1.90706 1.59174 -0.590296 2 
-0.688361 0.0653562 -0.682442 2 
0.208035 -0.00139041 -0.432727 2 
-1.58944 0.994279 -0.147267 2 
-0.824318 0.841208 -0.214676 2 
-0.646823 0.24627 -0.400359 2 
-1.0981 0.485805 -0.0969879 2 
-0.401308 0.815337 -0.126947 2 
0.752709 0.798751 -0.469546 2 
-0.880245 1.44643 -0.0302584 2 
-0.0362317 0.187799 -0.0725487 2 
0.295 -0.821911 0.186874 2 
1.61918 -1.17301 2.37544 2 
0.279122 -0.111753 1.44901 2 
-0.677698 1.48609 -0.886962 2 
-0.724729 0.653135 -0.881391 2 
-0.932673 1.01841 -0.312327 2 
-0.960306 0.766249 -0.205725 2 
0.503459 -0.00463395 1.00055 2 
-1.5206 1.39673 -0.526962 2 
-0.630268 0.51792 -0.349458 2 
0.116913 0.297025 0.152853 2 
-0.00350896 0.843372 0.239368 2 
0.824007 0.339889 1.39297 2 
-0.301074 0.409163 -0.630363 2 
0.323134 0.467239 0.129673 2 
0.630356 -0.0582165 0.813476 2 
-1.20014 0.687323 -0.906087 2 
-1.47375 0.371451 -0.507735 2 
-2.31408 1.58026 -1.9574 2 
-0.114831 0.80552 0.546075 2 
-0.238186 0.866399 0.229362 2 
-1.19135 1.03435 -0.810958 2 
-0.931145 0.697386 -0.53394 2 
-2.02767 0.624508 -1.18366 2 
-0.968964 0.75929 -0.442769 2 
-1.4003 0.348095 -0.73491 2 
-0.705968 0.188073 -0.255303 2 
-0.42763 -0.511069 -0.278297 2 
0.139936 -0.470954 0.472495 2 
-0.086714 -0.687327 0.606562 2 
-0.441299 0.714274 -0.0855517 2 
-0.808058 1.17571 -0.247834 2 
-0.133157 -0.44798 0.865782 2 
0.041369 -0.309249 0.842019 2 
-1.57559 1.25947 -1.18361 2 
-1.80899 1.81955 -1.36935 2 
0.377476 -0.494471 0.821363 2 
-0.336151 0.829996 0.0448568 2 
-1.1677 0.747678 -0.211801 2 
0.426335 -0.298217 0.253933 2 
-1.20157 1.19105 -1.33402 2 
-0.403627 0.73868 0.0603795 2 
-0.785551 0.00270256 -0.0391126 2 
-0.454383 -0.233841 -0.196778 2 
-0.306462 0.448725 -0.000796706 2 
-0.687163 0.276013 -0.163876 2 
-0.491519 0.246643 -0.44562 2 
-0.781706 0.596758 -0.409255 2 
-0.254539 0.51447 -0.0674994 2 
-0.646367 0.55312 -0.0240279 2 
-0.656185 0.220893 0.26966 2 
-0.857909 0.260683 0.0247113 2 
-0.92029 0.93977 -0.0600151 2 
-0.375968 0.320527 -0.257371 2 
-0.834322 0.00795192 -0.600286 2 
-1.03126 0.500215 -0.562564 2 
-0.767792 0.00649889 0.0305786 2 
-0.234754 -0.216874 0.393351 2 
-0.648848 -0.422418 -0.348177 2 
-0.29497 0.368954 -0.409288 2 
-0.300978 -0.0990267 -0.339724 2 
0.216796 -0.185636 0.0556184 2 
-0.41555 -1.08433 0.157006 2 
-1.2057 1.08861 -0.266764 2 
-0.970677 0.499593 -0.446469 2 
0.238872 -0.69281 0.689954 2 
-1.85413 1.44344 -1.01206 2 
-0.708075 0.827918 -0.173287 2 
-0.299088 -0.251781 -0.268465 2 
-1.41463 1.3936 -1.11991 2 
-1.26901 1.35958 -0.221903 2 
-1.92954 0.803368 -0.710161 2 
-2.45636 2.29499 -1.54517 2 
-0.883132 0.973811 -1.35383 2 
-1.65038 1.78471 -0.90565 2 
-1.41625 0.953637 -0.467225 2 
-1.05516 1.2131 -0.753355 2 
-0.843293 0.526118 -0.883971 2 
-0.680634 0.5249 -0.0289591 2 
0.721087 -0.79326 0.755594 2 
-1.87847 1.93089 -0.961786 2 
-1.45684 1.16945 -0.449851 2 
-0.354717 0.848219 -0.0605319 2 
-1.15158 1.64847 -0.601816 2 
0.834169 -1.03431 1.07281 2 
-1.67772 1.64053 -1.16364 2 
-1.86271 2.34291 -0.751033 2 
-0.810661 1.58048 -1.13221 2 
-0.631658 0.938139 -0.355 2 
-3.2541 3.29244 -1.68845 2 
-1.69165 1.44154 -0.213003 2 
-2.97427 2.17933 -0.748408 2 
-0.363727 0.919419 -0.230102 2 
-1.56103 1.93218 -1.11465 2 
-1.88894 2.26673 -1.30595 2 
-0.993924 0.903045 -1.35625 2 
-1.19864 1.17274 -1.15541 2 
-1.5348 2.0171 -0.883756 2 
-0.205555 0.132395 0.129668 2 
0.0533168 -0.128428 0.519053 2 
-0.825598 0.577165 -0.148844 2 
-1.6136 1.84505 -0.025895 2 
0.113064 0.731688 -0.0437399 2 
-0.824457 0.720246 -0.155983 2 
-0.626777 0.640242 0.0968589 2 
0.21569 -0.301226 0.56544 2 
-0.347115 0.84128 -0.510222 2 
0.304642 0.0285968 1.097 2 
-0.500275 0.792719 0.114651 2 
1.33208 -1.40003 0.967538 2 
0.850557 -0.550715 1.66971 2 
0.798572 -0.692468 1.50656 2 
0.147572 -0.0429753 0.299854 2 
3.68798 -3.24869 2.70849 2 
1.73707 -2.09337 1.59713 2 
-1.23194 1.11811 -0.132553 2 
-0.633308 0.687302 -0.590989 2 
-2.31428 2.47447 -1.48882 2 
-3.52357 3.18044 -2.34568 2 
-1.32232 1.91185 -1.37068 2 
-2.88019 3.68039 -2.36137 2 
-2.12008 2.43768 -1.79408 2 
-0.679115 0.982402 -0.993393 2 
0.345387 0.18998 0.0636168 2 
-0.592859 0.840674 -0.49178 2 
-0.941621 0.856022 -0.765447 2 
-1.8684 2.28585 -1.31627 2 
-0.506993 0.600355 -0.818211 2 
-0.216413 1.53046 -0.735232 2 
-0.643323 1.33306 -0.914256 2 
-1.20044 1.5997 -0.755332 2 
-0.933933 1.94376 -0.227658 2 
-0.588561 1.34034 -0.242352 2 
-0.123882 0.0417124 0.28421 2 
-0.665916 0.522253 -0.140672 2 
0.853093 0.201382 0.439973 2 
-0.709638 0.601328 -0.0376444 2 
-0.339816 1.08286 -0.871056 2 
-1.50259 1.40427 -1.07462 2 
0.324082 0.360531 0.198807 2 
-0.472074 0.640345 -0.45026 2 
0.43776 -0.191548 0.336364 2 
-1.13714 1.40774 -0.850455 2 
-0.261334 0.827065 0.164686 2 
0.109448 1.22255 -0.360095 2 
0.827653 0.163363 0.492091 2 
0.890468 0.111191 0.542573 2 
0.300478 -0.110371 0.212519 2 
0.225964 0.851769 0.243557 2 
0.573342 0.196784 0.683579 2 
0.518836 0.456148 0.29748 2 
-1.02101 1.32529 -0.366157 2 
-0.0548786 0.0514232 0.128745 2 
-0.541118 0.593251 0.101278 2 
0.401915 0.289255 0.0668585 2 
-2.07429 2.00107 -1.03853 2 
-0.447865 1.21866 -0.524277 2 
0.254136 0.880736 0.361729 2 
-0.33865 1.4919 0.128664 2 
-1.42746 2.01682 -0.259085 2 
-0.442365 0.403552 -0.387146 2 
-0.804043 0.602586 -0.106624 2 
0.10005 0.459021 0.421066 2 
-4.25957 1.49408 -1.51861 2 
-1.464 1.05963 -0.765069 2 
0.0813736 -0.0486783 0.467796 2 
-1.79293 0.977958 0.338065 2 
-0.335321 0.522797 -0.32225 2 
-2.47745 0.672878 -1.37094 2 
0.116598 0.21851 -0.11919 2 
-0.462697 0.567887 0.211747 2 
-1.73405 -0.0765501 -0.879125 2 
-1.36102 0.0748787 -0.750677 2 
-0.991332 0.635061 -0.117431 2 
-1.59927 0.577741 -0.641255 2 
-1.41977 0.74434 -0.857469 2 
-0.421736 0.201975 -0.365965 2 
-2.65431 1.38033 -1.57597 2 
-1.96414 1.13946 -0.954157 2 
1.21716 0.126369 1.15797 2 
-1.59674 0.920832 -1.11856 2 
-1.25199 0.985055 -0.961677 2 
-0.517138 0.123462 -0.354206 2 
-2.05184 0.398533 -1.27748 2 
-1.10874 0.507485 -1.10646 2 
-1.51453 0.549247 -1.15678 2 
-0.437942 0.223309 -0.437905 2 
-1.82195 0.758203 -0.462248 2 
-0.776946 0.487927 -0.10773 2 
-0.759552 0.437851 -0.412446 2 
1.27468 -0.470567 1.06337 2 
-0.0577942 0.111885 0.0702028 2 
-1.58352 1.18607 -0.824381 2 
-1.48656 1.0752 -0.625781 2 
-1.50165 1.20656 -1.1828 2 
-1.82791 0.776456 -1.15769 2 
-1.95227 0.571933 -1.03212 2 
-2.86519 1.29095 -0.987829 2 
-0.34144 -0.2849 0.175569 2 
0.116827 0.648537 0.415675 2 
0.67605 -0.105412 0.367518 2 
-1.89723 0.772689 -0.659876 2 
0.769006 0.314698 0.764401 2 
-1.29156 -0.0530996 -0.253951 2 
-0.511393 0.275134 0.066862 2 
-0.683128 0.186513 -0.173448 2 
-1.80621 0.652002 -0.467653 2 
-1.47988 0.887399 -1.05301 2 
0.294289 0.371633 0.41652 2 
-0.740049 0.762227 -0.390516 2 
-0.62348 0.613811 -1.1384 2 
-0.257788 0.746418 -0.0668905 2 
0.0139883 0.537311 0.135523 2 
1.79035 0.515867 0.321889 2 
1.73253 0.149775 1.20514 2 
1.27994 -0.099095 0.750962 2 
-0.618493 0.191063 0.0663924 2 
0.132124 -0.00196575 -0.104095 2 
0.384589 0.303832 0.253689 2 
-0.325364 0.381413 -1.06449 2 
0.247161 -0.0587398 0.513108 2 
1.4296 -0.618623 0.337409 2 
0.684631 -0.178607 0.399139 2 
-1.21484 0.931579 0.734413 2 
1.23861 0.115562 1.10701 2 
0.524033 -0.546211 0.561778 2 
-2.11823 1.11635 -1.28985 2 
-1.3536 1.57708 -1.66673 2 
-1.43789 0.71047 -1.13231 2 
-0.823956 1.63326 -1.20252 2 
-1.0702 0.296469 -0.544983 2 
0.245645 0.792231 -0.420325 2 
-0.445857 -0.13903 0.928718 2 
-0.46976 1.48737 -1.56522 2 
-0.356414 0.950176 -0.617785 2 
-0.0927453 0.0935852 -0.579011 2 
-0.430894 1.32977 -0.602827 2 
-1.28504 0.972369 -1.51919 2 
-0.613928 0.810023 -0.741405 2 
-1.63002 1.22572 -1.3513 2 
0.174613 1.42773 -1.26547 2 
0.240477 -0.590942 1.56762 2 
-0.925618 -0.0929231 -0.159717 2 
0.038079 0.0615838 -0.066871 2 
0.295015 -0.0892729 0.665821 2 
-0.34047 1.07903 -0.856946 2 
0.281576 0.256739 -0.364284 2 
-1.66179 1.24084 -1.73126 2 
-1.42514 0.780693 -0.837038 2 
0.0346681 1.95212 -2.1174 2 
0.275619 1.15527 -1.30458 2 
-1.37029 1.68876 -2.23704 2 
0.313837 0.399371 -0.572838 2 
-1.0061 1.24751 -1.13909 2 
-0.814708 1.13392 -1.5487 2 
0.0390358 -0.34709 0.563252 2 
0.301967 1.0503 -0.288696 2 
-0.0849275 -0.0749342 0.528583 2 
-0.655252 1.68258 -2.80489 2 
0.704333 0.74531 0.293462 2 
-0.444113 0.927487 -1.19209 2 
-0.14372 0.688355 -0.669831 2 
-0.655902 -0.263036 0.690717 2 
0.382972 -0.651634 2.03414 2 
0.608085 -0.0397419 0.158336 2 
-0.65386 0.196489 -0.169377 2 
-0.526018 0.48786 -1.6865 2 
-0.43456 0.676488 -0.897793 2 
-0.547945 0.468566 -0.627914 2 
0.964407 0.556939 -0.481976 2 
-0.194524 -0.240277 -0.195194 2 
-0.988931 1.284 -0.878429 2 
0.466267 0.398989 -0.197432 2 
0.250077 0.303338 -0.28569 2 
0.0465734 0.527121 -0.676026 2 
-0.476134 0.414992 -0.658417 2 
-0.464709 0.366269 0.258455 2 
0.432997 -0.0297881 1.44214 2 
-0.712187 0.528967 -0.795222 2 
-0.766333 1.09212 -0.877105 2 
0.826619 0.620365 -0.0291336 2 
-0.205083 1.29194 -1.13385 2 
-0.988326 1.43222 -1.96721 2 
0.248509 0.395164 -0.420747 2 
-0.372373 0.527205 -1.41737 2 
-0.157947 0.695206 1.1307 2 
-0.910738 0.931239 -1.04949 2 
-0.142594 1.16321 -0.103245 2 
-0.526852 1.08741 -0.897098 2 
-0.225247 0.619568 -0.67418 2 
-0.65835 0.473352 -0.961843 2 
-0.657554 0.828086 -1.34012 2 
-0.553967 0.718771 -0.932372 2 
0.16311 -0.436124 0.628374 2 
0.241863 1.20642 -0.733345 2 
0.728689 0.0244703 0.263715 2 
-0.711608 0.626578 -0.636329 2 
0.020928 0.683357 -0.172543 2 
0.0811968 0.188406 -0.336976 2 
-0.204483 0.97205 -1.20754 2 
0.345813 0.418141 -0.376976 2 
-0.255604 0.560004 -0.896614 2 
-0.507866 0.616723 -0.9849 2 
0.0624461 -0.115648 -0.557662 2 
1.31987 0.470862 -0.0325901 2 
-0.974454 0.194384 -1.94829 2 
1.20618 0.728152 0.335241 2 
-0.604763 0.634267 -0.495563 2 
1.09415 0.0189899 1.2468 2 
-0.2966 0.200006 -0.239193 2 
0.164491 0.431596 -0.368113 2 
0.374064 0.544085 -0.315316 2 
-0.483578 0.376471 -0.581028 2 
1.89081 -0.299286 -0.466909 2 
0.264711 -0.219264 -0.962964 2 
-0.392483 1.14525 -1.9694 2 
-0.170333 0.715417 -1.17601 2 
1.34418 -0.159535 -0.239382 2 
0.135969 0.524156 -0.749872 2 
-0.367348 0.129456 0.432557 2 
-0.651719 0.763225 -0.283322 2 
0.938669 0.381117 -0.844189 2 
-0.00531769 0.146044 -0.206616 2 
0.563029 0.725308 -0.740291 2 
0.964261 -0.00411095 -0.311758 2 
0.883991 0.707274 -1.03641 2 
-0.414586 0.699131 -0.581981 2 
0.276677 -0.298382 -0.591016 2 
0.889753 -0.0961094 -0.371716 2 
-0.30593 0.0886712 -0.221212 2 
0.152264 0.504669 -0.168696 2 
0.565244 -0.233077 0.244141 2 
0.12241 0.210387 -0.735835 2 
-0.608804 1.23242 -1.74294 2 
1.28055 -0.00456174 0.235332 2 
1.31435 -0.334087 0.916592 2 
1.10905 -0.554694 0.947665 2 
1.26617 0.0790288 -0.168567 2 
0.668201 0.393058 -0.421798 2 
1.01411 -0.470295 0.213858 2 
0.336306 -0.209293 0.417875 2 
0.43113 0.0168702 0.361656 2 
-0.645027 0.363089 0.302736 2 
-0.303616 0.355396 -0.325448 2 
0.270467 -0.362668 0.073439 2 
0.634303 -0.0111469 -0.53431 2 
1.081 -0.611692 -0.0603322 2 
1.29446 -0.427858 0.512597 2 
0.157978 0.00555682 0.479681 2 
0.391203 -0.169939 0.156422 2 
0.703033 -0.306756 0.60599 2 
1.05972 -0.179647 0.121212 2 
1.94468 -0.637088 0.531056 2 
1.31633 -0.665057 0.200102 2 
0.753174 -0.0329211 -0.118953 2 
1.83379 -0.737971 0.129224 2 
1.06942 -0.0355859 -0.492168 2 
0.793103 -0.302876 0.441343 2 
0.216376 0.336577 -0.362311 2 
-0.234081 0.430143 0.19896 2 
0.8406 0.112809 -0.0727007 2 
2.09268 -1.51459 0.386199 2 
1.58591 -0.413998 0.0311092 2 
1.16964 -0.452085 -0.149113 2 
0.986899 -0.456869 0.351027 2 
2.13125 -0.862891 0.535648 2 
0.806766 -0.166708 0.187813 2 
0.967086 -0.762397 0.62122 2 
2.60431 -1.44304 0.721877 2 
1.4994 -0.500132 0.529664 2 
0.949264 -0.42817 0.500035 2 
-0.122261 0.150986 0.0825902 2 
0.8906 0.0785168 0.523947 2 
0.842875 0.0174677 0.844992 2 
1.07864 -0.243906 -0.151933 2 
1.65132 -0.696693 0.727887 2 
0.846719 -0.686043 0.972435 2 
-0.302914 -0.0870783 0.0706671 2 
1.32478 -0.571176 0.775677 2 
2.85697 -1.75599 1.83171 2 
1.93015 -1.10433 1.09833 2 
1.27385 -0.711364 0.550776 2 
1.47125 -0.479931 0.774732 2 
1.43934 -0.510786 1.03414 2 
1.38522 -0.434305 0.609048 2 
1.25411 -0.424697 0.233512 2 
1.6076 -1.04188 0.400686 2 
1.15524 -0.326131 0.458239 2 
1.44836 -0.451714 0.614694 2 
0.704555 -0.23795 0.260044 2 
0.0809872 0.0175534 0.00647746 2 
1.28723 0.0122322 0.652643 2 
2.23982 -1.2396 1.34017 2 
1.0027 -0.759355 0.927973 2 
0.530607 0.0179917 0.136958 2 
1.41405 0.0885016 0.68816 2 
1.13046 0.18145 0.214637 2 
1.01525 -0.0327064 0.110563 2 
2.54511 -0.440209 1.07714 2 
1.76041 -0.53323 0.959845 2 
1.10988 0.540407 0.00175537 2 
1.3419 0.215593 0.0324827 2 
1.96562 -0.891274 1.03514 2 
1.72712 -0.742142 0.766579 2 
1.79283 -0.542309 0.725358 2 
-0.442826 0.866304 -0.450495 2 
0.168435 0.361572 0.353001 2 
2.40993 -1.31062 1.64603 2 
2.08736 -1.05543 0.622425 2 
1.77951 -0.495626 0.962769 2 
2.07924 -1.2591 1.33746 2 
2.48446 -1.67515 1.37743 2 
2.99815 -1.86996 1.78037 2 
2.27163 -1.19503 1.50779 2 
2.60926 -1.11751 1.71816 2 
2.2193 -0.45874 1.13389 2 
2.07834 -0.753567 1.08783 2 
2.31077 -0.296431 0.701672 2 
1.01152 -0.388391 0.331362 2 
-0.76098 0.302074 -0.281136 2 
2.67089 -1.07811 1.39908 2 
1.70873 -1.03575 0.768618 2 
3.56946 -1.50726 1.99232 2 
3.02352 -0.739557 1.39631 2 
2.17064 -0.464706 0.388657 2 
1.91598 -1.38637 1.18482 2 
2.46479 -1.63526 1.20868 2 
3.38453 -1.66283 1.52586 2 
1.84944 -0.214454 0.876877 2 
2.30046 -0.446487 0.946097 2 
1.53146 -0.682448 1.03144 2 
1.69477 -0.230185 0.411024 2 
2.40432 -0.832723 1.31957 2 
0.266571 0.402088 -0.136158 2 
1.63677 -1.09812 0.854217 2 
1.51736 -0.432649 0.128862 2 
1.97938 -0.706987 0.801087 2 
0.847071 -0.15605 0.765636 2 
1.83827 -0.715699 0.617497 2 
0.364617 0.0133826 0.255252 2 
1.44548 -0.491449 0.870421 2 
0.577445 -0.602921 0.194206 2 
1.49476 -0.678862 1.07959 2 
2.25167 -0.421615 0.807136 2 
1.74768 0.0463576 0.49361 2 
1.41265 -0.228007 0.518142 2 
2.32685 -0.967206 1.5084 2 
1.95221 0.0455626 0.311089 2 
1.57852 -0.409508 0.527061 2 
2.0216 -0.456804 0.626218 2 
1.9455 -0.0844084 0.610423 2 
-0.219806 0.790775 -0.202117 2 
1.16041 -0.477088 0.919881 2 
0.00989876 0.808343 0.338942 2 
1.61018 -0.400624 0.964136 2 
-0.0427944 0.359755 0.344766 2 
0.853096 0.466841 -0.0172263 2 
1.40425 -1.05086 0.813353 2 
1.35812 -0.332493 0.704421 2 
1.4712 -0.170733 0.779865 2 
1.19561 -0.482483 0.86642 2 
3.16657 -1.02643 2.01885 2 
3.0754 -1.17362 1.28307 2 
1.10548 -0.166313 0.475338 2 
2.0221 -0.717739 1.33253 2 
2.98468 -1.25992 1.79927 2 
1.65599 -0.976184 1.52688 2 
1.25442 0.154508 0.3136 2 
0.741393 0.00463449 0.395143 2 
2.03865 -0.259591 0.781262 2 
1.46504 -0.476011 1.09299 2 
0.337885 0.21771 0.217216 2 
0.916873 -0.0963069 0.859153 2 
2.10526 -0.874469 0.974794 2 
0.43759 0.0815875 -0.17991 2 
1.50859 -0.294593 0.86135 2 
0.199455 0.56411 -0.457933 2 
1.10163 0.154889 0.309018 2 
1.44959 -0.158742 0.349903 2 
1.15494 -0.235654 1.22976 2 
1.92772 -0.018802 0.950525 2 
1.98896 -0.616653 1.37766 2 
1.59066 -0.0205875 0.882586 2 
1.62662 -0.0885056 0.947646 2 
0.420405 -0.1977 0.443973 2 
1.56102 -0.975017 0.724821 2 
-0.00410888 -0.312441 0.791595 2 
0.714595 0.0258193 0.482806 2 
1.7368 -0.442038 1.19533 2 
-0.172291 -0.157663 0.328696 2 
2.98554 -1.10878 1.53321 2 
1.94688 -0.473897 1.63179 2 
1.47912 0.290062 0.226899 2 
1.23663 -0.0292727 0.399255 2 
1.81467 -0.0578371 1.40815 2 
1.67694 -0.203932 0.319864 2 
0.557169 -0.0751341 0.306659 2 
0.111311 0.418076 0.273259 2 
1.49619 -0.227009 0.141156 2 
1.04415 -0.574385 1.06084 2 
0.135875 0.337321 0.183768 2 
0.999441 -0.0133559 1.14975 2 
1.79518 -0.905926 1.24863 2 
2.36254 -0.709157 0.752126 2 
1.54331 -0.679372 1.36745 2 
0.866827 -0.229333 0.345772 2 
0.427151 -0.195246 -0.039937 2 
1.65163 -1.08684 1.23482 2 
1.51087 -0.479887 0.961654 2 
1.12086 -0.62179 1.1892 2 
0.997111 -0.116481 1.21583 2 
0.513342 0.024219 0.455395 2 
2.51923 -1.55401 2.62149 2 
0.858415 0.194135 1.17942 2 
2.05292 -0.692552 1.3444 2 
1.74801 -1.106 1.78563 2 
-0.139102 0.193265 0.266321 2 
1.81552 -0.547142 1.69038 2 
0.847686 0.0476262 0.764522 2 
0.276029 0.267271 0.600208 2 
0.506592 0.276482 0.577335 2 
0.0796355 0.348824 0.186355 2 
0.158006 -0.129592 0.165457 2 
0.317329 -0.202668 0.716217 2 
0.232912 -0.0700132 0.677479 2 
-0.125484 0.0278527 0.657764 2 
0.136575 0.366044 0.844709 2 
0.962302 0.00373786 1.42085 2 
1.38103 -0.0924612 0.961801 2 
0.752005 -0.335131 1.09184 2 
-0.363312 0.684883 0.542675 2 
1.58902 -0.0651715 1.8608 2 
1.27784 -0.00654276 2.0167 2 
-0.230851 0.341884 1.14168 2 
-0.233444 0.599848 0.74285 2 
0.548197 0.161242 1.10043 2 
-0.131408 0.0775998 0.945417 2 
0.60081 0.105057 1.02473 2 
1.21355 0.0631336 1.64001 2 
0.677808 0.559775 0.95359 2 
1.6535 -0.611765 1.73352 2 
0.93483 -0.58147 2.02999 2 
0.784565 -0.409905 1.52811 2 
0.561752 0.438721 0.704282 2 
0.292815 0.478726 0.193958 2 
0.709087 0.16248 1.0074 2 
0.95142 -0.0119112 1.26366 2 
0.462098 0.415802 0.793046 2 
0.404068 0.854656 1.06374 2 
0.806421 0.398118 1.3217 2 
0.000945308 0.0977065 0.306594 2 
0.307526 -0.198768 0.266748 2 
-0.185013 -0.329959 0.878245 2 
-0.429159 0.504749 0.249187 2 
0.606304 -0.68835 1.55815 2 
1.07794 -0.741811 2.25545 2 
0.983147 0.0663161 1.33711 2 
0.185499 -0.56911 1.63367 2 
-0.175883 0.11714 0.372509 2 
0.885925 -0.274437 0.737027 2 
0.9468 -0.941222 1.74149 2 
0.814043 -0.213199 1.82217 2 
0.015124 0.251367 0.577438 2 
1.32752 -0.388342 2.00504 2 
0.538165 0.363724 1.86524 2 
0.671023 0.780103 0.0178318 2 
-0.0278011 0.0981487 0.577706 2 
0.70309 0.36156 1.31896 2 
0.420671 0.126971 1.36664 2 
0.897339 -0.0858334 1.25652 2 
0.602235 -0.0553474 0.974379 2 
-0.278651 0.393952 0.0357454 2 
1.00547 -0.659703 1.40295 2 
0.284924 0.228221 0.929793 2 
0.272618 -0.335774 0.476488 2 
0.686863 -0.547474 1.59282 2 
-0.812057 0.676383 -0.0488877 2 
0.38972 0.337754 1.12273 2 
0.271311 0.644786 0.613308 2 
0.55604 -0.40071 0.855078 2 
-0.178317 0.374576 -0.0402553 2 
-0.117347 0.444676 0.416317 2 
-0.449168 -0.176083 -0.179013 2 
0.0144263 0.168318 0.353772 2 
0.356828 0.254746 0.513753 2 
0.576443 -0.343807 0.952207 2 
-0.0424219 0.728607 -0.209407 2 
-0.0377569 0.247938 0.341894 2 
0.541174 0.623023 0.386181 2 
-0.331844 1.05513 0.130445 2 
-0.249055 0.667507 0.0249316 2 
0.688633 0.825861 0.936812 2 
0.267799 1.21104 0.0515523 2 
0.221771 0.703768 0.341848 2 
0.0957728 0.547344 0.740198 2 
-0.0729668 0.309549 0.480648 2 
-0.424554 0.956214 -0.507307 2 
-0.116661 1.13232 0.106061 2 
-0.141474 0.684054 0.768602 2 
0.874002 0.431121 0.459735 2 
0.0869912 0.571753 0.0563283 2 
0.607675 -0.109296 1.15551 2 
0.301198 -0.0367514 0.742944 2 
0.125387 0.43803 0.666063 2 
-0.263398 0.944093 0.144228 2 
0.308598 -0.172383 0.50539 2 
0.615331 -0.0344712 0.504819 2 
1.00314 -0.0129575 0.494853 2 
1.0412 -0.826597 0.96847 2 
0.724757 -0.257745 0.668226 2 
-0.0453761 0.231192 0.668465 2 
0.386031 -0.2378 0.870528 2 
-0.204335 0.54062 -0.604524 2 
0.53334 -0.195071 0.718872 2 
0.115488 0.616257 0.0631453 2 
0.812844 -0.379817 0.576906 2 
0.548738 -0.21044 0.0226146 2 
-1.58443 1.45389 -0.902717 2 
0.527992 0.0219802 0.55673 2 
-0.800034 0.9305 -0.789646 2 
-0.461085 1.01858 -0.845514 2 
-0.487629 1.32852 0.0327651 2 
1.16601 0.249961 1.03916 2 
-0.261081 1.17954 0.385447 2 
-0.147996 0.501554 -0.0741817 2 
-0.0101605 0.574496 0.0836195 2 
0.182878 0.451409 0.225294 2 
0.671024 -0.0621479 0.570682 2 
0.1365 0.775242 0.880904 2 
-0.456969 1.23097 -0.0398212 2 
0.162471 0.0526239 0.338022 2 
0.296954 -0.00799089 0.511191 2 
-0.0929778 0.127821 -0.0358998 2 
0.10657 0.53666 -0.526084 2 
0.143716 0.822322 -0.0099482 2 
-0.46941 1.2535 0.0065952 2 
1.26554 0.607278 -0.212839 2 
-0.244135 0.433681 -0.623768 2 
0.338159 -0.038751 0.553363 2 
0.837539 -0.114537 0.156406 2 
0.405057 0.424654 -0.104485 2 
-0.0629751 0.980899 0.120444 2 
0.267008 0.406295 0.143939 2 
-0.850605 1.32995 -0.529876 2 
0.142036 1.13808 -0.246353 2 
0.601394 0.371966 0.322796 2 
1.23972 -0.0188488 0.461905 2 
-0.202182 1.11242 -0.103085 2 
-0.145619 0.183969 0.301506 2 
-0.554716 0.390664 0.255329 2 
0.827393 -0.84554 0.431339 2 
-0.0278155 -0.374864 -0.253985 2 
-0.675967 0.834057 0.2011 2 
0.648821 0.176375 0.798261 2 
0.22679 0.0587927 0.544718 2 
0.623983 0.104781 1.20172 2 
-0.711628 0.691117 -0.22831 2 
0.0559862 0.358691 0.550346 2 
-0.0740651 0.262326 0.656102 2 
0.503188 -0.513995 0.41098 2 
0.195729 0.645395 0.354419 2 
0.00904133 0.0702403 0.450434 2 
-0.675398 1.08459 -0.355254 2 
0.215713 0.445928 0.528634 2 
-0.0549 0.351302 0.0405812 2 
-0.813062 1.07364 -0.327471 2 
0.698023 -0.147369 0.468684 2 
-1.21216 0.80017 -0.468419 2 
0.207969 0.193741 -0.316508 2 
-1.11159 0.993262 -0.509958 2 
0.388458 0.451626 0.558198 2 
-0.408351 1.12581 -0.0897756 2 
0.082602 0.809038 0.52141 2 
-0.48708 0.752591 0.0790392 2 
-0.25906 0.604155 0.328426 2 
-0.162458 0.967479 0.232127 2 
-0.370499 1.79843 -0.326097 2 
0.120246 0.858029 0.492732 2 
-0.0683959 0.527716 0.205094 2 
0.0782449 0.612137 0.0144558 2 
0.332451 0.327158 0.055259 2 
0.370391 -0.13988 0.201516 2 
-1.33984 1.79202 -0.664134 2 
-0.329365 0.366684 -0.349427 2 
0.644572 0.258756 0.119506 2 
-0.69972 1.23148 -0.130114 2 
-0.85413 1.46458 0.052777 2 
0.704501 0.685302 0.713922 2 
1.63901 -0.130895 1.82096 2 
0.0917497 1.25615 0.135419 2 
0.314714 0.434845 0.152622 2 
-0.471002 0.746591 0.157631 2 
-0.492702 0.722079 -0.192684 2 
0.136337 -0.0724269 0.285904 2 
0.0147395 0.235126 -0.577611 2 
0.225082 -0.829051 0.0336211 2 
-1.07471 0.532529 -0.375445 2 
-0.762648 0.57357 -0.140892 2 
0.801415 -0.220101 0.414625 2 
0.350558 -0.537852 -0.0745275 2 
0.336362 -0.324044 0.303979 2 
-0.788057 0.885572 -0.00754128 2 
-0.370087 -0.200536 -0.56546 2 
0.0861407 0.329276 -0.122786 2 
0.817623 -0.185996 0.850949 2 
0.267436 0.0983963 0.880906 2 
0.0558054 0.262722 0.315855 2 
-1.22861 0.825179 -1.00724 2 
-0.94969 1.01512 -0.0873886 2 
-0.82237 0.626582 -0.702234 2 
-0.841611 0.484004 -0.559718 2 
0.998829 -0.742712 0.71477 2 
-0.470369 -0.0431456 -0.366856 2 
0.364696 0.0771046 0.667622 2 
0.465794 -0.0307666 0.776078 2 
0.653895 0.0136811 0.413576 2 
-0.551512 0.475763 -0.165126 2 
0.33106 0.801561 0.933787 2 
-0.368343 0.513551 0.713789 2 
0.259185 -0.0364606 0.813664 2 
0.878559 -0.51438 1.08044 2 
0.148589 0.625322 0.576811 2 
-0.861493 0.915972 0.10109 2 
0.16044 0.831961 0.427221 2 
-0.778614 1.17167 -0.693474 2 
0.105157 0.438919 0.161089 2 
-0.322986 1.02395 -0.102691 2 
-0.400945 0.990956 0.0707821 2 
0.322803 0.0620363 0.289881 2 
-0.0976105 0.0998178 0.490839 2 
-0.262489 1.22014 0.207677 2 
-0.355104 1.21632 0.0359478 2 
-0.911402 1.80117 -0.490958 2 
-0.511922 0.810293 -0.115096 2 
0.987883 -0.0220881 0.714875 2 
-0.0337533 0.112098 -0.151872 2 
-0.465092 0.740822 -0.512583 2 
-0.536474 1.4871 -0.0748792 2 
-0.424769 0.883627 0.0453758 2 
0.503885 0.427705 0.670564 2 
-0.494274 1.16469 0.318939 2 
-0.062874 1.44557 0.73407 2 
-0.563088 0.924529 0.522611 2 
-0.799536 0.427722 -0.560389 2 
-0.0825566 0.358346 0.327812 2 
-0.643728 0.349841 -0.0162102 2 
-1.51198 1.53594 -1.45734 2 
-0.968527 0.496584 -0.659467 2 
-0.837625 0.718546 -0.771615 2 
0.268969 0.132798 0.228505 2 
1.13121 -0.144367 1.24995 2 
0.800408 -0.379592 0.20336 2 
0.496698 -0.313578 0.724414 2 
-0.831171 0.563758 -0.0836318 2 
-0.964217 1.23853 -0.0710287 2 
-0.405989 0.876395 0.560675 2 
0.045245 0.785065 0.278795 2 
-0.670689 1.04022 -0.416413 2 
0.00544731 0.195203 -0.0281787 2 
1.15425 -0.535928 1.47581 2 
-1.69418 1.47687 -1.27288 2 
-1.19963 0.507631 -0.995934 2 
-1.02265 0.738204 0.0189179 2 
-0.952785 1.02206 -0.0626652 2 
0.169761 1.16221 0.750655 2 
-0.227636 0.94891 0.372384 2 
-1.12018 0.979285 -0.383267 2 
-0.999257 0.992552 0.0868227 2 
-0.176515 0.751402 0.00826667 2 
0.738408 -0.146867 0.329865 2 
0.163536 0.284374 0.216262 2 
-0.658082 1.40878 -0.0762997 2 
0.164232 0.680484 0.416067 2 
0.0355226 0.229622 -0.157562 2 
0.762077 -0.0123789 0.648953 2 
-1.46492 1.46935 0.288395 2 
-0.798655 0.827017 0.129917 2 
-0.722179 0.802504 -0.526707 2 
-0.435067 1.02127 0.185903 2 
-1.66236 1.38689 -0.886603 2 
-0.186704 0.583178 0.0531079 2 
0.0344348 0.152792 -0.142074 2 
-0.490321 0.883775 -0.184777 2 
-0.26932 0.230176 0.457138 2 
-0.461698 0.956356 -0.0400976 2 
-0.0736438 0.917442 0.113949 2 
-0.0348146 0.947343 -0.0882446 2 
0.558939 -0.156645 0.114533 2 
1.74235 -0.737376 1.05228 2 
0.197214 0.503296 0.45145 2 
-0.0255398 0.264615 1.21874 2 
-0.728537 0.727638 0.499967 2 
-1.31433 1.20079 0.0749472 2 
-0.166269 0.498979 0.643239 2 
-0.513953 -0.236486 -0.735836 2 
-1.03216 0.90795 -0.733243 2 
-0.512902 1.29989 -0.126254 2 
-0.930099 0.311549 0.119167 2 
0.104567 0.0519479 0.888226 2 
-1.06877 1.42149 0.338913 2 
0.114301 0.570766 0.545229 2 
0.233558 -0.728065 0.148502 2 
0.520812 -0.0862226 0.39995 2 
-1.08455 1.0834 -0.215793 2 
-1.64805 1.31244 -0.373832 2 
-0.894367 1.14376 -0.246186 2 
0.557136 0.476486 0.496941 2 
-0.189454 -0.581684 0.489821 2 
-0.533161 0.665886 0.262986 2 
0.689801 -0.659425 0.51439 2 
-0.259384 0.0174798 -0.323554 2 
-0.195809 1.20578 -0.275659 2 
0.0441472 0.665788 0.3176 2 
-0.299373 0.263048 0.556419 2 
0.871108 0.00795136 1.17463 2 
-0.172593 0.282624 0.313259 2 
0.445574 -0.181536 0.332239 2 
1.32809 -0.237289 1.71385 2 
-0.667019 0.594661 0.679746 2 
-0.865961 1.38464 0.00616283 2 
-0.143766 0.905539 0.849396 2 
0.431294 0.0266212 0.534075 2 
-0.724395 -0.235519 0.0662001 2 
0.246377 0.147277 0.797203 2 
1.12742 -0.293525 1.35408 2 
0.112207 -0.22974 0.534417 2 
0.6385 0.193729 0.908732 2 
-1.56966 0.711056 -0.890721 2 
0.517876 0.380729 0.700359 2 
-1.00911 0.737903 0.131346 2 
0.563666 0.0342925 0.456412 2 
-0.366942 0.380933 0.750208 2 
0.409306 0.620104 0.657083 2 
-0.530228 0.783623 0.123788 2 
0.416614 0.559797 1.13133 2 
-0.389046 1.00339 0.40485 2 
0.227542 1.06605 1.47956 2 
0.356844 0.516615 1.26291 2 
-0.645122 0.516989 0.349174 2 
0.0712783 0.0740543 0.443874 2 
-0.715829 0.518276 0.252574 2 
-0.955083 0.574031 0.511645 2 
-1.09637 1.07044 -0.00299287 2 
-0.488663 0.502046 -0.341623 2 
-1.03313 1.13254 -0.0334214 2 
-0.816719 0.834152 -0.0160106 2 
0.620189 -0.0833051 0.794762 2 
-0.61866 1.25407 1.10026 2 
-0.0914132 0.434136 0.668936 2 
-0.452328 0.236128 -0.167782 2 
0.727262 -0.695246 0.45125 2 
0.385844 0.416591 0.450833 2 
-1.0654 0.893908 -0.127745 2 
-1.54242 0.81636 -0.399173 2 
-0.545747 -0.0220197 -0.00193618 2 
-0.675935 0.995503 -0.095896 2 
-1.01713 0.208958 -0.454028 2 
-0.754995 1.01067 -0.125122 2 
0.238285 1.36093 0.157294 2 
-0.412024 0.877308 0.273586 2 
-0.568038 1.21182 0.0492257 2 
-0.914339 1.13838 0.178747 2 
-0.122904 0.125327 0.453018 2 
0.0811112 -0.336641 0.15368 2 
-0.10697 0.417121 0.628397 2 
-1.07498 1.17339 -0.285201 2 
0.176959 0.599109 -0.147954 2 
-0.296233 1.0933 0.669601 2 
-0.859583 1.23343 -0.218612 2 
-1.46007 1.46833 -1.08411 2 
-0.831817 1.25722 -0.295659 2 
0.598236 -0.118695 0.221686 2 
-0.176893 1.56007 0.120685 2 
-1.31193 2.10125 -0.293553 2 
-0.323073 0.43928 0.261224 2 
-0.0157019 -0.205199 0.332723 2 
0.752413 0.206827 0.566593 2 
0.0207245 0.671484 -0.0324653 2 
-0.121696 1.5799 0.631604 2 
-0.338163 0.74983 0.43126 2 
0.415954 0.422502 0.421328 2 
1.41211 0.0305418 0.246218 2 
-0.0787654 0.723192 -0.228835 2 
0.784352 0.828074 0.381888 2 
0.337853 -0.405114 0.672764 2 
-0.669733 1.29428 0.00992309 2 
-1.59565 1.69199 -0.205792 2 
-0.992689 1.22366 0.0412306 2 
-1.3424 1.25591 -0.352803 2 
0.180547 -0.868302 0.686934 2 
0.14429 -0.436089 0.366934 2 
0.0759887 -0.927508 0.447976 2 
-1.41169 0.752794 -0.7609 2 
-1.08099 2.16973 -0.443104 2 
-0.534237 0.255485 -0.164416 2 
-1.28078 1.3715 -0.395187 2 
-0.824388 1.10044 -0.51207 2 
0.188777 -0.395995 0.0685784 2 
0.305522 -0.696652 -0.378918 2 
-0.817218 0.539961 -0.275734 2 
-0.917929 1.56446 -0.460032 2 
-1.09804 0.61314 -0.357855 2 
-0.448872 0.283635 0.193938 2 
0.265697 -0.290003 0.283307 2 
-0.179427 0.611357 -0.0505955 2 
-0.718733 0.485581 -0.423003 2 
0.393411 -0.148164 0.178947 2 
-0.987826 0.849893 -0.580055 2 
-0.957659 0.322195 -0.354108 2 
-0.0785546 0.89563 -0.292162 2 
-0.663263 0.578413 -0.0705803 2 
-0.483128 0.0112903 -0.177868 2 
-1.5755 1.3739 -1.96706 2 
-0.0559238 0.10196 -0.749772 2 
-1.66994 1.4488 -1.32651 2 
-0.572708 1.27837 -1.36209 2 
-1.3823 1.76315 -0.945996 2 
-0.476645 0.520434 -0.323376 2 
-0.637793 0.715034 -0.548582 2 
0.281007 0.17005 -0.449367 2 
-0.810334 0.998939 -1.14924 2 
-0.99387 1.30544 -0.927205 2 
0.393106 0.226748 0.00466174 2 
-0.297302 0.665398 -0.518763 2 
-0.635395 0.542491 -0.0828367 2 
0.0943219 0.211314 0.317951 2 
-0.47124 0.748301 -0.0188263 2 
0.810091 0.205579 0.432187 2 
0.201515 0.483011 0.367653 2 
0.627715 -0.339439 0.426984 2 
0.692039 0.171272 0.626824 2 
0.526311 0.15484 0.933186 2 
-0.611933 0.629091 -0.493397 2 
-1.28637 1.26527 -1.20289 2 
-2.17301 1.34167 -1.48829 2 
-0.61916 0.291603 -0.805974 2 
-0.765628 0.8606 -0.336829 2 
-1.05801 0.426197 -1.1185 2 
-1.21086 1.0481 -0.582866 2 
-1.13063 0.838253 -0.796662 2 
-0.20873 0.322464 0.00662311 2 
-1.64311 1.04637 -1.30214 2 
-1.00785 0.166592 -1.12696 2 
-1.76714 1.19977 -1.03697 2 
-2.302 1.45343 -2.28271 2 
-2.39993 1.85792 -2.10072 2 
-0.596959 -0.0196451 -0.231216 2 
-0.774214 0.808367 -0.571938 2 
-0.807885 0.776142 -0.839326 2 
-0.478911 -0.102114 -0.0710356 2 
-1.01677 0.922806 -1.10931 2 
-0.494319 0.370434 -0.733031 2 
-0.766602 1.5461 -0.266689 2 
-1.33752 0.445435 -1.24892 2 
-1.37587 1.34281 -1.15387 2 
-0.437774 0.400081 -0.510111 2 
1.27632 -1.02534 1.36516 2 
1.40478 -1.10935 1.32237 2 
-0.829181 0.51033 -0.911207 2 
-0.536054 0.476941 -0.71772 2 
0.148123 0.0145941 -0.0805478 2 
-0.456417 0.964783 -0.501656 2 
-0.0124846 -0.45539 0.0431695 2 
0.105694 0.800453 0.879047 2 
1.91109 -1.67445 1.67534 2 
-0.204811 0.709347 0.429338 2 
-0.201295 0.340609 0.758126 2 
0.468812 0.303645 0.636787 2 
-0.387417 0.827227 -0.135194 2 
0.333631 -0.189709 -0.445795 2 
-0.24256 1.20514 -0.207439 2 
-0.351604 0.13917 -0.974787 2 
0.720134 -0.413964 -0.0828049 2 
-0.347467 0.305691 -0.564894 2 
-0.979616 1.58455 -1.35617 2 
-0.413358 0.384195 0.329349 2 
0.448878 -0.779541 -0.264247 2 
-0.975584 1.2184 0.699499 2 
-0.18908 0.86492 0.26999 2 
0.907698 -1.15516 0.72796 2 
-0.382235 -0.0917374 -0.518419 2 
-1.13803 0.979923 -0.400452 2 
-0.221021 -0.0144381 -0.141907 2 
-0.829234 0.165797 -0.547455 2 
-1.15108 0.775409 0.323205 2 
-0.723485 0.111272 0.477159 2 
-0.615702 -0.00552572 0.7466 2 
-0.735902 0.219686 0.0885187 2 
0.506931 -0.469388 0.58052 2 
-0.717045 0.944433 -0.888971 2 
0.0165882 0.503779 -0.143846 2 
0.755242 -0.887827 -0.281278 2 
-0.121379 -0.645622 -0.200681 2 
0.959976 -1.37829 0.448675 2 
-0.412313 -0.654231 0.0382251 2 
-0.262923 -0.299807 -0.373699 2 
0.386998 -0.741693 0.481394 2 
-0.682489 0.570336 -1.51912 2 
0.547582 0.220951 -0.792477 2 
-0.204849 1.13965 -0.983438 2 
-0.14512 0.38834 -0.0171494 2 
-0.0827149 0.766364 -1.68174 2 
-0.115622 0.449541 0.294655 2 
0.293009 0.0282369 0.741817 2 
1.3523 -0.429284 -0.928909 2 
-0.291279 -0.170697 -0.348522 2 
0.301352 -0.200776 0.521904 2 
0.0657208 0.0329825 -0.29984 2 
-0.522462 0.614788 0.179463 2 
-0.366041 0.343284 0.230309 2 
-1.40311 0.653232 -0.59734 2 
-0.298479 0.613507 -0.188611 2 
0.796227 0.486688 0.367134 2 
-0.328486 0.7493 -0.626493 2 
0.0867846 0.51939 -0.368662 2 
0.391885 0.773729 -0.620672 2 
-0.825332 0.901886 -0.566989 2 
-0.805801 0.986062 -0.561947 2 
0.32922 0.58489 0.260593 2 
0.328078 0.0580961 -0.0474063 2 
-0.227754 0.926357 -0.543402 2 
0.39279 0.278871 0.295384 2 
0.0180733 0.325593 0.0847348 2 
0.21888 -0.173012 0.38523 2 
0.511753 -0.123377 0.900776 2 
0.618046 -0.0471364 0.52868 2 
0.0269926 0.0199049 0.449919 2 
-0.0641654 -0.358978 0.232117 2 
0.153518 0.650946 -0.0388904 2 
0.369981 -0.0804925 0.213454 2 
-0.961933 1.3019 -1.11853 2 
0.336177 -0.0376324 0.75249 2 
0.871494 -0.729659 1.13575 2 
-0.117333 -0.04781 0.61232 2 
-0.130859 -0.091164 0.1211 2 
0.83626 -1.69405 1.71287 2 
0.623544 -0.945557 1.34638 2 
-0.0217153 -0.640678 0.972586 2 
-0.189287 -1.11624 1.31365 2 
0.678597 -0.759388 1.52955 2 
-0.231463 0.84975 -0.950095 2 
-0.545335 0.0565315 -0.219335 2 
-0.342846 0.427682 -0.216901 2 
-0.32414 0.203819 0.0836421 2 
-0.87594 0.202453 -0.120494 2 
-0.0506121 0.489421 -0.467582 2 
-0.681488 1.39494 -1.39897 2 
0.224865 0.27634 -0.0339821 2 
-0.554641 0.401626 -0.929991 2 
-0.203618 0.53165 -0.502591 2 
-0.147946 0.0386406 0.313064 2 
0.530633 0.633466 -0.336679 2 
0.187958 -0.851894 0.411325 2 
0.138002 0.0591604 -0.239437 2 
-0.412216 -0.52915 1.06172 2 
0.234983 -0.362375 0.737656 2 
-0.548696 0.210501 0.717346 2 
0.29692 -0.328906 1.1327 2 
0.0169387 0.684626 0.406761 2 
0.105233 -0.514585 1.42749 2 
0.964728 -0.377925 1.07382 2 
0.730326 -0.818795 1.07043 2 
-0.982215 0.936257 -0.707306 2 
-0.553419 -0.132219 0.887593 2 
-1.02735 0.764143 -0.759881 2 
-0.449197 0.695831 0.0146839 2 
-0.237316 -0.0817863 0.0210751 2 
-0.0591853 0.22282 0.0108888 2 
1.17797 0.0569329 0.449402 2 
-0.233328 -0.225345 0.394919 2 
-1.08495 -0.319593 -0.142512 2 
0.952135 -0.109269 -0.704698 2 
-1.35943 0.225584 -0.398991 2 
0.154369 -0.0036941 -0.153854 2 
-0.248508 -0.0550711 0.206688 2 
-2.43199 0.980497 -1.06156 2 
-2.05106 1.17758 -1.55859 2 
-0.72976 -0.47238 0.458797 2 
-1.30258 0.325445 -0.0684551 2 
-0.737031 0.130131 -0.0766339 2 
-1.2213 0.71656 -1.34671 2 
-0.264951 -0.344415 -0.403949 2 
-1.5651 0.758493 -1.05589 2 
-0.437932 0.0907388 -0.57789 2 
-2.58516 1.07741 -1.55541 2 
-1.23135 0.52761 -0.583322 2 
-2.41459 0.478444 -0.908337 2 
-2.40365 0.383877 -0.533857 2 
-0.76607 0.252408 -0.478158 2 
0.585062 -0.100131 -0.512562 2 
0.750754 -0.234808 0.00628377 2 
-1.10691 0.127782 -0.582285 2 
-0.706748 0.421677 -0.205205 2 
-1.25732 0.770504 -1.06625 2 
-0.195061 0.583976 -0.198259 2 
-1.40222 0.576835 -0.451567 2 
-0.944977 0.0264276 0.181693 2 
-1.22637 0.579329 -0.352245 2 
-0.649489 0.676035 -0.242816 2 
-2.57927 1.09473 -0.86809 2 
-1.35579 0.0971486 -0.148081 2 
-1.91593 0.0524683 -0.696816 2 
-2.37221 0.529378 -1.17201 2 
-0.760015 0.198914 0.00567431 2 
-1.31178 0.38536 -0.316239 2 
-1.97456 0.646209 -0.811965 2 
-0.384713 0.394251 -0.301979 2 
-1.38298 0.203722 -0.322019 2 
-2.80433 1.01074 -0.60747 2 
-2.80229 1.08448 -0.975021 2 
-0.908687 0.406654 -0.3896 2 
-1.03239 0.870481 -0.707892 2 
-1.69382 1.07051 -1.20509 2 
-1.37612 1.02185 -0.532048 2 
-2.01883 0.749979 -0.452115 2 
-0.134231 0.642771 -0.149565 2 
-0.363981 0.965682 -0.140501 2 
-0.0168466 0.0641904 -0.366478 2 
-1.38507 0.608073 -0.721377 2 
-1.52861 0.733792 -0.550312 2 
-2.18907 0.663239 -0.66125 2 
-1.06602 0.659032 -0.364362 2 
-1.23228 0.307857 -0.588455 2 
-0.840406 -0.221905 0.148495 2 
-1.82624 0.600441 -0.89498 2 
-0.89947 0.116195 -0.196485 2 
-2.30988 0.730387 -0.956803 2 
-1.40651 1.08265 -0.822647 2 
-1.03524 0.429399 -0.949579 2 
-1.2309 0.356436 -0.893516 2 
-1.32165 0.423828 -0.891821 2 
-2.43239 1.02008 -1.41987 2 
-0.555809 0.76337 -0.225068 2 
-2.23149 0.674446 -0.785732 2 
-1.78268 0.487436 -0.474476 2 
-2.07977 0.393231 -0.528838 2 
-1.56578 -0.078694 -0.0803117 2 
-1.15803 0.44315 -0.147859 2 
-1.18487 0.793021 -0.649192 2 
0.0538222 -0.519973 -0.0372825 2 
-0.802608 0.287296 -0.28085 2 
-1.7305 0.609745 -0.761313 2 
-1.10564 0.0151573 -0.0354849 2 
-1.44446 0.567646 -0.225656 2 
-0.51942 0.702445 -0.0849343 2 
-1.40841 0.8585 -0.822114 2 
-0.650652 0.100484 -0.188588 2 
-0.520258 0.511199 0.0822391 2 
-2.37882 0.685352 -1.17883 2 
-2.37716 0.654863 -0.635022 2 
-0.793934 0.894223 -0.797163 2 
-0.506906 0.448442 -0.632137 2 
-0.746769 0.102597 0.406521 2 
-0.117294 -0.433855 0.351613 2 
-0.695287 0.472727 -0.0477457 2 
-1.25452 0.734528 -0.457891 2 
-1.07351 0.657267 -0.507941 2 
-0.175153 0.246035 -0.122526 2 
0.0158471 -0.0423503 1.94456 2 
-0.0426864 0.537466 -0.241088 2 
-1.20841 0.618648 0.796699 2 
-0.191597 0.655199 -0.0433225 2 
-0.708306 0.554218 0.0634884 2 
0.00940346 -0.217295 0.369047 2 
-0.633426 0.0122483 0.0727236 2 
-0.242485 0.428118 0.0367011 2 
-0.0480032 -0.390137 1.07837 2 
-0.678723 0.260345 -0.435542 2 
-0.461825 0.459102 0.54105 2 
-0.476584 0.474326 -1.00417 2 
-0.144251 0.493795 0.821903 2 
-0.150561 -0.0532143 1.21941 2 
-0.419883 0.374672 0.00304406 2 
-0.218501 0.128249 0.312727 2 
0.215043 -0.376788 -0.000335807 2 
0.0322154 -0.517823 0.368985 2 
-0.197114 0.192358 -0.950495 2 
0.0621893 -0.371429 0.530464 2 
-0.01352 -0.450229 -0.852768 2 
0.30278 -0.178463 0.171509 2 
-0.88365 0.378907 -0.445846 2 
-0.331385 -0.190531 0.386541 2 
-0.747539 -0.142668 0.167698 2 
-0.436096 -0.821988 1.86445 2 
0.0713508 -0.379823 0.85032 2 
-0.807573 -0.421777 0.506425 2 
-1.62446 0.531675 -0.97052 2 
-1.21029 0.140943 0.722247 2 
-2.11824 1.03592 -0.405235 2 
-1.68626 0.806463 -0.475399 2 
0.141226 -0.643566 1.19939 2 
-1.0675 0.560685 -0.852659 2 
-1.22599 0.365707 -0.166109 2 
-0.906177 0.701164 -0.26501 2 
-0.823581 0.162268 0.167061 2 
0.162937 -0.38768 1.00721 2 
-0.56339 -0.271163 0.591277 2 
-0.724059 0.725104 -0.42524 2 
-1.43998 0.943864 -0.97121 2 
0.59641 0.285054 -0.867694 2 
0.0551126 -0.0401138 0.83934 2 
-0.311425 0.282899 -0.175426 2 
-1.07765 0.317052 0.363572 2 
-0.568529 0.167796 0.674194 2 
-1.5847 0.804845 -0.247383 2 
-0.456225 0.313992 0.138892 2 
-0.70896 0.501003 0.202484 2 
-0.548419 0.0531414 0.493853 2 
-0.752546 0.309781 -0.049377 2 
-0.576714 0.516103 -0.0750581 2 
-1.18222 0.274522 0.230479 2 
0.258461 0.0369681 0.488616 2 
-0.494004 0.0235236 0.466088 2 
-1.73671 0.886543 0.345178 2 
0.393117 -0.171373 0.639791 2 
-0.419334 0.141706 0.460969 2 
0.0599303 0.134879 0.452997 2 
-0.378142 0.193872 0.272765 2 
-0.0498364 0.337668 0.907726 2 
-1.11764 0.731483 -0.221507 2 
-0.984496 0.417041 -0.339379 2 
-0.559177 -0.0886686 0.186231 2 
-0.501778 0.371131 -0.247406 2 
0.13765 0.161975 -1.04348 2 
-0.342355 -0.0642989 -1.21799 2 
-0.18903 -0.146022 0.0837955 2 
-1.50481 0.891694 -0.914439 2 
-1.48955 0.899961 -0.467928 2 
-1.78612 0.637489 -0.690029 2 
-0.391991 0.1035 0.093551 2 
-0.177152 0.104337 0.142835 2 
0.0832646 0.221935 -0.224088 2 
-0.23894 0.297759 -0.799386 2 
-0.150072 -0.183528 -0.0971602 2 
-0.303289 -0.00209481 -0.445726 2 
-1.05159 0.921932 -0.593911 2 
-0.532131 0.214688 -0.488903 2 
-1.02526 0.384768 -0.388893 2 
-0.94397 0.868028 -1.06453 2 
0.926558 -0.292323 0.0634543 2 
0.125833 -0.00277147 0.152784 2 
-0.472794 0.353251 -0.156525 2 
-1.33963 -0.20242 -0.422863 2 
-0.83174 0.181756 0.234562 2 
-1.2264 0.290775 -0.182393 2 
-0.689762 -1.06583 0.366246 2 
-2.68684 0.824769 -0.522604 2 
-1.0544 0.912552 -0.781401 2 
-0.689748 0.478333 -0.584673 2 
-1.5804 0.854616 -0.441202 2 
-0.970557 0.448012 -0.250607 2 
-0.220563 -0.175398 0.176491 2 
-0.964185 0.450407 -0.859981 2 
0.147725 -0.231567 0.0954571 2 
-1.38897 0.389955 -0.375969 2 
-1.22046 0.43971 0.0512402 2 
0.458093 -1.39809 1.62341 2 
-0.522367 0.160422 0.421141 2 
-0.623661 0.607037 -0.308405 2 
0.121129 0.26995 0.517332 2 
-0.909249 0.10954 0.242056 2 
0.257202 -0.205325 0.385251 2 
-0.0855577 0.200281 0.24302 2 
-1.0393 0.144669 0.268283 2 
-1.04947 0.237244 0.566164 2 
-0.405102 -0.155898 0.566824 2 
-2.1171 1.86688 -0.501501 2 
-1.6704 1.56716 -1.20861 2 
-0.513932 1.11699 -0.562489 2 
0.342875 0.271422 -0.422675 2 
-0.0398757 -0.090935 -0.406323 2 
-0.951728 -0.0897198 -0.72097 2 
-0.668187 0.417672 -0.255247 2 
-0.70073 0.472228 0.13716 2 
-0.481971 0.518069 -0.353041 2 
-0.926852 0.424026 -0.356557 2 
0.621179 -0.747994 0.12882 2 
-0.785874 0.308954 -0.499052 2 
0.302904 0.115264 -0.345039 2 
-0.234237 0.410373 -0.114101 2 
0.794005 -0.45848 0.24203 2 
0.511703 -1.22374 1.02526 2 
-0.635498 0.207646 -0.945512 2 
-0.663342 -0.251088 0.361447 2 
0.0948244 0.116225 -0.015682 2 
-0.531565 0.0262045 0.0423188 2 
0.318045 0.155246 -0.636124 2 
0.86614 -0.0985856 -0.282201 2 
-0.650385 0.129853 -0.378535 2 
-0.301651 0.324093 -0.368833 2 
0.176834 0.0901725 -0.189687 2 
0.754698 -0.398219 -0.0389824 2 
-0.0802738 -0.0397647 0.0062838 2 
-0.295838 0.0314568 0.393357 2 
-0.959838 0.208222 -0.528853 2 
0.497116 -0.131036 0.0520071 2 
-1.22943 0.182433 -0.477078 2 
-0.279527 0.143455 -0.0515773 2 
-0.82931 0.138127 -0.0193641 2 
-0.749887 0.369922 -0.0636815 2 
-0.423172 0.642876 -0.107316 2 
-0.377421 0.000677076 -0.112423 2 
0.0951644 -0.493847 0.0127772 2 
-0.0562437 0.240896 0.51787 2 
-1.3395 0.753315 -0.604884 2 
-0.372216 0.450168 0.463516 2 
-1.219 -0.0780966 0.424376 2 
-1.80828 1.02233 -0.0507605 2 
-0.713609 0.332577 -0.405521 2 
-0.246813 0.360248 0.616076 2 
-1.56552 0.624142 -0.39053 2 
-0.520626 0.152754 0.00181101 2 
-0.458574 -0.0820674 -0.138108 2 
-0.49639 0.863961 -0.0916222 2 
-0.610958 0.951365 -0.519033 2 
-1.96196 1.23521 -0.723318 2 
0.0338008 -0.01764 0.478081 2 
0.702672 0.050206 -0.0756839 2 
0.196878 0.382163 0.259459 2 
0.2734 -0.0169292 0.181598 2 
-1.23543 0.855234 -0.414355 2 
-0.555979 -0.193367 0.0553086 2 
-0.212675 -0.426069 0.221713 2 
0.822173 0.0931439 0.470103 2 
0.47024 0.697903 0.0541168 2 
-1.2141 0.596176 -0.34743 2 
-0.903462 0.16284 -0.383687 2 
-0.0226768 0.793339 -0.165308 2 
-1.33587 0.66597 -1.15276 2 
-0.132457 -0.34324 -0.414131 2 
0.0190916 -0.0407519 0.173361 2 
-0.934486 0.645327 -0.93789 2 
-0.766637 0.473878 -0.248236 2 
-0.417169 0.236268 0.287437 2 
-0.545782 0.390012 -0.158879 2 
0.058886 0.177643 -0.463957 2 
1.10796 -0.0869947 0.669608 2 
-0.478391 0.134699 0.243685 2 
-0.995882 0.0209881 0.0495466 2 
-0.288211 0.356094 -0.0860657 2 
-1.01067 0.604755 -0.787335 2 
-1.62933 0.695944 -0.739301 2 
-1.2837 0.676993 -1.66962 2 
-0.18599 0.18037 0.212766 2 
-1.62396 0.917353 -1.37873 2 
-1.74291 0.979586 -0.792976 2 
-0.254658 0.190205 -0.239508 2 
-1.1069 0.440502 -0.694047 2 
0.103529 0.111415 -0.0848544 2 
-0.898946 0.396338 -0.450475 2 
-0.888777 1.02257 -0.264757 2 
-0.937153 0.909061 -0.77476 2 
-0.314132 0.627631 -0.426784 2 
-2.09645 1.39328 -0.978615 2 
-0.57615 0.366175 -0.0171671 2 
-0.247574 0.540608 -0.0791481 2 
-0.840968 0.344813 0.486109 2 
-0.778782 0.507367 0.18053 2 
-0.243644 0.114855 0.4832 2 
-1.79792 0.613886 -0.737157 2 
-0.896563 0.694223 -0.532693 2 
-0.611792 0.553354 -0.0970212 2 
-0.201154 0.227055 1.27622 2 
-0.929352 0.36233 -0.190434 2 
0.436536 0.141721 0.744288 2 
-0.570992 0.0323842 -0.331326 2 
-0.972091 -0.0241932 -0.244357 2 
-0.591707 0.575641 0.0270185 2 
-0.0571821 -0.149748 0.0168686 2 
-0.931055 0.650836 -0.100777 2 
-0.320517 0.961353 -0.150488 2 
0.150684 -0.147093 0.0179434 2 
-0.529829 0.61448 -0.00846821 2 
-0.404724 0.786995 -0.340421 2 
0.39795 -0.201906 0.151685 2 
-0.814292 0.336814 0.326998 2 
1.35622 -0.0864628 0.21223 2 
-0.518381 0.388398 0.114024 2 
-1.39615 0.232403 -0.166115 2 
-0.410066 0.667168 0.270604 2 
-0.153704 0.171792 0.477946 2 
-0.430425 0.281116 -0.262239 2 
1.03012 -0.271581 1.04677 2 
0.456732 -0.427835 0.117727 2 
-1.02533 1.16732 -0.410538 2 
0.511484 -0.372426 0.312008 2 
-0.39323 0.741628 0.291771 2 
-0.954767 0.386676 -0.484635 2 
-0.761694 0.454844 0.46738 2 
0.474331 -0.653676 0.951145 2 
0.147306 0.395811 0.70012 2 
0.217336 -0.201532 -0.0269514 2 
-0.447219 0.70262 -0.0609593 2 
0.284575 0.0798083 0.0882652 2 
-0.590482 -0.1726 0.0550179 2 
-0.621171 0.207128 0.668263 2 
-0.454459 0.208125 0.0756087 2 
-0.325454 0.0250766 0.0954109 2 
-0.270433 0.417727 0.194638 2 
-0.538563 0.00931591 -0.319886 2 
0.217945 -0.122129 0.674813 2 
0.133596 -0.274272 0.204697 2 
0.906763 0.0806407 0.792785 2 
-0.815801 0.187625 0.00656038 2 
-0.893596 0.531704 -0.0265829 2 
-0.902073 0.257686 -0.0980996 2 
-1.3114 1.1697 -0.218574 2 
0.565041 -0.395752 0.35088 2 
-0.580565 0.503887 -0.570828 2 
0.140891 -0.0393757 -0.305777 2 
0.264943 -0.0611541 0.92974 2 
0.748819 -0.771863 0.188955 2 
-0.51924 0.757666 0.249381 2 
-0.527294 0.288834 -0.0487785 2 
0.843604 -0.644985 0.858186 2 
-0.118115 0.0918383 -0.00161402 2 
-0.410129 -0.507378 0.0545966 2 
0.117913 -0.269484 0.191503 2 
0.134146 0.254024 0.0536833 2 
-1.14617 0.303663 -0.0840811 2 
-0.963671 0.197372 0.296118 2 
-0.501713 -0.120583 -0.510516 2 
-1.29112 0.89882 -0.116539 2 
0.3191 -0.426753 -0.0142147 2 
-0.663374 0.369151 -0.374104 2 
-1.18023 0.577214 -0.352269 2 
-0.471044 0.543923 -0.377268 2 
0.703833 -0.965671 0.397414 2 
-0.381804 0.166132 0.445856 2 
-0.812229 0.882129 -0.612194 2 
-0.48615 -0.152936 -0.0913077 2 
-0.848091 0.570718 -0.29178 2 
0.581096 -0.725319 0.57304 2 
-0.180666 0.411023 -0.269729 2 
-1.54511 0.887422 -0.8254 2 
-0.263889 0.767213 0.115271 2 
-0.0407333 0.291505 0.0608518 2 
-0.836441 0.292417 -0.135291 2 
-0.351842 0.204147 0.028875 2 
-1.48061 0.852624 0.0219586 2 
-1.08457 0.751575 -0.755093 2 
-1.29616 0.939557 -0.864981 2 
-1.86967 0.873485 -1.21537 2 
-0.563042 0.601562 -0.232414 2 
-0.814466 0.266898 -1.12669 2 
-0.746983 0.859786 -0.733216 2 
-0.436764 0.145114 -0.567541 2 
-0.707809 0.224818 -0.533804 2 
-0.617112 0.385487 -0.559888 2 
-0.925364 1.01868 -0.543088 2 
0.157495 -0.265729 -0.0139368 2 
0.220931 -0.524708 0.346356 2 
0.185112 -0.00657743 -0.0721114 2 
0.292752 -0.295764 0.361123 2 
-0.804055 0.673291 -0.420788 2 
-0.491291 0.450593 -0.175232 2 
-0.175976 0.368915 -0.055814 2 
-0.654597 0.20992 -0.473073 2 
-1.39456 0.922006 -0.832077 2 
-0.147625 0.526117 -0.204872 2 
-0.0116258 -0.341535 0.218795 2 
-0.469698 0.797839 -0.184689 2 
-0.648484 -0.280957 -0.434416 2 
-0.266493 0.259447 -0.047205 2 
0.0693915 -0.141139 0.105961 2 
-1.15042 1.08668 -0.94657 2 
-0.526547 -0.0556024 -0.153738 2 
-0.949762 0.407711 -0.566034 2 
-1.22751 0.424309 -0.136528 2 
-0.884127 1.06486 -0.405364 2 
-1.47492 0.73566 -0.581212 2 
0.0634768 -0.493289 0.517979 2 
-0.519235 0.270501 -0.700447 2 
-0.158142 0.138904 -0.115021 2 
-0.296787 0.231804 0.111459 2 
0.695355 -0.570026 0.694936 2 
-0.849959 -0.331768 -0.137516 2 
-1.35395 0.345656 -0.0358784 2 
-1.03933 0.41905 -0.325733 2 
-0.14973 -0.044836 -0.343278 2 
-0.621122 0.306857 -0.288097 2 
-0.481474 0.25011 -0.151903 2 
-0.159797 0.347412 -0.29257 2 
-0.237735 0.554548 0.0647464 2 
-0.877603 0.181398 -0.469677 2 
-2.63777 1.62464 -1.68823 2 
-0.326316 0.156329 0.0292567 2 
-1.08804 0.570057 -0.46564 2 
-0.578342 -0.37926 -0.104622 2 
-0.0211535 -0.0854878 0.156222 2 
-0.369451 0.116981 -0.312265 2 
-0.842505 0.464063 -0.14783 2 
-0.313271 -0.251944 0.247425 2 
-0.524846 0.695212 0.148014 2 
-1.46585 0.511649 -0.567556 2 
-0.902005 0.593947 -0.390213 2 
-1.29834 0.817762 -0.395701 2 
-0.0992286 0.462045 0.613955 2 
0.293843 0.204876 0.180936 2 
0.210816 0.310579 0.495496 2 
-0.876305 0.591436 -0.307876 2 
-0.789049 1.01613 -0.234311 2 
-1.88274 1.57037 -1.32874 2 
-0.836725 1.1146 -0.27662 2 
-0.891321 0.615306 -0.353644 2 
-0.668469 0.033426 -0.0667734 2 
-1.06161 0.780969 -0.560032 2 
-0.627497 0.143577 -0.179387 2 
-0.558717 0.658382 -0.0940843 2 
-0.0138752 0.502192 0.353866 2 
-0.678886 0.936272 -0.326904 2 
0.287272 -0.289379 -0.368811 2 
0.15989 -0.123624 0.154014 2 
-0.0289047 -0.225282 0.286287 2 
-0.74319 0.16705 0.100853 2 
-0.73922 0.107214 0.324768 2 
-0.823003 0.765953 -0.12256 2 
-0.495038 -0.16333 0.189982 2 
-1.21702 0.62519 -0.377956 2 
-1.05301 0.108189 -0.0500787 2 
-0.751107 0.254934 0.179419 2 
-0.75445 0.734299 -0.218686 2 
-0.607448 0.169662 0.400463 2 
-0.815375 0.849986 -0.114327 2 
-1.54408 0.217708 -0.381935 2 
-1.28734 0.749333 -0.33819 2 
-0.347235 -0.118557 -0.156155 2 
-0.559857 0.410935 -0.0345359 2 
-0.79989 -0.0389634 0.0913871 2 
-0.861127 0.647192 -0.172644 2 
-0.168741 -0.112771 0.584797 2 
-0.57568 0.256015 0.267023 2 
-2.24038 1.19317 -1.09375 2 
-1.0592 0.378042 -0.401796 2 
-0.839535 0.356907 0.0336101 2 
-0.146483 0.98127 -0.161844 2 
-0.525575 0.364253 -0.253528 2 
-0.284309 0.66017 0.326811 2 
-0.94329 0.485835 -0.475214 2 
0.160374 -0.428665 0.685154 2 
-1.1575 0.386728 -0.467766 2 
-0.662528 -0.491308 -0.196593 2 
-1.37613 0.24984 -0.258806 2 
-0.702625 0.116574 -0.0201763 2 
0.0600134 -0.0786458 0.235884 2 
0.158152 -0.633216 0.638452 2 
0.0151943 -0.211374 -0.155612 2 
-0.363533 0.25525 -0.223395 2 
-1.36695 1.06273 -1.28703 2 
-1.71162 1.23319 -1.39035 2 
-0.981828 0.832245 -0.276869 2 
-1.74508 1.08615 -1.00525 2 
-0.2713 -0.0978127 0.318874 2 
-1.60448 0.435537 -0.422572 2 
-1.03898 0.90863 -0.138136 2 
-1.27533 1.17391 -0.0934874 2 
0.483131 0.147596 0.29846 2 
-0.136983 0.351968 -0.192951 2 
-1.21643 1.70895 -0.413537 2 
-0.380506 0.524153 0.287505 2 
-0.00338404 -0.314747 0.0479547 2 
-0.44988 -0.379876 0.181913 2 
0.241204 -0.165961 0.480291 2 
-0.936066 1.07546 -0.581321 2 
-0.620609 0.456077 -0.604527 2 
-1.11644 0.588144 -0.312599 2 
0.158221 -0.50772 0.375727 2 
-0.549987 -0.580144 -0.153807 2 
-0.530069 0.354143 -0.174049 2 
-0.212149 -0.699247 0.39271 2 
-0.240412 0.112745 0.0980778 2 
0.163502 0.00957555 0.328292 2 
0.151382 -0.522444 0.61192 2 
-0.13265 0.135579 -0.14102 2 
-0.550904 0.134237 -0.331966 2 
0.891315 -0.411369 0.69105 2 
-0.762498 0.844866 -0.057027 2 
0.505138 -0.0833682 -0.203454 2 
0.680379 -0.869819 1.26234 2 
-0.621947 0.373011 -0.19215 2 
0.298679 0.45969 0.00171998 2 
0.324262 -0.586959 0.789167 2 
-0.0755661 -1.00584 0.862368 2 
0.161211 -0.197345 0.087389 2 
0.527884 -0.811886 0.682759 2 
-0.401348 0.488966 -0.198725 2 
-0.213493 0.404958 -0.596306 2 
0.529023 -0.739203 0.28044 2 
-0.270186 0.993869 -0.164318 2 
-0.11723 0.667542 -0.231177 2 
-1.36051 1.2739 -0.982496 2 
-1.10822 0.616252 -0.726606 2 
-0.465775 0.745764 -0.234169 2 
-0.517811 0.273382 -0.601928 2 
-0.0870883 0.545118 -0.186156 2 
0.0298829 0.571847 -0.456982 2 
-1.28653 0.745095 -0.823977 2 
0.124283 -0.0748823 0.122812 2 
-1.79482 1.38634 -0.977525 2 
-1.05361 0.587096 -0.445686 2 
0.867295 -0.803407 1.00584 2 
1.5745 -0.471334 0.576451 2 
0.700738 0.0537604 0.467726 2 
-0.311819 0.0849385 -0.605086 2 
0.388188 -0.444707 0.244155 2 
0.455283 -0.622774 0.139933 2 
0.673631 0.0431422 -0.0761294 2 
0.977185 -0.370053 0.142885 2 
0.670478 -0.97081 0.831519 2 
-0.546722 -0.316659 -0.860048 2 
0.382341 -0.500281 0.373874 2 
0.638538 -0.675305 0.321728 2 
-0.296866 0.786988 -1.90643 2 
-0.487497 -0.260154 -0.199362 2 
0.789336 -0.895562 1.08626 2 
-0.17131 -0.0466811 0.271128 2 
-0.307957 0.0724358 0.989717 2 
0.991405 -0.850491 1.50699 2 
2.42358 -2.07698 3.08124 2 
2.07675 -1.65903 2.97842 2 
0.855724 -0.583767 1.42573 2 
0.0396415 0.388611 0.636447 2 
0.402343 0.295689 0.72167 2 
0.781514 -0.560461 1.09557 2 
0.679363 -1.07312 0.67946 2 
0.16465 -1.02185 1.02852 2 
0.417716 0.236092 1.01123 2 
0.0052387 0.231251 0.0760245 2 
0.47863 0.472714 0.513561 2 
0.167628 0.380651 0.189663 2 
0.568653 -0.00522774 0.325239 2 
-0.0781167 0.267099 -0.146587 2 
1.0603 -1.10787 1.94113 2 
0.190944 -0.363055 0.268679 2 
0.665536 0.0101512 0.35488 2 
0.867556 -0.0825009 1.2827 2 
1.14175 -0.129061 0.506413 2 
0.830312 -0.391673 1.05809 2 
2.35765 -1.45308 2.94909 2 
1.05599 -1.13588 1.32623 2 
-0.0629052 -0.0633111 0.628818 2 
1.48139 -0.888289 1.41813 2 
0.893874 -0.225716 1.39359 2 
-0.214529 1.17841 -0.687111 2 
-0.663555 0.421726 -0.953666 2 
0.136365 0.150148 -1.07648 2 
0.130284 -0.115961 -0.201028 2 
-0.175992 -0.116575 -0.819399 2 
0.158503 0.479078 -0.0572729 2 
0.69414 0.270903 0.172928 2 
-0.180053 0.700155 -0.704755 2 
-0.470759 0.593193 -0.160511 2 
0.0213459 1.12955 0.328411 2 
0.58746 -0.0445772 1.2281 2 
0.0505717 0.340004 0.678109 2 
0.441492 0.665359 0.446994 2 
0.670402 0.610888 0.928539 2 
0.44826 0.688724 0.293096 2 
0.79383 0.359549 0.295389 2 
0.680003 0.24671 0.212362 2 
1.80065 -0.854156 1.0964 2 
-0.120033 -0.818194 0.213732 2 
-1.25603 0.2714 -1.91482 2 
-0.703757 -0.0338256 -0.635822 2 
0.643826 -0.159308 0.153833 2 
-0.272871 0.339575 -0.370068 2 
-0.463834 -0.182549 -0.225024 2 
-0.193186 0.412357 0.00909223 2 
0.216129 -0.0139631 0.901836 2 
0.0595661 -0.308592 1.14508 2 
-0.889199 0.266894 -0.0278689 2 
-0.159958 -0.364864 0.910318 2 
-0.764622 -0.131532 -0.370293 2 
0.258387 -0.307663 0.486569 2 
-0.305998 -0.221225 -0.440498 2 
-0.830121 0.755715 -1.33398 2 
0.00372215 0.564934 -0.411723 2 
-0.257851 0.623548 -0.50309 2 
-1.33803 0.764212 -1.19245 2 
0.0302503 0.748602 -1.05681 2 
0.530934 -0.692939 0.972073 2 
-0.206559 0.278067 0.0786965 2 
-0.113897 0.340095 0.613819 2 
-0.605431 0.960158 0.319602 2 
0.292507 1.24958 -0.814007 2 
0.42389 0.294944 0.181049 2 
0.425795 -0.0614472 0.160951 2 
0.291614 0.0079939 -0.173039 2 
0.0362953 -0.112219 0.735152 2 
-0.566301 0.539488 -0.968613 2 
-0.288293 -0.116407 -0.509079 2 
0.447289 -0.474537 1.30711 2 
0.704167 -0.439139 2.01178 2 
0.079695 0.417804 -0.582547 2 
-0.807989 1.2241 -0.807948 2 
0.417687 0.129573 1.78393 2 
-0.0158503 1.28309 -0.902802 2 
0.196815 0.0281251 0.705459 2 
0.135654 0.21586 -0.12632 2 
0.429173 0.801248 -0.266411 2 
0.121415 1.21879 -0.458492 2 
-0.140296 0.12387 0.0807239 2 
-0.249726 0.671421 -1.1609 2 
0.629331 -0.0608744 0.536956 2 
0.833344 -0.376396 1.70773 2 
0.0337546 0.143839 -0.282324 2 
-0.724168 0.770499 -1.22677 2 
-0.900316 1.96951 -1.03155 2 
-0.552154 0.61085 -1.02516 2 
0.948574 -0.9009 1.30158 2 
0.712528 -0.387219 1.15666 2 
0.0338239 0.191382 -0.0371297 2 
0.966555 -0.492652 0.651277 2 
0.512535 -0.338037 0.867948 2 
-0.527367 0.304289 -1.19228 2 
1.19314 -0.94275 1.03236 2 
-0.0769621 -0.541485 0.629883 2 
0.914362 -0.584385 1.15447 2 
-0.0420601 0.379636 0.363099 2 
-0.117787 1.11098 -0.86613 2 
0.149142 0.632933 -0.566895 2 
0.0336413 -0.295627 1.0922 2 
0.244246 0.289051 0.458987 2 
0.865348 -0.370369 -0.00589433 2 
-0.404772 0.0168941 -1.11576 2 
0.316172 0.39896 0.227003 2 
0.375661 0.0151291 0.217983 2 
-0.137426 0.845425 -0.363763 2 
1.1158 -0.454488 0.762596 2 
0.881195 -0.616801 1.26812 2 
-0.219667 0.487781 -0.0659121 2 
0.139943 0.654528 -0.11411 2 
0.250721 0.636292 0.262335 2 
1.72099 -0.406486 0.834866 2 
1.85202 0.121986 1.53413 2 
0.395607 0.747899 -0.957699 2 
0.470874 -0.0400243 1.05937 2 
-0.216512 0.555865 -0.94822 2 
0.277127 -0.0997347 0.173713 2 
-0.823497 0.856926 -2.26442 2 
0.129134 0.440884 -0.585205 2 
-0.133513 0.0580582 0.468111 2 
0.799642 -0.269643 0.945952 2 
0.56024 0.674032 0.875853 2 
-0.0825047 0.709509 0.32839 2 
0.310322 0.769004 -0.294612 2 
0.916169 -0.146763 -0.155414 2 
0.42299 0.418029 0.0678885 2 
-0.723652 1.45606 -1.13374 2 
0.513934 0.812505 -0.0370796 2 
0.666758 0.354357 0.526822 2 
0.353768 0.406134 -0.798944 2 
0.434106 -0.0863483 0.0807824 2 
0.336856 0.569516 -0.702884 2 
0.995392 -0.118687 -0.916047 2 
0.474498 -0.381986 0.408414 2 
-0.49544 0.881994 0.605908 2 
-0.394099 0.162737 -0.124183 2 
0.173224 -0.0854167 -0.39625 2 
1.03732 -0.569249 0.434526 2 
0.346101 0.0754186 0.322762 2 
0.824634 -0.389873 1.41256 2 
0.281613 0.431506 0.624794 2 
0.227838 0.318376 0.484295 2 
1.49524 -0.320587 1.64355 2 
0.789492 -0.0266165 0.061777 2 
-0.206393 -0.0180908 0.606657 2 
0.404968 -0.444572 0.724907 2 
1.1163 -0.0663805 1.35459 2 
0.890156 0.317536 0.879976 2 
1.39156 -0.358594 1.45074 2 
1.36823 0.0884415 1.28914 2 
0.139484 -0.404586 -0.081135 2 
0.711587 -1.02863 0.348637 2 
-0.307227 -0.742907 -0.333276 2 
-0.638516 -0.41872 -0.905828 2 
1.26402 -0.657262 0.572724 2 
0.458646 -0.31641 0.560956 2 
0.191427 -0.241524 0.51769 2 
1.2254 -0.153817 0.782698 2 
1.50555 0.440482 1.1632 2 
1.46967 0.0515635 0.835295 2 
0.926111 0.202154 0.858534 2 
0.616491 -0.101636 0.418227 2 
1.21171 -0.51806 0.865661 2 
-0.344114 0.121176 -0.732876 2 
1.07976 -0.684458 0.828419 2 
1.08441 -1.0532 0.400776 2 
0.459263 -0.0827769 0.839764 2 
0.149886 0.636318 0.894352 2 
0.0145214 0.558125 0.00119757 2 
1.40179 -0.255648 1.14342 2 
0.349071 -0.97342 0.155568 2 
-0.682821 -0.266384 -1.20915 2 
-1.01656 -0.135096 -1.57751 2 
-0.231968 -0.585359 -0.92376 2 
-0.695211 -0.410315 -0.897745 2 
0.0159171 -0.149409 -0.728867 2 
0.482546 -0.894699 -0.660447 2 
-1.6018 0.162125 -1.21005 2 
-1.11009 -0.730076 -1.22437 2 
-0.642704 0.137992 -0.969083 2 
-0.147679 -0.587156 -0.869304 2 
-0.18527 -0.505364 -0.67528 2 
-0.434239 -0.984917 -0.938076 2 
-0.193817 -1.37107 -0.577979 2 
-0.366444 -0.720496 -0.708373 2 
0.826758 -0.775697 0.29151 2 
-0.812452 -0.310513 -0.593747 2 
-0.458292 -0.590941 0.0510676 2 
0.0821496 -0.837719 -0.0116205 2 
0.146771 -0.608932 -0.541602 2 
-0.48918 -1.15422 -0.988657 2 
0.106634 -1.08056 -0.560953 2 
-1.15078 -0.143507 -1.02508 2 
-0.502906 -1.21147 -0.830815 2 
-1.08816 0.0813311 -1.02201 2 
-0.863626 0.348306 -0.242299 2 
-0.0628887 -0.90367 -0.222278 2 
-0.217003 -0.835675 -1.13097 2 
-1.78934 -0.259259 -1.96782 2 
-0.627675 -0.638318 -1.20801 2 
-0.388106 -0.121316 -0.515745 2 
-0.0232183 -0.238779 -0.227144 2 
-0.397545 -0.245092 -0.746463 2 
-1.18175 -0.299818 -1.1385 2 
-0.801892 -0.486196 -1.56792 2 
0.251295 -0.783861 -0.739877 2 
-0.854887 0.398531 -0.857585 2 
-0.948261 -0.0389671 -0.907097 2 
0.717103 -0.262839 0.363225 2 
0.685309 -0.126903 0.228586 2 
-0.0447604 0.0693167 -0.587367 2 
-0.845887 0.995138 -0.630621 2 
-0.575014 1.20248 -0.850477 2 
0.291347 0.107272 -0.323808 2 
-0.83892 0.711448 -1.1164 2 
0.149551 -0.107653 -0.390185 2 
-1.00075 0.340217 -0.335756 2 
0.135786 0.667287 -0.159884 2 
0.238823 -0.117339 -0.264825 2 
0.106763 0.161196 -0.480363 2 
0.0788703 0.493647 -0.364722 2 
-0.364935 0.673434 -0.673953 2 
-0.12248 0.0900757 -1.33562 2 
-0.0539942 0.665531 -0.0881099 2 
0.334717 0.336442 -0.501457 2 
-0.605325 0.690055 -0.638373 2 
-0.554049 -0.0403036 -1.11852 2 
-0.4565 -0.187247 -0.876172 2 
-0.447488 -0.268312 -1.37796 2 
-0.658925 0.468181 -1.77154 2 
0.152622 -0.546767 -1.2031 2 
0.418179 -0.23649 -1.54029 2 
0.374453 -0.308036 -0.711872 2 
-0.657605 0.508854 -1.22985 2 
-0.589731 -0.239748 -0.680802 2 
-0.30996 0.161326 -0.841426 2 
-0.981614 0.190039 -0.845213 2 
-0.893601 -0.0723234 -1.04644 2 
-0.545947 -0.0997439 -0.948881 2 
-0.0608372 -0.99088 -0.203922 2 
-0.687965 0.419889 -1.00122 2 
-0.546547 0.31282 -1.34777 2 
-1.04144 0.641295 -1.23888 2 
-0.0352628 -0.763678 -0.349251 2 
-1.02485 0.516907 -0.500323 2 
-0.950687 -0.391019 -0.199744 2 
-0.561023 0.00222236 -1.03381 2 
-1.73857 0.600161 -1.25116 2 
-1.04412 0.658627 -1.0354 2 
-0.53075 -0.313021 -0.54667 2 
-0.244949 -0.133899 -0.336849 2 
0.0298323 0.298578 -0.122708 2 
-0.596647 0.204178 -0.684738 2 
-1.01737 0.178789 -1.08257 2 
-0.01281 0.325232 -0.721273 2 
-0.686541 0.452612 -0.820444 2 
-1.08313 0.737426 -1.19647 2 
-0.476071 -0.791812 -0.91923 2 
-0.238518 -0.146439 -1.1328 2 
-0.475479 0.252121 -0.949025 2 
0.789601 -0.318305 0.173059 2 
0.0789022 -0.224413 -0.289955 2 
-2.26654 1.22676 -1.2554 2 
-0.940213 -0.099309 -0.955411 2 
-1.21509 0.951677 -0.6758 2 
0.153459 0.816648 -0.120229 2 
0.267962 0.165618 0.10376 2 
0.256753 -0.213319 -0.00484564 2 
0.0791954 0.0948448 -0.16178 2 
0.607728 -0.519609 0.715633 2 
-0.152916 0.181837 0.378111 2 
-1.16211 0.700216 -0.811135 2 
-0.634791 0.847683 -0.644588 2 
-0.334642 0.0407603 -0.431653 2 
0.428738 -0.333 0.375917 2 
-1.66105 1.25681 -1.06732 2 
-1.59685 1.22651 -0.823222 2 
-0.719551 0.732311 -0.121973 2 
0.127348 0.368486 0.0501439 2 
-0.431049 0.425943 -0.510836 2 
-1.02983 0.736774 -0.707782 2 
-1.14205 1.16993 -0.505038 2 
-1.19068 1.05155 -0.500946 2 
-1.53823 0.719084 -1.45533 2 
-1.32121 0.468474 -0.812365 2 
-1.45464 1.15748 -0.874313 2 
-1.02058 0.604724 -1.0695 2 
-2.35803 1.51998 -1.14554 2 
-2.6201 1.13306 -1.6124 2 
-2.87079 0.982038 -1.64192 2 
-1.95222 0.824392 -0.903862 2 
-1.60845 0.97518 -1.22431 2 
-3.38055 1.94534 -2.40575 2 
-2.16485 1.15802 -1.45498 2 
-1.72598 1.33212 -1.4593 2 
-2.13902 0.993671 -1.63958 2 
-1.85335 1.23634 -1.91089 2 
-2.66877 1.32828 -2.32987 2 
-0.917717 0.734037 -0.193347 2 
-0.381338 0.71511 -0.590116 2 
-1.1368 1.22607 -0.314629 2 
-0.604611 0.958708 0.0525636 2 
0.235888 0.450767 0.759664 2 
0.814905 -0.244071 0.535514 2 
-1.59288 0.986058 -0.0178566 2 
-2.34587 1.45121 -0.84628 2 
-1.3644 0.469597 -0.136821 2 
-0.645796 -0.00717397 -0.00238796 2 
0.233445 -0.237789 -0.164093 2 
-0.634313 0.132914 -0.14935 2 
0.736988 -0.511021 0.175068 2 
0.0166378 0.265502 0.243751 2 
-0.654511 0.87339 -0.512581 2 
-0.530291 0.606449 -0.286405 2 
0.782624 -0.544969 0.0864279 2 
0.312453 0.17033 0.66735 2 
-1.17542 1.12219 0.235292 2 
-0.098149 0.456501 -0.256791 2 
1.28697 -0.383282 0.438429 2 
-0.17768 -0.00874701 0.989097 2 
-0.277898 0.544168 0.184145 2 
-0.258196 -0.21404 0.473554 2 
1.33412 -0.996116 0.9733 2 
0.342282 -0.258943 1.40804 2 
-0.626222 0.487629 0.240471 2 
-1.79306 1.00286 0.576027 2 
-1.07211 0.683225 0.424646 2 
0.775992 0.220496 -0.108882 2 
-0.166643 0.682039 0.413361 2 
0.723557 0.437521 0.0838911 2 
0.737801 0.547252 0.0377005 2 
0.399215 0.850205 0.422487 2 
0.426637 0.407862 0.849884 2 
-0.206521 0.165931 0.3524 2 
-0.506871 0.573471 0.214959 2 
-1.04001 1.95881 -1.34445 2 
-1.03239 1.50192 -1.37844 2 
-0.877827 0.759721 -0.599182 2 
-1.38989 1.0604 -0.356049 2 
-0.417908 1.16057 -0.520678 2 
-0.547946 1.01869 -0.1145 2 
-0.648018 1.26788 -0.71293 2 
-2.87223 3.36872 -3.7214 2 
-1.46722 2.98592 -2.95178 2 
-1.95365 3.07126 -1.82823 2 
-1.66988 2.62144 -1.90677 2 
-0.722612 1.57046 -0.488612 2 
-0.120955 -0.16167 0.265555 2 
0.568769 -0.427382 1.00381 2 
-0.26139 0.572306 -0.910155 2 
-0.54411 0.381604 0.508535 2 
-0.551498 0.716967 -0.384058 2 
-0.693254 1.10492 -0.199593 2 
-0.750856 1.63003 -0.166554 2 
-1.01798 1.65338 -0.816327 2 
-0.0274043 -0.753396 1.27463 2 
-1.04771 1.16552 -0.471616 2 
1.30304 -1.69557 2.42505 2 
-1.08636 1.69991 -0.595926 2 
0.708412 -0.0668792 0.53046 2 
-0.616984 1.70641 -1.06517 2 
0.0828659 0.385811 0.370734 2 
0.480911 0.265437 0.452897 2 
-0.459691 1.1016 -0.552662 2 
0.375791 -0.081202 0.167756 2 
0.200529 0.932354 -0.733169 2 
-0.215995 0.431688 0.535223 2 
-0.589546 1.21337 -0.479324 2 
-1.05958 1.25444 -0.79247 2 
0.00802406 1.12367 -0.571673 2 
0.333996 0.805181 0.521819 2 
-0.0214017 0.670951 0.00123034 2 
0.161382 -0.572548 1.39461 2 
-0.139267 0.666985 0.0588826 2 
-0.15358 1.21986 0.0848 2 
-0.37249 0.107483 0.941713 2 
0.157209 0.525679 0.332774 2 
-0.2964 0.378803 -0.126363 2 
0.148014 0.735253 0.18455 2 
-0.700945 1.4078 -0.635362 2 
-0.342725 0.163301 0.543866 2 
0.618501 0.0355864 1.49972 2 
-1.15041 0.750626 -0.0191264 2 
0.303803 -0.323314 0.837344 2 
-0.351434 0.062195 0.147141 2 
-0.207658 0.536799 -0.653483 2 
0.0880096 0.273482 0.267508 2 
-0.128034 1.94021 -1.35551 2 
0.399935 1.1118 -0.0990231 2 
0.153645 0.893136 -0.338395 2 
-0.14822 0.72739 -0.304785 2 
-0.278104 0.142458 -0.00549577 2 
-0.229824 0.663942 0.191753 2 
-0.28604 0.491504 -0.771648 2 
0.389568 0.931603 0.0982363 2 
-0.291346 0.35082 -0.0137328 2 
-0.232978 0.247768 0.37688 2 
-0.858927 1.39537 -1.03553 2 
-0.882358 1.87429 -1.34685 2 
-0.377554 0.266444 -0.655278 2 
0.242836 0.0151574 0.588461 2 
0.185904 1.15871 -0.900221 2 
-1.31286 2.29132 -1.93991 2 
-0.358444 -0.235529 0.841632 2 
-0.239655 0.550854 0.395653 2 
0.48864 1.14037 -0.471854 2 
-0.384903 1.1074 -0.562684 2 
-0.872742 0.688128 -0.747841 2 
-1.29448 0.476506 -0.934979 2 
-0.097055 1.25277 -0.67963 2 
0.270528 0.593911 -0.0631557 2 
-0.423238 0.398445 -1.28495 2 
0.754725 0.892597 0.45424 2 
-0.479664 0.472619 -0.33971 2 
0.643798 -0.280214 0.973279 2 
0.326312 0.398498 0.0779925 2 
-0.764584 1.09781 -1.12521 2 
0.122742 1.29878 -0.462784 2 
-0.540515 -0.0233439 0.0611675 2 
-1.32161 1.55745 -1.60089 2 
-0.593208 0.0690781 -0.302235 2 
-1.39528 0.608601 -0.977077 2 
-0.151315 0.285738 0.277697 2 
-0.913324 0.363702 -0.591128 2 
-0.862307 1.30641 -0.449211 2 
0.745237 0.144051 0.813816 2 
-0.934628 0.830065 -0.668499 2 
-0.000102614 0.761141 0.0459701 2 
-0.514715 0.289624 -0.0852505 2 
-0.0346693 0.00809309 1.11688 2 
-1.60333 1.08887 -1.69236 2 
-1.47787 0.37447 -0.3854 2 
0.527028 0.313976 0.687813 2 
0.0739591 0.712274 0.372034 2 
-0.804017 1.28245 -1.71687 2 
-0.450242 0.309833 -0.0909498 2 
-0.348352 0.253315 -0.00999318 2 
-0.30482 0.50548 -0.630656 2 
-0.796131 1.04245 -0.847384 2 
-2.08616 1.93016 -1.96177 2 
-0.00894493 0.368062 0.265549 2 
-0.991742 1.02185 -0.30757 2 
0.594984 0.112378 0.840192 2 
-0.87532 0.278218 0.199681 2 
-0.830433 0.138197 0.452772 2 
-0.301151 0.438173 -0.756332 2 
0.0332366 0.276965 0.283264 2 
-0.430442 -0.75472 0.115793 2 
-1.17492 1.33928 -0.658394 2 
-0.925079 0.649858 -0.53212 2 
-0.176838 0.78232 -0.591523 2 
-0.648387 -0.155961 0.00160041 2 
-0.395368 -0.614234 0.980343 2 
-0.586607 0.213943 0.16018 2 
-0.298157 0.365756 -0.431165 2 
-1.14687 0.881586 -1.06801 2 
-0.983556 1.05226 -1.11041 2 
-0.54913 -0.0715039 -0.257161 2 
-0.291442 0.701265 -0.572991 2 
-0.0349774 0.0186664 0.463287 2 
0.14195 1.01235 -0.712542 2 
-0.811788 0.27467 -0.363699 2 
-0.245582 0.582466 0.5617 2 
-0.398296 0.56987 0.185235 2 
-0.474004 0.331491 -0.29749 2 
-0.180584 -0.21498 1.30212 2 
0.754817 0.606827 0.845034 2 
-0.34028 0.402426 -0.159302 2 
-1.56522 1.64721 -0.913904 2 
-0.569575 1.42078 -0.631599 2 
-0.336681 0.58428 -0.0341942 2 
-1.15429 0.687783 -0.738913 2 
0.607131 -0.92329 1.36377 2 
-0.220934 -0.153962 0.736035 2 
-0.945893 1.57459 -0.965799 2 
0.990188 -0.556259 1.38668 2 
-0.506748 0.14477 -0.140966 2 
-0.685692 1.19135 -0.343217 2 
-0.178951 0.404852 0.188352 2 
0.0380947 -0.119554 0.352195 2 
-0.110322 0.605676 -0.205285 2 
-0.266919 -0.0631777 0.650945 2 
0.311251 0.169596 0.363787 2 
-2.09741 1.46714 -1.35935 2 
-3.32834 2.33798 -2.86893 2 
-0.656298 0.351585 -0.450719 2 
-2.11066 0.835437 -1.94645 2 
-1.20079 0.511923 -0.52158 2 
-1.6193 1.17153 -0.905195 2 
-1.95434 1.32913 -0.998065 2 
-1.80583 1.61942 -0.827522 2 
-0.659535 0.499019 -0.0875651 2 
-1.04497 0.620307 -0.672152 2 
-0.543612 0.86155 -0.39563 2 
0.167207 -0.563549 0.763914 2 
-0.806702 1.30995 -0.183258 2 
-0.925046 1.00989 -0.17496 2 
-0.968713 0.919373 -0.293675 2 
-0.157675 0.720949 -0.101075 2 
0.305109 -0.337284 0.545475 2 
-1.99859 1.06039 -0.886473 2 
-1.59048 0.722539 -0.544124 2 
-0.820549 0.970638 -0.191517 2 
0.136945 0.280665 0.761512 2 
-2.58855 2.36125 -1.85428 2 
-0.775714 0.588924 -0.831546 2 
-0.666467 -0.17126 -0.518271 2 
-0.520096 0.672038 -0.213196 2 
-1.77061 1.26506 -0.89657 2 
-1.23123 1.28128 -0.563815 2 
-1.43223 0.308618 -0.252826 2 
-2.09332 2.0037 -1.19983 2 
-1.12762 0.755133 -0.728604 2 
-1.30552 0.945477 -0.858342 2 
-1.03503 0.506273 -0.532809 2 
-0.384449 0.368802 0.316539 2 
-1.82211 0.680026 -0.563588 2 
-0.646041 0.773159 -0.123139 2 
-1.94646 1.31933 -0.50575 2 
-0.603489 0.827184 -0.349298 2 
-0.925485 1.24457 -0.357212 2 
-1.72056 1.21281 -1.04279 2 
-2.54238 1.4442 -1.55444 2 
-1.05774 1.34428 -0.679599 2 
-1.94072 1.5633 -0.750852 2 
-0.414871 0.131363 0.12292 2 
-1.99061 1.52632 -0.820101 2 
-1.7734 1.40909 -0.602125 2 
-1.82698 1.0866 -0.429624 2 
-0.867434 0.701033 -0.210055 2 
0.654407 -0.410813 0.0430661 2 
-1.06071 0.937197 -0.493478 2 
-0.967923 0.653478 -0.0494774 2 
-0.785042 0.727214 -0.380797 2 
-0.219643 0.521493 -0.258279 2 
-1.77461 0.7026 -1.21397 2 
-2.14291 1.93984 -1.04168 2 
-1.55107 1.23431 -1.30404 2 
-1.87492 1.74672 -1.06988 2 
-1.59047 1.4683 -0.886561 2 
0.132546 0.164391 0.0343898 2 
-1.81632 1.69365 -0.85287 2 
-0.699124 0.457643 -0.267161 2 
-1.26206 1.29688 0.0793988 2 
-0.254159 0.766664 0.372308 2 
-2.00296 1.40309 -0.955502 2 
-2.30527 1.93068 -0.787425 2 
-0.905982 0.46484 0.111404 2 
-2.29491 1.53712 -1.08768 2 
-1.88061 1.22952 -1.08899 2 
-1.04632 1.05796 -0.311352 2 
-1.63223 1.26938 -0.611704 2 
-1.63677 1.59899 -0.638977 2 
-0.561711 0.583313 0.211412 2 
-1.49324 1.54377 -0.374891 2 
-0.644275 0.864598 -0.203155 2 
-1.76182 1.56096 -0.419296 2 
-1.05452 1.0236 -0.206701 2 
-1.01534 0.860392 -1.04893 2 
-1.31649 0.299828 0.282366 2 
-0.921846 0.931191 -0.228691 2 
-1.01434 0.595226 -0.493925 2 
-1.10546 0.744363 -0.18809 2 
-1.48191 0.987866 -1.00654 2 
-0.164901 0.357054 0.693226 2 
-1.90445 1.65763 -0.213697 2 
-1.00271 0.574805 0.0474784 2 
-1.40264 1.02164 0.365171 2 
-1.25659 1.27179 -0.448772 2 
0.52863 0.307746 0.245985 2 
-0.284974 0.365988 -0.40806 2 
-1.03729 0.775133 0.315319 2 
0.146483 -0.386513 0.987975 2 
0.259687 -0.0863521 0.475586 2 
-0.0772593 0.687249 -0.967644 2 
0.115661 -0.383837 1.24564 2 
0.176638 0.124823 1.0911 2 
-0.265776 0.742893 -0.5625 2 
-0.925652 0.963936 -0.589059 2 
-1.00391 1.0305 -0.918652 2 
0.112444 -0.139749 -0.0563527 2 
-0.347495 0.139735 -0.67705 2 
-0.333977 0.136923 0.471714 2 
-0.00124309 0.425254 0.275354 2 
0.0119686 0.935576 -0.163211 2 
0.259849 0.453683 -0.092802 2 
-1.53957 0.556281 -0.812903 2 
-0.590183 0.450757 -1.20066 2 
-1.90852 2.29686 -1.89338 2 
-1.70123 0.700034 -0.161917 2 
-0.738596 0.743843 0.224288 2 
-0.302272 0.559482 -0.266542 2 
0.306788 -0.377976 0.535541 2 
-0.779349 0.758028 -0.548198 2 
-1.54643 1.99221 -1.49937 2 
-0.745334 0.464731 0.204903 2 
0.11697 0.498919 -0.169799 2 
-1.44611 1.23954 -1.37062 2 
-0.509621 0.835905 -0.249491 2 
-2.15352 1.90178 -1.60959 2 
0.0380617 -0.017196 -0.448831 2 
-0.108625 0.791165 0.25214 2 
-0.647527 1.58774 -0.478832 2 
-0.699634 0.754449 -0.980767 2 
-1.08083 0.626187 -0.51528 2 
-0.0248972 0.584633 0.350657 2 
-0.394847 0.0794179 -0.397166 2 
-1.77249 1.69488 -1.66436 2 
-1.84496 1.41219 -1.46877 2 
-0.401535 0.267649 0.476635 2 
0.240156 -0.073426 0.864953 2 
-0.947392 0.174776 -0.517695 2 
-1.05595 0.554511 -0.958667 2 
-0.69318 0.593442 -0.129389 2 
0.127322 0.260797 0.0735246 2 
-0.0674813 0.461553 0.265904 2 
-1.27164 0.523765 -0.0661072 2 
-2.74008 1.40564 -1.56317 2 
-1.22268 1.07877 -0.695053 2 
-1.44916 0.899483 0.219912 2 
-0.432212 0.689015 0.133314 2 
0.711839 -0.185168 -0.100171 2 
-0.0255056 0.475776 0.920355 2 
0.376685 0.33784 0.660572 2 
-0.439179 0.179451 -0.0427128 2 
0.0425778 0.446065 -0.27575 2 
0.216656 -0.246143 0.500881 2 
0.0766156 0.138917 0.547528 2 
1.47472 -0.590954 0.399559 2 
-1.32525 0.684709 -0.603922 2 
-0.110083 0.261702 0.284792 2 
-1.18443 0.781529 0.326105 2 
0.809238 0.0451023 0.400805 2 
-0.00791803 0.832838 0.577907 2 
0.686475 0.19439 0.554802 2 
-0.446553 0.897287 -0.394406 2 
-1.8525 0.849584 -0.831155 2 
-0.983715 0.161321 -0.467086 2 
-0.678444 0.156967 -0.331773 2 
-0.859795 0.437853 -0.0956746 2 
-0.113099 0.392023 0.465894 2 
-0.868644 0.0477979 -0.331418 2 
0.209347 -0.0308897 0.160146 2 
-1.54289 0.653673 -0.78311 2 
-0.324048 0.27116 -0.338306 2 
-0.641729 0.723469 -0.16004 2 
-1.23121 0.84904 -0.316967 2 
0.024386 -0.191907 -0.123008 2 
-0.499974 0.487683 -0.280444 2 
-1.32546 0.760248 0.000586925 2 
-1.53939 1.51633 -0.183995 2 
0.180373 -0.365062 -0.0110299 2 
0.508659 -0.512761 0.374885 2 
-0.0539935 -0.272821 0.132927 2 
-0.74654 0.404619 0.125959 2 
0.215187 -0.0644886 -0.14039 2 
-2.45618 1.099 -0.460249 2 
-0.773817 -0.28856 0.323585 2 
0.110838 -0.018979 0.544898 2 
0.336144 -0.334016 0.853992 2 
-1.7058 0.869774 -0.359955 2 
-0.242995 0.25281 0.128806 2 
-0.109558 0.154059 0.022517 2 
-0.645116 0.34137 -0.935665 2 
-1.06798 0.179211 -0.444321 2 
-0.0034737 0.107586 0.0381699 2 
-0.255775 0.574234 0.365002 2 
-0.789279 0.15368 -0.414166 2 
-0.764387 0.585023 0.0476077 2 
0.4929 0.0313673 0.657962 2 
-1.04355 -0.378977 -0.270452 2 
-0.935271 0.779261 -0.797478 2 
0.632428 -0.206877 0.0927577 2 
-0.0200174 0.151068 0.490379 2 
0.523966 0.643107 -0.0990895 2 
-1.17674 1.20513 -0.174976 2 
-0.91773 0.168766 -0.2629 2 
-0.680703 -0.432545 -0.450356 2 
0.910647 0.0404265 0.311454 2 
0.498933 -1.2189 0.175142 2 
0.889994 0.0974395 -0.252254 2 
0.401877 0.109134 -0.0273558 2 
-1.32029 0.830643 -0.146807 2 
-1.39161 0.436043 -0.322179 2 
-1.43063 -0.0868381 0.146709 2 
-1.25801 0.319032 -0.127327 2 
-0.62022 0.245421 0.176343 2 
-0.120926 -0.00289062 0.069068 2 
-1.05066 0.805183 -0.215592 2 
-0.325935 0.0315714 0.211021 2 
-0.328219 -0.342389 0.766084 2 
-0.125723 -0.801418 0.0612634 2 
-0.133024 0.0260421 0.403822 2 
-0.545718 -0.371597 1.00312 2 
0.6923 -0.579245 1.54058 2 
0.374252 -0.152829 0.20256 2 
-0.272156 0.439719 0.515593 2 
-0.263563 0.192516 0.2888 2 
-0.856892 0.308809 0.0329993 2 
-0.273275 -0.160674 0.63318 2 
0.181361 -0.175528 0.679463 2 
-0.39577 -0.337986 0.679628 2 
-0.774281 -0.0815509 0.283436 2 
0.0281507 -0.228856 0.568634 2 
-0.118302 -0.0901017 0.362499 2 
-0.326321 0.487561 -0.225699 2 
0.167358 -0.558875 0.903237 2 
-0.100777 0.290944 0.103324 2 
0.72916 -0.256774 0.542374 2 
-0.190957 0.318959 -0.148813 2 
-1.11576 0.661452 0.463595 2 
-0.301457 -0.20207 0.674166 2 
-0.401765 0.795848 0.752703 2 
1.14688 -0.431776 1.3343 2 
1.10073 -0.128382 0.809833 2 
0.308721 0.113688 0.490158 2 
0.520588 0.732679 0.0845447 2 
0.45904 0.654188 0.521737 2 
-0.272021 -0.552524 1.37699 2 
-0.561135 0.107913 0.682311 2 
-0.0764547 1.22642 -0.0879406 2 
-0.251686 0.428486 0.782345 2 
0.763699 -0.166597 1.2904 2 
-0.306036 -0.029678 1.82155 2 
0.354993 -0.406756 1.21295 2 
0.282592 -0.0223362 0.352409 2 
-0.423046 0.0877481 0.182482 2 
0.236844 -0.457417 0.590888 2 
-0.122516 0.449299 0.510716 2 
1.09288 -0.545111 1.58035 2 
1.2295 -0.666342 1.14746 2 
1.34705 -0.683932 1.3229 2 
-0.413445 0.0477238 0.883829 2 
1.01532 -0.0951466 1.11377 2 
1.02336 -0.726179 1.65483 2 
0.94251 -0.882079 1.11019 2 
0.497682 -0.450437 1.02461 2 
0.0350216 -0.382612 1.06502 2 
0.709823 -0.753356 1.51508 2 
-0.0248929 -0.622524 1.77359 2 
0.680013 -0.486428 1.35456 2 
-0.159239 -0.318343 1.22911 2 
-0.20813 -0.210466 0.19519 2 
0.310193 -0.301818 0.35051 2 
0.414111 -1.06573 1.19438 2 
0.79807 -0.200767 0.274212 2 
0.118941 0.291604 1.29384 2 
-0.196671 0.078597 1.32405 2 
0.0483725 -0.0735405 0.840496 2 
0.361669 -0.651263 1.44395 2 
0.288285 0.248584 0.61196 2 
1.07894 -0.933649 0.977181 2 
0.32796 -0.296961 1.43187 2 
0.391371 -0.503276 0.933222 2 
0.244875 -0.569474 0.809466 2 
-0.0285495 -0.591184 1.59852 2 
-0.609271 0.268766 0.922138 2 
0.338024 0.0658029 0.390299 2 
-0.0620207 -0.0565632 0.651124 2 
-0.422076 1.25791 -0.150396 2 
0.0754686 0.366206 1.28046 2 
-0.131881 -0.247907 0.890412 2 
-0.149324 -0.140201 0.576689 2 
-0.660437 0.745303 -0.323348 2 
0.716506 -0.423629 1.81925 2 
0.0554206 0.486565 0.955778 2 
-0.267456 0.443039 0.306637 2 
0.216177 0.180302 0.905849 2 
-0.339231 0.598907 0.237717 2 
0.240108 0.0736637 0.141756 2 
0.783276 -0.261795 1.14061 2 
0.553225 -0.55854 1.03987 2 
0.292077 0.259095 0.867389 2 
0.51009 0.239941 0.642854 2 
-1.22965 1.70553 -1.0793 2 
-0.854907 0.814849 0.344714 2 
0.525635 0.0858482 1.02235 2 
0.847292 -0.140916 0.692817 2 
-0.177074 0.348044 0.8441 2 
0.275546 0.471271 0.279248 2 
1.06666 -0.573062 0.781406 2 
0.5615 0.10602 0.531247 2 
-0.146734 0.727287 0.190732 2 
0.602777 0.608568 0.457182 2 
0.402174 0.358337 0.79184 2 
0.489995 0.357483 0.82946 2 
-0.0907248 0.83861 -0.583904 2 
0.451934 -0.0242853 0.606246 2 
0.573712 0.12995 0.255145 2 
0.175816 0.155178 -0.201855 2 
-0.0216397 -0.314236 0.478726 2 
0.497959 -1.088 1.31822 2 
1.20179 -0.694613 2.0115 2 
0.52206 -0.169101 1.0266 2 
0.38927 -0.393972 2.15705 2 
1.02345 -0.550525 0.999688 2 
0.544875 -0.111514 0.972669 2 
1.00112 -0.438846 1.59366 2 
0.950081 -0.726835 1.87817 2 
0.178846 0.100968 0.772314 2 
0.55644 -0.208946 0.595426 2 
-0.754141 0.0809161 0.532051 2 
0.321379 -0.444315 1.29165 2 
0.781987 -0.155681 1.31378 2 
-0.466798 0.666931 -0.714281 2 
0.62148 -0.53431 1.33035 2 
-0.164057 0.48238 0.509887 2 
0.317129 0.512754 0.378178 2 
0.519016 0.327173 0.421333 2 
0.543569 0.0597635 1.023 2 
0.279633 0.0531935 0.438177 2 
-0.091204 0.340324 0.0207214 2 
1.132 -0.753196 1.15434 2 
0.386857 0.468475 -0.488378 2 
0.947735 -0.540323 0.872855 2 
1.25134 -0.984944 1.39769 2 
-0.276762 0.750538 0.582355 2 
1.27064 -0.10065 0.894932 2 
0.313303 0.0808954 0.260011 2 
1.39015 -1.36984 0.922846 2 
-0.0881118 0.201463 0.320866 2 
1.34541 -0.491195 0.579205 2 
-0.99006 0.895579 -0.528785 2 
0.651206 -0.260136 0.615044 2 
0.0178858 0.551417 -0.167134 2 
-0.464671 0.914869 -0.311778 2 
-0.636016 0.375534 0.103186 2 
-0.192073 0.380178 0.273276 2 
-0.207369 -0.474856 0.710468 2 
-0.569225 0.711641 -0.641956 2 
-0.000206716 -0.0901294 0.483627 2 
-0.353218 0.226743 0.24623 2 
-0.422406 0.686718 -0.254346 2 
0.490293 0.760418 0.352169 2 
0.28557 0.298551 0.343177 2 
0.0103746 0.0667046 0.928591 2 
-0.441295 0.578585 1.51455 2 
0.196151 -0.829275 1.345 2 
0.0371006 0.520692 -0.406766 2 
-0.407382 0.541877 -0.3662 2 
0.90815 -0.360731 1.71044 2 
-0.384953 0.0911086 0.26922 2 
0.0450851 0.366155 0.387408 2 
-0.683687 0.475841 0.733012 2 
-0.0971169 -0.00597347 0.957386 2 
-1.82205 1.43476 0.0185287 2 
-0.477006 0.368285 0.301799 2 
0.227191 -0.209736 0.629756 2 
-0.274932 -0.0894656 0.291138 2 
-0.756847 0.722626 0.689903 2 
0.3125 -0.0540243 0.129001 2 
0.255211 0.448852 0.443425 2 
0.419805 -0.415183 0.890452 2 
-0.423989 0.625178 0.0891799 2 
0.164003 -0.0600718 1.10494 2 
-1.0623 1.56107 -0.357354 2 
-0.523068 0.35296 0.469383 2 
0.28243 -0.279942 0.334551 2 
-0.277929 0.528534 0.806958 2 
-0.200183 0.464597 0.159588 2 
-0.0157967 0.380741 0.775344 2 
0.479057 -0.312993 0.511614 2 
0.221884 0.324645 0.274323 2 
-0.649578 0.985734 0.164385 2 
-0.208344 0.944997 0.551837 2 
0.203137 -0.0573964 0.717947 2 
0.0808135 0.119603 0.303829 2 
-0.828626 0.947162 0.0419615 2 
-0.116033 -0.07235 1.28839 2 
0.730872 -0.0241803 0.507972 2 
0.0832278 0.402998 0.326777 2 
0.973929 -0.256588 0.679712 2 
0.135636 0.25338 1.05218 2 
-1.02305 1.83101 -0.269171 2 
-0.0671776 0.855161 -0.208698 2 
0.0704748 0.367738 0.649993 2 
0.0755582 0.268351 1.57985 2 
0.0888593 0.660507 0.517805 2 
-0.252285 0.0774409 0.846474 2 
-0.203347 -0.154158 -0.128719 2 
-0.812649 0.677211 0.251046 2 
-0.181018 0.643133 0.676841 2 
-0.128559 0.766768 0.679776 2 
-1.01827 1.10004 0.582745 2 
0.479683 -0.192583 0.767866 2 
-0.981712 0.731056 -0.667326 2 
-0.100433 0.194664 0.397567 2 
0.560814 -0.266986 0.706964 2 
-0.681196 0.40075 0.659678 2 
0.84409 0.108755 1.1254 2 
-0.37537 0.320661 0.896385 2 
-0.1053 0.0549546 1.32494 2 
0.463796 -0.196222 0.684824 2 
0.300521 -0.0866209 1.0097 2 
-0.481097 0.359395 0.790717 2 
0.0750146 -0.553852 1.44448 2 
-0.322113 0.248154 0.867863 2 
0.567211 -0.684887 1.14493 2 
0.345933 -0.491574 0.668531 2 
-0.612704 0.213841 0.274602 2 
0.0951237 -0.275213 0.360178 2 
0.381475 -0.391033 0.591153 2 
0.63375 -0.247191 0.981396 2 
-0.533044 0.234431 0.271816 2 
-1.0506 0.675945 0.199448 2 
0.68366 -0.69583 0.99158 2 
0.977557 -0.376514 1.00177 2 
-0.423475 0.550586 0.630375 2 
0.0750099 0.152696 1.17983 2 
0.445944 0.460141 0.343556 2 
0.286333 -0.305725 0.627542 2 
0.553895 -0.35477 1.37141 2 
-0.547577 0.465863 0.02795 2 
0.278892 0.158318 0.597984 2 
0.0656742 -0.0517887 0.24645 2 
0.484733 -0.173639 0.434175 2 
-0.919884 0.0220745 -0.108193 2 
-0.177945 0.214746 0.50936 2 
-0.315915 0.00344318 -0.00970583 2 
0.395765 0.148176 0.929132 2 
-0.00498065 0.292565 0.620979 2 
-0.0357352 0.702146 0.293612 2 
0.64901 0.228726 0.813142 2 
0.66013 0.123201 0.548704 2 
1.0502 -0.159589 1.33616 2 
-0.272999 0.743637 0.132646 2 
0.481007 -0.419419 1.12428 2 
0.22333 0.211176 0.704474 2 
-0.717957 -0.086152 0.751572 2 
0.499403 -0.109777 0.241504 2 
-0.511872 0.451783 0.286508 2 
0.523217 0.184327 0.553592 2 
-0.0980269 0.79889 -0.038608 2 
-0.0780538 0.914338 -0.131873 2 
0.438121 0.364421 0.440462 2 
0.289084 -0.0160888 0.486201 2 
0.0556141 0.181025 0.278208 2 
-0.151814 0.390607 0.292577 2 
1.10839 -0.204819 0.296563 2 
0.727481 -0.0895793 0.162293 2 
0.0869504 -0.402697 0.738547 2 
-0.459547 0.366362 0.313137 2 
0.616627 -0.395657 0.428293 2 
-0.00400797 -0.0514111 -0.0430649 2 
0.13692 -0.291414 0.593049 2 
-0.359879 0.166586 0.0405111 2 
-0.59064 0.153871 -0.438601 2 
-0.772463 0.0121181 -0.187109 2 
-0.541718 0.525205 -0.031238 2 
-0.535443 1.1002 -0.294301 2 
-1.15513 0.77962 -0.652482 2 
0.324601 0.296962 0.376345 2 
-0.143478 -0.0740036 0.223099 2 
0.64274 -0.576401 1.01189 2 
-0.511828 1.00416 -0.462822 2 
-0.391459 0.685111 0.0637303 2 
-0.338047 0.387398 -0.297886 2 
0.517458 -0.0438683 0.453534 2 
0.854746 -0.20093 0.594258 2 
0.431911 -0.326293 0.621166 2 
-0.709156 0.633766 -0.674712 2 
-0.422005 0.0839031 0.49889 2 
-1.19094 0.372195 -0.536444 2 
-0.311334 0.203964 0.164617 2 
0.530302 -0.0881754 1.03353 2 
0.381543 -0.316534 0.46354 2 
-0.332957 0.412622 0.308763 2 
-0.192591 0.18302 0.107862 2 
-0.202038 0.305241 -0.260907 2 
0.347102 0.165235 0.198474 2 
0.628525 0.496854 0.533626 2 
-0.0336706 0.257285 0.406882 2 
0.0361013 0.223527 -0.0120194 2 
0.0347672 0.794527 -0.00813731 2 
-0.662214 0.271291 -0.179162 2 
-0.681679 1.23627 -0.204252 2 
-0.182347 0.623389 0.265888 2 
-0.753528 0.63021 -0.0410806 2 
0.278828 0.0240617 1.03077 2 
0.46579 0.227382 0.879133 2 
0.526143 0.131209 0.201433 2 
-0.392759 1.59512 -0.36473 2 
-0.155069 1.05383 -0.286858 2 
-1.04257 0.969813 -0.859129 2 
-0.188174 0.13925 -0.00379413 2 
-0.150969 0.43332 -0.162594 2 
-0.274884 0.435569 -0.0547787 2 
-0.828321 0.965378 -0.678695 2 
-0.647515 1.12003 -0.392709 2 
-0.70346 1.04768 -0.609128 2 
-0.528174 0.0342255 -0.495969 2 
-0.645476 -0.0326794 -0.175398 2 
-0.465969 0.208918 0.215704 2 
-0.565272 0.69827 -0.200382 2 
-1.05556 0.574393 -0.553998 2 
-0.218524 1.04786 -0.812947 2 
-0.660956 -0.0923826 -0.542822 2 
-0.568633 0.291487 -0.212095 2 
-0.529382 0.367327 0.283391 2 
-0.742096 0.434297 -0.323933 2 
0.214062 -0.358101 0.291646 2 
0.847388 -0.238248 0.736501 2 
0.562449 0.393334 0.852018 2 
-0.721014 0.965515 -0.519512 2 
0.892675 -0.024543 0.562212 2 
0.616205 0.498478 0.567315 2 
0.437059 0.24028 0.427556 2 
0.184862 0.0183607 0.783395 2 
-0.471382 0.49876 -0.417111 2 
0.0774114 0.0363477 -0.0344558 2 
0.666665 -0.0128056 0.302773 2 
0.187371 0.388004 -0.0148315 2 
-0.184828 0.328103 0.0585507 2 
0.555324 -0.0267515 0.494714 2 
0.882626 0.115993 0.789225 2 
0.409319 0.453365 0.117782 2 
-0.364112 0.648569 -0.436877 2 
-0.154905 0.446263 -0.173565 2 
0.178792 0.193054 0.0409696 2 
0.364523 0.0467697 0.739289 2 
0.446108 0.246786 0.762037 2 
-0.258567 0.387664 0.296856 2 
0.457178 -0.436302 1.04728 2 
0.423566 -0.117952 0.384213 2 
0.0859536 0.248942 0.408609 2 
-0.381812 0.700423 -0.0876339 2 
-0.605684 0.724919 -0.423367 2 
-0.0883088 0.737158 0.439806 2 
-0.224582 0.437161 0.432408 2 
-0.178358 0.411334 -0.0350591 2 
0.330118 -0.289881 0.20016 2 
0.279955 0.111343 0.0969353 2 
0.78905 0.160435 0.0435102 2 
0.800268 0.444568 0.515923 2 
0.724007 0.112343 1.01994 2 
0.0307322 0.220549 0.261434 2 
0.453904 0.222618 0.201569 2 
0.137282 0.38124 0.32251 2 
0.683932 -0.0579072 0.761029 2 
0.538923 0.802633 0.00564809 2 
-0.538148 1.07736 -0.383031 2 
0.449329 -0.271129 0.71209 2 
-0.772452 0.807885 -0.61022 2 
-0.0905952 0.0850267 0.569328 2 
-0.0462848 0.0982797 0.0326143 2 
-0.246531 -0.011216 -0.254217 2 
-0.266623 0.00444185 -0.306075 2 
0.618572 -0.270785 0.495345 2 
1.53011 -0.517699 1.38887 2 
0.267562 -0.278315 0.109545 2 
-0.396084 0.0202311 0.0428556 2 
0.911811 0.285411 1.15606 2 
1.08507 -0.789613 0.79075 2 
0.201696 -0.215589 0.417321 2 
0.603661 0.100491 0.560416 2 
0.704516 -0.768648 0.369226 2 
0.208954 0.37623 -0.15168 2 
0.0149582 -0.0192567 -0.19894 2 
0.37551 -1.00615 0.298482 2 
-0.650381 0.665289 -0.443801 2 
1.09096 -0.712342 1.16766 2 
-0.296308 0.644023 -0.388494 2 
0.970019 -0.798288 0.403477 2 
1.10452 -0.805855 1.07888 2 
0.0257662 0.139456 -0.533408 2 
0.859287 -0.283853 0.833968 2 
-0.79735 0.532391 -0.54779 2 
0.455763 -0.514963 0.0725698 2 
1.11459 -0.55049 0.535396 2 
-0.245838 -0.0709289 -0.743787 2 
1.76167 -0.300323 1.66656 2 
1.45837 -0.45763 0.983792 2 
0.752791 0.0569997 0.528138 2 
1.1656 -0.887271 0.689319 2 
1.46312 -0.0452837 1.71876 2 
1.41813 -0.510492 0.410289 2 
1.4078 -0.626487 0.739501 2 
1.19855 -0.16659 0.452352 2 
1.62703 -0.471224 1.38324 2 
1.1931 -0.545 0.547159 2 
0.775687 0.0397822 0.454308 2 
1.01485 0.157996 1.17789 2 
0.329276 -0.0673108 0.0541265 2 
0.107773 0.242963 0.385815 2 
1.12298 -0.285067 -0.148212 2 
1.0123 0.147454 1.00442 2 
-0.103374 0.721212 -0.656329 2 
0.433933 0.351575 0.275488 2 
1.29344 0.170073 0.0894476 2 
0.997315 0.0378011 0.160145 2 
0.14361 0.611522 -0.48847 2 
0.52236 -0.113198 0.098994 2 
0.480462 -0.252448 0.310365 2 
0.934041 -0.640569 0.734813 2 
0.933376 -0.226296 0.575893 2 
0.214907 -0.16046 0.109054 2 
-0.437131 0.155319 -0.869763 2 
-1.31751 0.194212 -1.42443 2 
0.494819 -0.0476296 0.779069 2 
0.261195 0.0609847 0.29908 2 
1.93128 -0.715666 0.722399 2 
0.777928 0.0613898 0.586827 2 
0.544655 -0.370693 -0.132343 2 
-0.341965 0.82914 -0.0360563 2 
1.03757 -0.528115 0.301714 2 
0.927495 0.20373 0.814712 2 
2.01664 -1.00237 0.913469 2 
1.17668 -0.297183 0.998758 2 
0.961026 -0.617361 0.449044 2 
0.103097 0.331203 0.197953 2 
0.428945 0.122682 0.466455 2 
0.411191 0.300319 0.365777 2 
1.42887 -0.885031 1.05469 2 
1.17915 -0.868107 0.437968 2 
1.4473 -0.634708 0.920761 2 
0.348567 -0.217343 0.137338 2 
0.379612 -0.00463582 -0.115973 2 
0.730457 -0.0627092 0.8004 2 
-0.27247 0.602181 -0.449801 2 
1.17734 0.172342 1.22362 2 
0.708654 -0.352206 0.182269 2 
0.808291 -0.731471 0.573187 2 
0.107958 0.596359 0.168835 2 
0.541863 -0.313839 0.774685 2 
1.46378 -0.127703 0.108723 2 
1.01329 -0.0120305 0.551686 2 
1.31648 -0.0440484 1.05104 2 
0.454066 -0.168195 -0.0283694 2 
-0.910933 0.603719 -0.262934 2 
0.429866 0.808082 0.0887916 2 
-0.0124689 0.0840305 -0.190098 2 
0.0119863 0.460774 -0.551845 2 
-0.221708 0.785616 -0.557623 2 
0.839431 0.631459 0.903073 2 
0.755947 0.238038 -0.247239 2 
0.412544 0.133306 -0.362406 2 
0.571966 0.262522 -0.275944 2 
0.763974 -0.573416 0.0726285 2 
1.55115 -0.250561 0.55224 2 
1.24594 -0.0221926 0.572424 2 
-0.754744 1.1097 -0.696571 2 
-0.708512 0.2951 -0.470416 2 
-0.654092 -0.0476556 -0.61554 2 
1.15365 -0.0592266 0.606401 2 
1.21917 -0.904971 0.910294 2 
2.12998 -1.14397 2.11564 2 
0.724307 0.438847 0.580897 2 
1.11934 -0.631838 0.322078 2 
-0.310298 -0.361667 0.182965 2 
2.07581 -1.01007 0.762034 2 
0.528773 -0.173253 0.38011 2 
0.285648 -0.167219 0.0693487 2 
1.04401 -0.743157 0.965393 2 
0.398991 -0.614906 0.399486 2 
0.435265 0.219789 -0.0929945 2 
0.25906 -0.203256 0.593476 2 
-1.60721 0.40151 -1.10972 2 
0.394947 0.011137 0.568133 2 
-0.883484 0.35012 -0.463941 2 
0.173904 0.091327 0.245214 2 
0.820754 -0.0340053 0.239522 2 
-0.49287 0.973333 -0.173005 2 
0.969179 -0.553507 0.382473 2 
0.770415 -0.0809211 0.251182 2 
0.201271 -0.241387 0.116819 2 
1.5358 -0.304892 1.30822 2 
1.06266 -0.393871 0.00657143 2 
0.549065 -0.141639 0.316946 2 
0.347194 -0.187811 0.564203 2 
1.26606 -0.861427 0.226413 2 
1.20836 0.0901646 0.0926986 2 
-0.0929295 0.487606 -0.462416 2 
0.240611 0.244124 0.266871 2 
1.62947 0.0724886 0.0564699 2 
0.235294 -0.338645 -0.204447 2 
0.54148 0.233632 -0.923378 2 
0.990882 0.022781 -0.266185 2 
-0.330972 1.37417 -0.551887 2 
-0.123621 0.124859 -0.248246 2 
0.287349 0.269013 -0.409063 2 
0.51138 0.130444 -0.169501 2 
0.883741 0.631035 0.396131 2 
0.10819 -0.170145 -0.843943 2 
-0.791259 1.1336 -0.676967 2 
-0.544362 0.494641 -0.832322 2 
0.238845 -0.0639633 -0.310931 2 
-0.527409 0.248748 -0.222053 2 
-1.04989 0.444586 -0.690781 2 
0.509756 -0.0390395 -1.08573 2 
-0.144539 0.032313 -1.01958 2 
1.05333 0.602946 -0.444997 2 
1.41104 -0.190726 0.152164 2 
0.301672 -0.313986 -0.243304 2 
0.679491 0.00141974 0.496449 2 
-0.6077 0.192145 -0.731765 2 
0.281677 -0.330085 0.20323 2 
0.133065 0.106197 -0.554416 2 
0.0331909 -0.592554 0.635766 2 
0.0133633 -0.481396 0.556655 2 
-0.222929 0.962742 -0.273676 2 
-0.913595 1.058 -0.611604 2 
-0.00249287 0.237184 0.04973 2 
-0.283695 0.346213 -0.163873 2 
0.306526 -0.293905 -0.198472 2 
-0.0304795 -0.530097 -0.311693 2 
0.364719 -0.685884 0.570835 2 
-0.398752 0.575475 -0.516368 2 
-0.445345 -0.096694 -0.488502 2 
-0.100986 -0.660616 -0.138384 2 
0.0725252 1.39435 -0.332185 2 
0.0701625 0.22914 -0.663471 2 
-0.724683 -0.127213 -1.1077 2 
-0.955609 1.21086 -1.18032 2 
-0.437329 0.625956 -0.984222 2 
0.0350368 0.294951 -0.533047 2 
0.337778 -0.318954 -0.49601 2 
0.228668 -0.439583 -0.622688 2 
-0.362239 1.24908 -0.340095 2 
0.158987 0.540419 -0.566376 2 
-0.646273 0.138679 -0.774109 2 
-0.897962 0.410548 -0.534736 2 
1.09262 -0.9725 -0.643935 2 
0.510254 0.661554 -0.737672 2 
0.0244108 -0.181063 -0.527346 2 
0.149644 0.107087 0.110422 2 
-0.607318 1.0235 -0.420731 2 
-0.411493 0.639992 -0.311486 2 
-0.253293 0.158441 -0.728615 2 
-0.449968 0.178117 -0.500597 2 
0.564737 -0.220943 -0.687061 2 
0.179783 -0.256245 -0.975426 2 
-0.341991 0.366333 -0.919649 2 
-0.602535 0.138264 -0.495597 2 
