-0.0473615 -0.45651 2.41702 
-0.101327 -0.2761 1.24417 
0.342947 0.239994 1.69007 
0.110802 0.280383 0.0934088 
0.651318 -0.122368 1.51126 
-0.0284608 0.107863 0.448691 
0.555182 -0.215194 1.20069 
-0.0760582 0.235429 0.314928 
0.335111 -0.0718955 1.40207 
0.221977 0.420724 0.649511 
1.19584 -0.186104 2.20651 
0.251937 -0.245019 1.43087 
-0.11135 0.210683 1.86461 
0.671855 -0.324742 0.787038 
0.955626 -0.427795 2.41334 
-0.0822158 0.0187253 1.3377 
-0.413533 -0.211716 0.270182 
0.946844 0.00685176 1.54985 
0.44244 -0.171157 0.886465 
0.149505 -0.129517 1.1274 
0.690824 -0.0998152 1.36888 
0.267414 -0.275453 0.396086 
-0.837987 -0.0868606 -1.3018 
0.704806 -0.3623 0.638436 
-0.00952966 -0.0673377 0.0384642 
-0.183704 0.382814 -0.41285 
0.796946 0.104979 -2.89718 
1.05507 -0.341227 -0.629862 
-0.0154832 -0.459233 0.888405 
-0.176603 -0.113348 1.17569 
0.523608 -0.481397 1.40136 
0.593748 -0.552921 1.73882 
0.504427 0.160616 -1.60651 
0.676468 0.0146432 1.25248 
0.18318 -0.132084 0.881348 
0.111363 -0.0135016 -0.548773 
0.425004 -0.562149 -0.0498583 
0.82433 -0.680226 -1.29915 
-0.232014 -0.274292 0.881893 
0.068349 -0.453522 -0.301295 
0.346221 -0.358626 -0.788811 
0.0613784 0.0189938 1.66923 
0.475744 0.101283 2.08319 
0.0318855 -0.24559 3.56174 
0.728988 -0.540348 -0.0612358 
0.563371 -0.622158 0.40179 
0.266996 -0.480935 2.1166 
0.216138 -0.00184181 1.03837 
0.290872 0.063434 3.18978 
0.35294 -0.205997 1.35336 
0.252569 0.0582789 2.23306 
0.183061 0.297759 0.540635 
-0.0389436 -0.183458 1.83765 
0.246114 -0.124115 0.297101 
0.454113 -0.144425 0.905896 
0.367791 -0.425369 0.735341 
0.574399 -0.757631 1.52095 
0.79263 -0.0952141 0.320053 
0.52663 0.414521 -0.93305 
0.122032 -0.0269601 1.90607 
0.183274 -0.140012 1.98785 
0.440216 -0.140375 -0.311241 
0.358454 -0.213336 -0.00381982 
0.738626 -0.429497 1.93064 
-0.0535999 -0.102284 -0.328538 
-0.232576 -0.0714772 1.53131 
0.425599 -0.272459 0.288115 
0.500536 -0.0965172 1.45603 
0.100172 0.0670227 0.98617 
0.279228 -0.207537 0.368873 
0.362264 -0.137382 1.14659 
0.000238676 -0.120629 0.995959 
0.399285 -0.637592 1.88855 
0.301292 -0.551511 0.824624 
0.503831 -0.261586 0.893631 
0.7365 -0.242439 1.03179 
0.61642 -0.0720902 1.16826 
0.616731 -0.114908 0.719654 
0.173461 -0.39512 1.05871 
0.0487754 0.0452083 1.55036 
0.303263 -0.211592 1.76907 
0.573762 -0.118549 1.35202 
0.45064 0.0696497 0.232718 
0.14964 -0.0257337 1.65505 
0.241437 -0.759163 1.81005 
0.144628 -0.320602 1.51193 
0.0255301 -0.216416 0.280075 
0.339798 0.538826 0.989867 
0.601236 -0.8592 2.75012 
0.21557 -0.193125 1.76794 
0.119364 -0.158476 0.605527 
0.599082 0.119699 1.56273 
0.419619 -0.535406 1.3764 
-0.133213 0.435429 0.110913 
0.322115 0.157127 0.834041 
0.881868 -0.36034 1.25303 
0.594128 0.193262 2.34044 
0.720632 -0.288335 2.68525 
-0.217138 0.433027 0.0838919 
0.633429 -0.562244 2.18071 
0.534563 -0.439095 2.38654 
0.300093 -0.342706 1.36939 
-0.05861 0.153878 0.913594 
0.439612 -0.158013 0.850849 
-0.157414 -0.0389807 -0.471788 
0.836431 -0.46597 2.17792 
0.660236 -0.30624 1.94236 
0.351189 -0.579442 0.749337 
0.796276 -0.534251 0.961145 
0.018299 0.284933 -1.11398 
0.592407 -0.260332 1.69087 
1.10831 -0.92131 2.34465 
0.504423 -0.22911 -0.162147 
0.383045 -0.376378 0.749866 
1.25715 -1.09295 4.48502 
0.783874 -0.760568 2.99468 
1.20307 -0.731856 4.48854 
0.512517 -0.285572 -0.0556761 
0.528948 -0.737638 2.25169 
0.784118 -0.722712 1.95331 
-0.170021 -0.0799466 1.07781 
0.147778 -0.234179 1.349 
0.875566 -0.692071 1.40456 
0.255767 0.00146708 0.0870222 
0.364575 0.0886315 -0.415497 
0.482523 -0.0453348 0.809148 
1.15168 -0.937295 2.6489 
0.331227 -0.467555 -0.585901 
0.38005 -0.316041 1.4359 
0.433382 -0.38285 1.23509 
0.216626 0.0955853 -0.415527 
0.287569 -0.240644 -0.19348 
0.777859 -0.154314 -0.930685 
0.461087 -0.547242 1.05028 
-0.33114 0.467065 -1.91893 
0.355678 -0.421279 -0.276306 
0.286496 -0.186764 -0.517044 
0.068859 -0.136643 0.0165437 
-0.901079 0.542143 -4.43623 
-0.439654 0.618401 -2.15713 
0.714314 -0.455835 1.80123 
0.295021 0.0192755 0.249566 
1.05706 -0.505258 2.3102 
1.22988 -0.41886 3.78563 
0.485565 -0.542446 1.39386 
1.14772 -1.06737 3.32859 
0.714198 -0.557227 2.40995 
0.342702 0.0831438 0.0206231 
-0.0302746 -0.305067 -0.28533 
0.503334 -0.0189408 0.113793 
0.275769 -0.0521301 1.00828 
0.672528 -0.843096 2.68371 
0.251669 0.285411 -0.0859045 
0.356035 -0.767286 0.311549 
0.300885 -0.446282 0.797784 
0.724849 -0.455327 1.36406 
1.12623 -0.886887 1.03576 
0.632612 -0.691766 0.832835 
0.247497 -0.0362304 0.0532262 
0.477181 0.0127507 0.566778 
0.0925287 -0.505523 -0.940328 
0.437695 -0.218829 0.878742 
0.34337 -0.131188 0.258292 
0.518398 -0.173236 1.89103 
0.27067 -0.297339 -0.437133 
0.308649 -0.0281594 0.492513 
0.132163 0.0841587 -0.764408 
0.553825 -0.328458 1.52683 
0.586087 -0.490524 0.339272 
0.456171 -0.618355 0.118831 
0.494782 -0.0643089 -1.30933 
0.163428 -0.411596 -1.02751 
0.120874 0.0824622 -0.509405 
0.552935 -0.611969 -0.141864 
0.391803 -0.398207 -0.766203 
0.381836 -0.371009 -0.557959 
0.838839 -0.348947 1.30108 
0.336395 0.192309 -0.148101 
0.474608 -0.288102 0.603567 
0.457622 0.113756 -0.505373 
1.19914 -0.181439 2.66363 
0.514262 -0.4469 0.653034 
0.46458 -0.851655 -0.0580714 
1.28374 -0.519077 0.138601 
1.39022 -0.689295 1.67065 
0.167076 -0.298305 0.155791 
0.676795 -0.339096 0.170387 
0.690549 -0.780308 -1.10643 
1.76572 0.324277 2.78439 
0.59844 -0.39615 1.22462 
0.528093 -0.27155 -1.10633 
1.51275 0.00628193 1.25399 
0.134707 -0.381117 0.355584 
0.62715 0.24931 1.61733 
-0.0236495 -0.342743 -0.168967 
0.747651 -0.506689 -0.218989 
0.499144 0.393421 0.273996 
0.409372 0.144535 0.208971 
0.78896 -0.349002 0.269627 
0.671008 -0.0322667 0.881557 
0.588045 -0.298151 0.547686 
0.410967 -0.437997 -0.930117 
0.80616 -0.223022 2.08506 
0.646089 -0.0919813 2.01762 
0.173089 -0.4988 -0.757551 
0.421368 -0.280055 1.22595 
0.184485 -0.265564 1.6546 
0.209456 -0.0868462 -0.0870991 
0.599805 0.0942264 0.602689 
0.163376 -0.320102 0.374808 
0.421772 -0.264499 0.411976 
0.189395 -0.306492 -0.247544 
0.948157 0.0285607 1.18722 
0.662486 -0.314425 0.0583213 
0.298813 -0.160905 0.51426 
-0.0611835 -0.0325681 -1.1675 
0.184361 -0.159485 -0.175481 
0.576683 -0.364946 1.70168 
0.658773 -0.325217 1.46883 
0.165392 -0.302978 2.14809 
0.324115 0.0683031 1.82424 
0.528483 0.139391 1.40731 
1.29378 -0.120484 2.10777 
0.400562 0.126414 -0.573148 
0.441614 -0.559029 0.062318 
0.0514747 -0.46956 -1.13355 
0.811007 -0.0169606 1.41872 
0.259944 -0.520205 -0.585404 
0.682342 0.188911 0.115451 
0.520367 -0.23754 -0.0150732 
0.34413 -0.000559416 0.339943 
0.914707 -0.0794379 1.08993 
0.0974313 -0.181173 0.996161 
0.312452 -0.437416 -0.115935 
0.271721 -0.285173 0.998482 
-0.436617 -0.202805 1.36363 
0.29007 -0.5259 0.445416 
0.275889 -0.425939 0.323514 
-0.347326 -0.960996 0.487487 
0.252501 -0.760333 -0.791871 
-0.00310946 -0.429762 -0.812544 
0.338892 -0.0739675 -0.370853 
-0.15 -0.0635317 -0.0231399 
0.278675 -0.240751 0.709568 
-0.556884 -0.112182 1.21653 
0.251893 -0.111524 -0.648144 
-0.375007 0.109632 -0.072977 
0.0194973 -0.0861321 -0.295635 
1.4421 -0.221417 0.611043 
0.591365 -0.379542 0.0403946 
0.0438127 0.208767 -0.878063 
0.661155 0.100366 1.51335 
0.150348 -0.693098 1.26149 
0.405702 0.0885272 0.531673 
0.348542 -1.02288 0.436643 
0.334888 0.279088 0.62965 
0.102631 -0.8431 -0.738006 
0.778555 0.367104 0.259728 
-0.185427 -1.08234 0.445401 
-0.0487362 -0.630542 1.01937 
-0.208795 -0.0558421 -0.195831 
0.244303 -0.93403 0.787691 
0.104191 -0.22541 0.811079 
0.263326 -0.420465 0.143724 
0.349982 -0.248738 1.52932 
-0.215195 -1.37875 -0.329573 
0.549891 0.442686 0.0606733 
0.419404 0.539578 0.325809 
0.0904993 -0.0932053 -0.418161 
0.215738 -0.0528732 -0.148153 
0.160932 -0.804422 0.0472954 
-0.314777 -0.371918 -0.0175741 
0.073531 -0.252858 1.79796 
0.683887 -0.0257934 0.499375 
-0.302941 -1.80041 -0.514198 
-0.429593 -1.18742 -0.203601 
0.0119227 -0.828157 1.05743 
-0.141329 -0.55234 -0.766754 
0.713492 -0.65623 -0.327567 
-0.00361148 -0.62407 0.466118 
0.385581 0.270641 -0.63603 
0.097688 -1.08006 -0.0803275 
0.444582 0.108906 -0.259511 
-0.304801 -1.27467 -0.411783 
0.27257 -1.02539 -0.788465 
0.0275143 -0.642398 0.0189102 
0.178402 -0.584694 -0.433833 
0.699114 0.580439 0.246691 
1.01276 0.402775 -1.01868 
-0.0102941 -0.306655 -0.990724 
0.510993 0.125244 -0.0581947 
-0.306009 -0.25579 -0.170957 
0.0853171 -0.422469 0.0781327 
0.251024 -0.178495 0.0473124 
-0.334709 -1.03676 -1.09593 
0.474648 0.201824 -1.37217 
0.253549 -0.608525 1.49651 
-0.191726 -0.571719 -0.294255 
0.0522848 -0.349079 -0.851109 
-0.0871951 -0.4356 -0.416752 
0.161648 -0.0701953 -0.127223 
0.69566 -0.0577968 -0.102168 
0.831549 -0.211238 -0.790482 
0.543984 -0.0111178 -0.813638 
0.288742 -0.509267 0.633772 
-0.0595111 -0.937486 -0.844592 
0.114566 -0.945119 -0.235761 
0.0989879 -0.640174 0.203761 
-0.0677796 -0.439404 -0.551709 
-0.124992 -0.195066 -0.614033 
1.03295 -0.530678 0.229905 
0.374434 -0.429731 0.461195 
0.0905664 -0.875316 1.20833 
0.119679 -0.714419 0.73239 
0.504483 -0.567416 -0.912623 
0.124592 -0.155741 0.222896 
0.238464 -0.524329 -0.103823 
0.315405 -0.449543 -0.0619627 
0.564144 0.236911 -1.22943 
-0.201953 -1.19059 0.424254 
0.235545 -0.472115 -1.44528 
0.68909 -0.30684 -0.272727 
0.0968369 -0.60568 0.279954 
0.245309 -0.306349 -0.812783 
-0.0716388 -0.835078 0.195655 
-0.366312 -0.53409 0.175134 
0.105463 -0.460278 -0.13323 
0.376624 -0.420778 -0.255492 
0.105863 -0.0624244 -0.961824 
-0.53417 -1.08455 -0.718489 
-0.0962709 0.137228 0.131781 
-0.487607 -1.16611 -0.0415421 
0.347598 -0.287356 0.505644 
-0.283997 -0.419538 -0.136296 
0.173931 -0.0528736 0.149545 
0.338716 -0.579335 -0.722865 
0.284886 -0.778427 -0.789784 
0.534875 -0.212909 -0.237625 
-0.621161 -0.883878 -2.43204 
0.14335 -0.188059 -1.47849 
-0.0611258 -0.995573 0.350059 
0.171945 -0.704363 -0.146671 
-0.260048 -0.694829 -1.81581 
0.133046 -0.66088 -0.376081 
0.696228 0.0516197 -0.109067 
0.487854 -0.355382 0.711884 
-0.471319 -0.933994 -0.757572 
0.355981 -0.227008 -0.427379 
-0.123272 -1.03092 -0.336343 
-0.0620679 -0.640663 -1.30386 
-0.110198 -1.27407 -0.84372 
0.220409 -0.448286 0.603031 
0.270841 -0.104305 -1.04046 
0.318347 -0.619166 -1.58914 
0.437235 -0.0169481 -0.0629102 
0.0847672 -0.54421 0.0606823 
0.156598 -0.125877 -1.03231 
0.073388 -0.32055 -0.411539 
0.133737 -0.846734 0.884189 
-0.233511 -0.680442 -1.27658 
0.225143 -0.417929 -1.84168 
0.20987 -0.114146 -1.71644 
-0.223533 -0.783255 -1.28596 
0.0182199 -0.754312 -0.610867 
-0.179436 -0.156978 -1.28762 
0.0908674 0.00914061 -0.547345 
0.224087 -0.255825 -0.607249 
0.53626 0.0410057 0.523471 
0.210241 -0.181327 0.415049 
0.209874 0.110872 -0.596897 
-0.451568 -0.365339 -0.282052 
-0.150085 -0.133881 -1.22508 
-0.416881 -0.28846 -1.35984 
0.214932 -0.0686581 -0.36002 
0.492357 -0.165248 -0.546047 
0.0507433 -0.0982668 -0.970531 
-0.271058 -0.431265 -0.893834 
-0.292913 -0.538449 -1.91745 
-0.249478 -0.19524 -1.26513 
0.183936 -0.495982 -0.344882 
-0.157581 -0.493831 -1.4365 
-0.864772 -0.536826 -0.451976 
0.189526 -0.217822 -0.80617 
-0.410354 -0.375573 0.146144 
0.369667 -0.239716 0.208441 
-0.0158004 -0.630546 -0.221754 
-0.0819415 -0.0432102 -1.53143 
-0.16063 -0.640556 -0.720411 
0.180613 -0.471483 -0.0268201 
0.147895 -0.241954 -0.619133 
-0.229749 -0.527656 -1.49391 
-0.242771 -0.28681 -0.683517 
0.590854 -0.0604963 -0.415188 
-0.0794892 -0.396949 -1.51171 
0.271865 -0.55094 -0.580621 
0.112099 -0.208965 -0.703208 
0.287469 -0.100168 0.273133 
-0.012377 -0.519306 -0.927491 
0.374556 -0.478628 -0.909217 
-0.442944 -0.435359 -0.269819 
0.239365 -0.463747 -0.653868 
0.407826 0.0762106 -0.993304 
0.296289 0.193569 0.359183 
-0.00308598 -0.255042 -1.22636 
0.0692505 -0.136648 -2.7089 
0.10475 -0.213933 -1.36609 
0.153045 -0.233278 -0.267743 
0.0879943 -0.459846 -0.909871 
0.228719 -0.39116 -1.21349 
0.02862 -0.464549 -0.636227 
-0.467111 -0.314154 -0.95858 
-0.168378 -0.157427 -0.175417 
-0.127984 -0.377046 -0.753678 
-0.120679 -0.444216 -0.915275 
0.0321878 -0.2492 -0.0542717 
0.442911 -0.236659 1.33845 
-0.0287371 -0.701327 -1.05229 
0.154707 -0.300351 -1.19236 
0.40634 -0.0111831 -0.379196 
-0.0356886 -0.332208 -0.0860639 
0.0356744 -0.863244 -0.857857 
-0.169203 -0.804362 -0.31307 
-0.204738 -0.58505 -0.0614801 
-0.0638439 -1.12042 -1.05053 
0.272706 -0.70931 0.0506201 
-0.36331 -1.04695 -0.451636 
-0.499207 -0.913381 -0.557014 
0.000637932 -0.446455 -0.683557 
-0.120698 -0.419254 -0.543383 
0.0176212 -0.697694 0.182112 
0.0508173 -0.484945 0.671122 
0.387525 -0.440064 0.177742 
0.11907 -0.325568 -1.49734 
-0.702112 -0.250375 -1.60261 
0.149882 -0.72065 -0.10202 
0.0517606 -0.20492 -0.95696 
-0.381192 0.0250054 -2.11468 
-0.135038 -0.20836 -1.60394 
-0.04917 -0.264527 -1.92166 
-0.0878173 -0.466066 -2.57684 
0.043393 -0.960444 -0.517358 
0.0358412 -0.664496 -0.229507 
-0.484277 -1.04148 -1.18075 
-0.228854 -0.258615 -0.409309 
0.281273 0.106519 1.06758 
-0.19944 -0.634693 -1.3967 
-0.220855 -0.178402 -0.29568 
-0.447361 -0.610956 -3.42667 
-0.489571 -0.963001 -2.69638 
-0.673668 -0.8264 -0.698611 
-0.027618 0.0260976 -0.540043 
-0.370258 -0.0347717 -1.10834 
-0.631914 -0.457221 -2.24753 
0.0372948 -0.911135 -0.128896 
-0.228555 -0.929812 -0.736159 
0.0279576 -0.272953 -1.06787 
-0.452099 -0.731595 -0.788946 
-0.0538453 -0.667181 -0.90531 
-0.255174 -0.42126 -0.754084 
-0.243533 0.00812411 -0.862877 
-0.694565 -0.447291 -0.803871 
-0.326051 -0.508937 -0.786311 
0.217248 -0.328802 -0.719156 
-0.593148 -0.345023 -1.76612 
-0.154077 -0.116769 -1.6326 
-0.175753 -0.312641 -1.87842 
-0.43067 0.273588 -1.61182 
0.0714373 -0.245548 -1.03464 
-0.416428 -0.86952 -1.05672 
-0.466902 -0.932173 -1.61145 
-0.364434 -0.523726 -1.5218 
-0.0386251 -0.440808 -1.66184 
-0.694608 -1.04648 -1.48642 
-0.525546 -0.440557 -1.96389 
-0.525747 -0.690369 -1.2065 
-0.467445 -0.938876 -1.56832 
-0.00799735 -0.490292 -0.846394 
0.0887756 -0.210164 -1.11108 
0.433635 -0.667597 -0.487817 
-0.140387 -0.481827 -1.93188 
0.298246 -0.24441 -0.927278 
-0.300917 -0.838318 -0.415916 
-0.20789 0.12773 -0.743004 
-0.0670669 -0.461015 -0.388663 
-0.0463063 -0.645474 -0.711547 
-0.110239 -0.171993 -2.30108 
-0.197076 -0.76162 -3.52147 
-0.710941 -0.619303 -2.24456 
-0.232726 -0.418264 -1.35423 
-0.0500181 -0.453712 -1.66771 
-0.278483 -0.494418 -2.50211 
0.171953 -0.0287151 -2.0387 
-0.33028 -0.774739 -1.11398 
-0.113098 -0.362309 -1.56412 
-0.519928 -0.804 -2.83762 
-0.00911571 -0.335446 -2.27578 
0.0193762 -0.343003 -0.990838 
0.228939 -0.393659 -1.03436 
-0.440389 -0.35969 -1.4726 
-0.328165 -0.299391 -0.00732214 
-0.0824198 -0.542418 -0.92899 
-0.235014 -0.611213 1.45133 
-0.23237 -0.705373 -0.633034 
-0.416122 -0.632325 -0.178867 
0.432372 -0.41666 -0.318592 
-0.13066 -0.994314 -0.854539 
0.0640033 -0.530018 -0.219572 
-0.0217181 -0.817386 -0.489035 
-0.0138459 -0.774877 -0.667336 
0.0811651 -0.043133 -0.982725 
-0.466253 0.0305199 -1.75536 
0.543935 0.272567 -0.911975 
0.0308993 -0.386571 -1.30781 
-0.00436609 -0.517548 -1.64017 
0.311418 0.22321 0.0569665 
-0.513636 -0.590595 -1.36501 
0.247468 -0.596554 -1.32637 
-0.45446 -1.00968 -0.586264 
-0.294782 -0.611409 -1.02924 
0.240469 -0.881006 -1.24399 
-0.613261 -0.69982 -0.951533 
-0.0688215 -0.20906 -1.22947 
0.27237 -0.402533 -0.728738 
-0.708088 -0.566128 -1.7543 
0.209413 -0.0675334 -0.240057 
0.184926 -0.360494 0.0312271 
0.461318 -0.51978 -0.129857 
-0.122959 -0.16133 -1.20409 
-0.763876 -0.612089 -2.03423 
0.160152 -0.222862 -0.914547 
-0.214602 -0.250936 -0.726855 
-0.302332 -0.0526394 -0.342175 
-0.187209 0.0775638 -1.33774 
-0.130867 -0.367482 -1.40235 
0.210887 -0.0443201 -1.43197 
0.360827 -0.418784 -0.640068 
0.324534 -0.277569 -2.14524 
0.192766 0.0292618 -2.17956 
0.492404 -0.609696 -0.460263 
-0.0922896 -0.463284 -2.74478 
0.16142 0.0490793 -2.03279 
0.374399 -0.0946699 -0.180158 
0.264316 -0.464176 -2.13498 
0.310417 -0.480916 -1.60377 
0.441569 -0.371679 -0.484046 
0.428342 -0.504996 -1.33853 
0.466016 -0.356229 -1.50274 
0.19169 0.0171123 -1.27225 
0.531959 -0.00291133 -1.6641 
0.365985 -0.0554739 -0.300893 
0.649825 0.0366991 -0.514825 
0.673978 -0.378377 -0.12525 
0.634723 -0.493398 -1.23416 
0.128844 -0.63821 -1.85167 
0.524455 -0.112675 -1.83931 
0.848994 -0.402879 0.11621 
0.510476 -0.735677 -1.22095 
0.775037 -0.61983 -0.917571 
1.07795 -0.164194 -0.0205452 
0.870673 -0.389599 0.12602 
0.811097 -0.441607 -1.58789 
1.13512 -0.0428126 -1.68409 
0.510044 -0.389589 -0.699017 
0.731765 -0.674913 -1.66407 
0.569151 -0.821941 -0.61569 
0.308885 -0.308248 -1.9637 
0.932941 0.0331845 -1.69809 
0.572165 -0.0216213 -0.910293 
0.600368 -0.698884 -1.34147 
0.385431 -0.60664 -1.0658 
0.613793 -0.523577 -1.39758 
0.596042 -0.487927 -1.56249 
0.530832 -0.592044 -0.562838 
1.10971 -0.981164 -1.28047 
0.862848 -0.770914 -1.41727 
0.446283 -0.121816 -0.785918 
0.434491 -0.0858675 -2.09659 
0.745093 0.369975 -0.649856 
0.475966 -0.190331 0.708073 
0.925534 0.239442 -2.20885 
0.810854 0.148315 -1.3544 
0.733907 -0.590603 -1.83711 
1.13439 0.376454 -1.54097 
0.583101 -0.0504041 -0.609297 
0.539271 -0.341148 -2.80038 
0.634141 0.329377 -1.93132 
0.817317 -0.181527 -0.99905 
0.58098 -0.234947 -0.387156 
0.80148 -0.333552 -2.03881 
1.45012 -0.613411 -1.59988 
0.199406 -1.09623 -1.1271 
0.599394 -0.0946187 -0.561975 
1.14389 -0.763243 -2.14307 
1.0267 -0.350129 -1.30659 
0.609636 -0.405063 -1.57193 
0.76812 -0.351565 -1.96133 
0.503499 -0.262825 -0.381102 
0.622058 -0.00675561 -2.35416 
1.08085 -0.469653 -1.92792 
0.322532 0.0974692 -1.11145 
0.815828 0.109835 -1.68904 
1.0373 -0.305561 -0.518781 
0.729092 -0.476122 -0.492263 
0.514409 -0.685834 -0.141721 
0.282941 0.0603044 -0.991487 
0.662449 -0.307368 -1.17852 
1.05836 -0.405522 -1.54544 
0.442607 0.313865 -0.896946 
0.396961 -0.162582 -0.336618 
0.396538 -0.41536 -0.669497 
0.282077 0.0163316 -0.785792 
0.351401 -0.652559 -0.370045 
0.657717 -0.244087 -0.895479 
0.481142 -0.857797 -1.05679 
0.839855 -0.780613 -0.131169 
0.490467 -0.471714 0.017506 
0.339659 -0.992417 0.341419 
-0.125565 -1.09099 1.50478 
0.212 -0.681297 0.450246 
0.272727 -0.4204 1.08666 
0.678692 -0.262906 -0.572152 
0.27191 -0.643928 0.422252 
0.0234979 -0.806869 1.85389 
0.467499 -0.414343 1.21897 
0.199247 -0.849417 -1.07343 
-0.206823 -0.446136 1.25204 
0.129583 -0.105899 0.24805 
0.312938 -0.0918114 -0.273034 
0.338368 -0.374133 0.492474 
0.14246 -0.57945 1.59635 
0.419913 -0.0632714 -1.17867 
-0.202308 -0.212846 0.103325 
-0.327853 -0.447372 -0.348753 
-0.0767659 0.199202 -1.34366 
0.309109 -0.206878 -1.5036 
0.73321 -0.201458 -0.498985 
0.101219 0.101758 -0.00810726 
-0.00727447 -0.421147 0.163838 
0.169642 -0.0805624 -0.636723 
0.280515 -0.617171 -0.111565 
0.0117342 -0.109339 -1.20116 
-0.155786 -0.148868 -0.877239 
0.636158 -0.476107 1.86391 
0.380179 -0.344454 -1.12115 
0.520608 -0.533117 0.218589 
0.176304 -0.737052 0.433137 
0.493238 -0.835681 1.28991 
-0.118627 -0.671717 -0.202971 
0.339175 -0.73469 1.54261 
0.442126 -0.441897 -0.308673 
0.327626 -0.51376 0.0025609 
0.311994 -0.508243 -0.267979 
-0.0655386 -0.233788 -0.401003 
0.54397 -0.624144 0.514599 
0.666694 -0.855173 0.610857 
0.297699 -0.157771 -0.489432 
0.230983 -0.133679 -0.42137 
0.12639 -0.0861357 -0.0266459 
-0.121704 -0.584154 -0.00951127 
0.487401 -0.8912 -0.492751 
0.582212 -0.8227 0.917708 
-0.6369 -1.16621 -0.468426 
-0.0501377 -0.321223 0.235225 
0.210499 -0.118365 -0.431194 
-0.0986381 -0.415013 -1.23252 
-0.0800497 -0.602167 -0.22543 
0.347902 -0.780821 0.553401 
0.156738 -0.50503 -0.213986 
0.486041 -0.740954 1.2319 
-0.0536398 -1.00178 0.793801 
-0.16014 -0.535772 0.0801027 
-0.184184 -0.645528 -1.27421 
0.285462 -0.820696 0.781147 
0.522865 -0.15339 -0.268463 
0.744527 -0.118238 0.14075 
0.136387 0.0847828 -1.99326 
0.0633874 0.157291 -0.658669 
0.54975 -0.270412 1.0642 
0.562088 -0.573917 -1.16549 
0.335794 -0.160304 -0.423992 
0.617064 -0.36815 -0.93358 
0.504356 -0.293162 0.682994 
0.545624 -0.346518 -0.247018 
0.416733 -0.0493278 0.321367 
0.122484 0.068654 -1.24325 
0.162782 -0.520483 0.441714 
0.444292 -0.101678 -0.376874 
0.376079 -0.58723 1.11392 
0.608965 -0.588227 -0.6214 
0.470494 -0.466268 -0.547564 
0.712401 -0.666441 0.610994 
-0.046765 -0.207507 -0.729308 
0.519573 -0.103129 1.30817 
-0.110812 -0.401292 -0.331214 
0.790164 -0.521124 0.64902 
0.412715 -0.5976 -0.44049 
0.682184 -0.90511 0.300105 
0.762089 -0.831517 -0.339855 
0.525369 -0.39119 0.621796 
0.446178 -0.290043 0.474103 
0.497413 -0.701286 0.492998 
0.401629 -1.31291 1.29439 
0.599406 -0.79863 -0.0112312 
0.421625 -0.465324 0.0370237 
0.206619 -0.604595 0.101048 
-0.025901 -0.448817 -0.120459 
0.183168 -0.262856 -0.880694 
0.833415 -0.988133 1.74663 
0.26473 -0.368392 0.0732433 
-0.0375995 -0.641184 -0.610725 
0.550373 -0.648603 1.18813 
0.825674 -0.751819 1.32615 
0.0757679 -0.644816 0.0651989 
0.605742 -0.706957 -2.19922 
0.275101 -0.982448 0.697706 
0.134864 -0.567062 -0.19632 
0.656672 -0.461617 0.412539 
0.166903 -0.244439 1.02059 
0.0633282 0.0651641 -0.133861 
-0.410269 -0.20766 0.425558 
-0.250476 0.520212 -0.683017 
0.865009 -0.35417 0.245338 
0.621009 -0.277015 0.484775 
-0.152897 -0.196491 -0.835907 
-0.0821716 -0.0234183 -1.05278 
-0.182654 0.269563 -0.210674 
0.568337 -0.274084 1.08827 
-0.020079 0.0423052 -0.141895 
-0.158506 -0.210725 0.380244 
0.255315 -0.283722 -1.18591 
0.512162 -0.114076 -0.442829 
0.273385 -0.217089 -0.0393661 
0.180081 -0.232502 1.48323 
0.512055 -0.176355 1.53472 
0.360949 -0.485749 0.535603 
0.278428 -0.174278 0.751307 
-0.090659 0.0751969 -1.5125 
0.298894 -0.149272 -0.274534 
0.409314 -0.279479 -0.655935 
0.533178 -0.375765 -1.0848 
0.0372935 -0.371644 -0.732977 
0.508568 -0.395089 0.191959 
0.511755 -0.467528 0.263412 
0.758817 -0.0573508 0.403857 
0.524516 -0.10204 -0.666708 
0.334988 -0.0634421 -1.54617 
0.678484 -0.732489 -0.382513 
1.09707 -0.742534 0.239731 
0.394207 -0.638111 0.259335 
0.295063 -0.768013 1.15947 
0.209883 -0.43029 0.01793 
0.125313 -0.370849 1.28264 
0.325741 -0.334176 1.15687 
0.109168 -0.238973 -0.398793 
0.535852 -0.115624 -0.301449 
0.582227 -0.796538 0.75657 
0.433768 -0.667841 1.03896 
0.356599 -0.739258 2.19807 
0.235442 -0.187179 1.1395 
-0.16425 -0.114618 -0.542958 
-0.0632364 -0.0947214 0.134381 
0.141843 -0.562462 0.683758 
0.557922 -0.860111 1.24821 
0.478561 -0.488677 0.715576 
0.179741 -0.237217 0.00409135 
0.791023 -0.646193 0.791277 
0.89415 -0.936327 0.612309 
0.99851 -0.532034 0.438726 
0.167694 -0.124223 0.826439 
0.634724 -0.610529 0.0173525 
0.542224 -0.178719 0.60548 
0.0272283 -0.554167 2.5453 
0.339677 -0.331809 1.26407 
0.248179 -0.488407 0.935517 
0.259278 -0.457776 -0.532445 
0.263684 -0.268383 -1.32766 
-0.113257 -0.376947 -1.21123 
0.165139 0.123173 -0.756814 
0.654393 -0.239242 0.632288 
0.897867 -0.707508 1.05582 
0.651965 -0.19045 0.770618 
0.287739 -0.495586 0.387815 
0.495204 -0.805798 0.825008 
0.214771 -0.417959 -0.210892 
0.380912 -0.00871364 -1.73134 
0.37374 -0.578909 2.31653 
0.0544631 0.0116703 1.42224 
0.732276 -0.0925388 1.031 
0.966374 -0.732364 0.720591 
0.931382 -1.16674 -0.162119 
0.90128 -0.993833 -0.00480004 
0.685071 -0.455076 1.25106 
0.899764 -0.38568 1.02369 
0.469257 -0.750568 0.267162 
-0.033472 -0.395481 -0.887636 
0.313421 -0.50614 -0.268534 
0.560413 -0.702787 1.23369 
0.34165 -0.528175 0.093955 
-0.0814909 -0.210788 0.167776 
-0.0193905 -0.180923 -0.680083 
1.32729 -0.418954 1.57534 
0.685026 -0.22075 0.919808 
0.403512 -0.608669 0.810856 
0.699472 -0.686736 0.585634 
0.628209 -0.478384 2.09253 
0.207005 -0.272964 0.493182 
-0.0145029 -0.243004 0.0158978 
0.431656 -0.604923 0.709163 
0.380013 0.19881 0.308251 
0.649795 -0.807893 0.497258 
0.173646 -0.439384 0.712491 
0.327235 -0.930853 0.32335 
-0.243926 -0.134469 -0.50223 
-0.421166 0.0103935 -1.8382 
0.437833 -0.557604 -0.21399 
0.949346 -0.0181195 -0.366088 
0.701752 0.162817 0.963895 
0.996613 -0.245117 1.49412 
0.811478 -0.424894 -0.132656 
-0.045762 -0.0898426 0.105612 
0.36054 -0.516739 1.24863 
0.503392 -0.796764 1.03272 
0.748522 0.0592033 0.55747 
0.609756 0.0262019 -0.439182 
1.01729 -0.328116 1.48899 
0.340742 -0.194622 0.195014 
-0.232281 0.538514 -0.521095 
0.185457 -0.432944 -0.864046 
0.602381 -0.232336 1.47162 
0.941181 -0.343315 1.85658 
0.392857 -0.189128 1.56127 
0.120486 -0.428924 -0.227478 
0.477664 0.314272 -0.656134 
0.544316 -0.0565028 0.719824 
-0.126712 0.22541 -1.04312 
0.00363786 -0.130643 0.153134 
0.233127 -0.936872 0.799355 
0.317838 -0.367939 0.262123 
0.617939 0.050822 0.103643 
0.506348 -0.410219 -1.2466 
0.398863 -0.10037 0.102996 
-0.0610735 0.0441047 -0.483679 
0.555209 -0.240513 -1.82712 
0.963685 0.044082 0.488874 
0.708022 -0.439973 1.41581 
0.886978 -0.375883 0.235986 
0.246363 -0.282026 -0.626617 
0.499328 0.212622 0.108642 
0.418268 0.111193 -0.315274 
0.388561 -0.15892 -1.57827 
0.294711 0.182156 -0.455264 
0.242585 0.113063 -0.496003 
0.416964 -0.201193 1.65954 
0.316835 -0.297421 -0.42636 
1.03499 -0.679516 0.604353 
0.017502 -0.0800002 -0.50644 
0.960085 -0.288743 -0.100535 
0.391721 -0.370605 -0.207517 
0.593065 -0.386812 0.634693 
0.828844 -0.524596 -0.626734 
0.527702 0.284582 0.904155 
1.17917 -0.260679 -0.220492 
0.870828 -0.157517 -0.559681 
0.703561 0.0838704 0.546665 
0.240524 0.2976 -0.120823 
0.704559 -0.03568 0.587124 
1.06405 -0.00978628 0.610247 
0.864376 -0.373175 1.21197 
0.103865 -0.14058 0.761581 
0.82169 -0.438445 1.21796 
0.654756 -0.36316 0.913881 
0.347588 -0.399136 -0.962418 
1.47517 -0.236151 0.428577 
0.79114 -0.702714 -0.207321 
0.224619 -0.346501 0.455019 
-0.182923 0.125383 -1.07399 
0.257486 -0.284273 -0.327529 
0.674749 -0.11712 1.20249 
0.744314 -0.353181 1.6292 
0.324627 -0.177189 0.360772 
0.52503 -0.274357 0.946795 
0.24134 -0.063282 1.07178 
0.551393 -0.267795 1.01446 
0.340528 -0.484335 0.252418 
0.695182 -0.619321 0.506825 
0.656254 -0.394617 0.832529 
0.928033 -0.354618 0.991085 
0.465959 -0.00988364 -0.129503 
-0.0158669 0.265671 -0.290953 
0.685593 -0.185705 -0.140732 
0.642829 -0.222065 1.34931 
-0.0347415 -0.356946 0.141718 
1.02796 -1.05133 0.332649 
0.604159 -0.234215 1.16282 
0.27087 -0.255869 2.20539 
0.540524 -0.2914 1.18925 
-0.153607 0.277759 -0.729771 
0.652103 -0.328612 0.439026 
1.0387 -0.833473 1.87841 
0.499185 -0.503326 0.35731 
0.214701 0.0366797 -0.215538 
0.158643 -0.319453 -0.858418 
0.179032 -0.170853 0.123223 
1.06945 -0.776137 0.171032 
0.762057 -0.101753 0.143527 
0.295626 -0.0402751 -0.599715 
-0.437787 0.0197224 -1.48282 
0.0718715 -0.521503 0.462669 
0.232633 -0.338634 -0.81944 
0.298641 0.598115 -1.02216 
0.745439 -0.553709 0.889611 
1.13467 -0.548729 1.89994 
0.900329 -0.44202 1.12763 
0.802414 0.052965 1.40075 
0.166652 0.280297 -0.652155 
0.108457 0.378689 -0.548231 
0.023356 0.54922 -0.561783 
0.335824 0.310329 1.58398 
0.937842 -0.524121 1.36412 
0.232118 0.21731 0.456945 
0.776932 -0.173543 1.44032 
0.409243 0.0119441 0.921034 
-0.18671 0.066768 -0.197604 
-0.674255 0.405749 -0.25933 
0.385577 0.192608 0.760468 
0.746128 0.1482 0.689433 
0.454673 0.13791 1.146 
0.445498 -0.105243 0.405118 
-0.00699529 0.0187017 -0.385624 
0.213603 -0.503423 0.479178 
0.13475 -0.136909 1.03856 
-0.0738794 0.0821704 -0.627889 
0.302997 0.0454461 1.06231 
0.273814 0.15898 1.08139 
0.251643 -0.446604 0.0694069 
0.582353 0.0569033 0.342728 
0.134812 0.295428 0.335963 
-0.16939 0.00572814 2.08269 
-0.314577 0.302711 -0.206202 
0.172773 -0.387593 2.55463 
-0.0919092 -0.266257 0.629252 
0.490521 -0.72066 2.09043 
0.131415 -0.194466 0.725854 
0.134714 -0.204543 0.89352 
-0.355637 -0.141498 -0.185808 
-0.0419061 -0.145331 1.01155 
0.254212 -0.414253 1.35464 
0.0306139 -0.167761 -0.692089 
0.179976 -0.0348669 -0.0730495 
0.35823 -0.212681 0.890308 
0.232386 -0.293547 -0.0143388 
0.536499 -0.257902 0.327738 
0.208624 -0.304628 -1.40702 
0.432234 -0.388121 -0.457645 
0.0392717 0.118656 -1.18918 
0.184183 -0.5548 -0.649834 
0.464983 -0.523015 -0.552046 
0.142618 -0.144532 0.781752 
0.199025 -0.180429 1.52702 
0.252766 -0.0443741 2.97674 
-0.0851318 0.327636 0.368766 
0.205539 -0.567552 1.66152 
-0.225576 0.231158 1.43301 
0.277608 -0.503255 2.21408 
0.269659 0.0211673 1.19308 
0.236362 -0.123839 0.159239 
0.0377627 -0.0872797 2.43766 
-0.354055 0.399592 1.36393 
0.315826 -0.219307 2.60967 
-0.120388 0.178702 2.89388 
0.147589 -0.188115 3.21438 
0.095651 0.316217 0.564858 
0.156484 -0.295896 1.21608 
-0.0633596 -0.263224 1.41477 
0.144056 0.327236 0.352378 
-0.00713886 -0.100529 1.27135 
-0.182133 0.02172 0.685838 
0.640017 -0.906291 1.27068 
-0.0883228 0.494684 1.30822 
0.279264 -0.249863 1.63985 
0.0557903 0.0702788 0.226924 
0.205696 0.262374 -2.23041 
-0.106775 0.00850744 -1.57388 
-0.212957 -0.0547535 1.45073 
-0.143838 -0.0860629 0.852454 
-0.0217114 0.0655444 -0.507504 
0.166371 -0.507147 0.762219 
-0.275968 0.149824 0.52976 
0.445741 -0.198743 -0.786437 
-0.17123 0.561257 -3.12003 
0.271295 -0.0399536 -0.282439 
0.512635 0.173939 -0.53197 
0.156964 -0.241726 -0.843154 
0.325548 -0.514057 0.708465 
-0.390267 0.361112 -1.05087 
0.530093 -0.48448 -0.345887 
-0.497535 0.221992 0.435274 
-0.595183 -0.109915 -0.375618 
-0.150874 0.0109613 0.443238 
-0.0453278 -0.641695 1.55963 
0.385812 -0.534707 1.39432 
-0.676609 0.423452 -0.451597 
1.24199 -0.915635 1.80343 
0.463355 -0.901802 0.877461 
-0.253616 0.392875 -1.26765 
-0.186775 0.456013 0.146148 
0.468818 -0.402019 1.75463 
-0.0449442 0.0404898 0.414425 
0.00269899 0.257409 1.02538 
0.883737 -0.534849 1.94887 
0.570894 -0.266353 1.46329 
0.601729 -0.4932 1.7847 
0.273474 -0.41727 1.89582 
0.0488051 0.0498968 -0.684843 
0.0239717 -0.131961 0.726426 
0.0546819 -0.356333 0.0955537 
-0.79099 0.589018 -1.22427 
-0.336515 0.49956 0.19123 
-0.599929 0.454942 -0.986334 
0.0218691 0.717361 0.117497 
-0.321154 0.220758 0.662746 
-0.168769 -0.0174546 0.169973 
-0.653339 0.104966 1.04376 
-0.724584 -0.0689675 -0.748588 
-0.23897 -0.477667 0.292423 
0.128907 -0.403839 0.607106 
-0.946273 -0.0926205 0.159863 
0.398805 -0.43894 0.337359 
0.359963 -0.556672 0.182089 
-1.42822 0.128498 -1.55296 
-0.167474 0.364106 0.166501 
0.11977 -0.269059 0.109 
-0.253446 -0.020225 0.0376677 
0.425074 -0.372934 0.791277 
0.374692 -0.174943 0.426896 
0.364987 0.135384 1.66245 
0.51841 -0.120757 0.019532 
0.562363 -0.444172 -1.39224 
0.168782 -0.249837 0.435442 
0.28009 -0.127719 -0.375226 
-0.252814 -0.694336 0.0669005 
-0.0169353 -0.533181 1.64602 
0.255482 -0.413189 1.26997 
0.158032 -0.725126 -0.0346694 
-0.0394428 -0.0969715 -0.39719 
-0.0261521 -0.637793 0.765867 
0.104928 -0.475491 -0.244977 
0.132302 -0.324012 0.160591 
-0.0349219 -0.24362 0.210891 
0.502132 -0.070559 -1.13295 
0.207718 -0.12679 -1.10251 
0.268619 -0.177688 0.0585211 
0.125352 0.35907 -0.280426 
0.239213 -0.373522 -0.381541 
0.200198 -0.0778094 -0.570419 
0.211722 -0.57082 1.69785 
0.448293 -0.138457 -0.693616 
-0.0372098 0.11328 -1.3777 
0.447577 0.0700143 -0.240269 
-0.0126235 0.0959971 0.0610583 
-0.370728 0.735088 -1.85814 
0.0435163 0.330403 -1.38547 
0.324289 0.459773 -0.680456 
0.000758914 0.760349 -0.720461 
0.206382 0.129738 -1.47062 
-0.0190299 -0.467847 0.907406 
0.0111509 0.196504 0.570259 
0.201715 -0.159539 0.51432 
0.0264601 -0.107983 0.357525 
0.016344 0.130756 0.894783 
-0.195308 -0.387432 0.50645 
-0.143688 -0.747464 1.79937 
-0.13512 -0.384257 -0.000156988 
-0.0168024 0.0837311 1.0066 
0.0443195 -0.269737 0.611266 
0.0856222 -0.0643557 -0.00803473 
-0.0463767 -0.686716 0.0330074 
-0.136216 0.5792 -0.706584 
0.20068 0.0749445 0.0033666 
0.220092 0.356421 -0.465348 
0.00760127 0.022111 -0.70766 
0.190295 -0.232976 0.110189 
0.296667 -0.0490535 -0.982184 
0.333199 -0.687255 0.0453623 
0.516224 0.174784 -1.11502 
-0.136609 -0.358896 -1.41927 
-0.154112 0.136515 -1.45014 
0.00931322 -0.378643 1.49431 
0.658352 0.258417 -0.181565 
0.251484 -0.0622246 1.48282 
0.409911 -0.380528 0.596244 
-0.0670472 0.105332 0.10404 
0.120724 -0.152471 0.130608 
0.179344 -0.462934 -1.00425 
-0.136521 0.0516936 -0.249532 
0.052256 0.362146 0.681632 
-0.641526 0.348059 -0.277437 
0.262081 0.109225 1.02733 
-0.141195 0.0829155 0.0772575 
0.171083 -0.0905973 -0.128878 
0.577166 0.27619 2.64683 
0.0439005 -0.0816468 2.75632 
0.412781 0.327679 -0.209772 
0.544482 0.0424082 0.893809 
0.345298 0.27568 0.616204 
-0.0617322 0.452014 2.02513 
-0.227838 0.576973 0.303432 
0.2024 0.279659 2.04799 
-0.283368 0.0376218 0.65788 
0.218387 0.183447 3.11969 
0.277123 0.154099 1.41542 
0.262466 0.181769 2.30643 
0.445312 0.0879786 2.0199 
0.0530134 0.155782 0.914913 
-0.61662 0.016983 -0.12094 
-0.346426 -0.0130043 -0.60332 
-0.0953738 0.0680374 1.11222 
0.0979256 -0.394876 0.739729 
0.016341 0.050712 1.82729 
0.253121 -0.12992 0.527238 
0.369203 -0.0126708 1.45838 
0.299152 -0.139429 0.505877 
0.352381 -0.124421 1.28019 
0.236907 -0.407008 0.864295 
0.650597 -0.059157 2.72874 
0.398201 0.283423 1.04929 
0.0833836 0.373073 1.72469 
0.149314 0.356327 2.53251 
0.308855 -0.016169 0.597868 
0.256169 -0.104211 1.23824 
0.400785 0.270687 2.11289 
0.106468 -0.0600564 0.612696 
0.307967 0.226922 1.22772 
0.86077 -0.0121801 2.71897 
0.638021 0.0246887 2.96679 
0.158027 -0.0478308 1.02824 
0.108155 -0.36282 1.49481 
0.0778423 -0.21391 2.32949 
0.595011 -0.0928945 1.69989 
0.862703 0.410243 1.98865 
0.244484 -0.295064 0.449564 
0.284527 -0.757984 0.742642 
-0.25977 -0.0261883 0.250322 
0.162131 -0.00645898 1.64505 
0.204528 -0.38835 1.70836 
0.458014 0.0777641 2.20547 
0.310258 -0.212804 1.2395 
-0.0234956 -0.0415196 1.34645 
0.333871 0.392653 0.418116 
0.356024 0.429876 2.04691 
0.130224 0.0482542 0.806895 
0.413751 0.285673 2.49031 
0.376247 -0.157268 1.91165 
-0.187616 0.0767145 1.45879 
0.0359991 0.408623 1.52218 
-0.131675 0.0145148 1.63845 
0.440148 0.52421 2.94051 
0.400169 -0.236285 0.829858 
0.457329 0.233517 2.32457 
0.171073 -0.259884 1.78719 
0.308164 0.0763721 1.98062 
0.463211 0.514161 1.13972 
0.442447 -0.0122043 1.10213 
0.187334 -0.239319 1.55291 
-0.344003 0.207538 -0.214595 
0.185081 0.0573474 0.855168 
0.222007 0.0580598 1.93778 
0.24325 0.113553 0.845597 
0.419579 -0.185765 1.4257 
0.371845 -0.374546 0.711817 
0.446946 0.246733 1.79305 
-0.0202482 -0.0930398 0.644339 
0.346017 -0.374719 0.554248 
0.168218 0.244253 2.67854 
0.378858 -0.0757235 2.39114 
0.0298653 -0.359558 1.3914 
0.206079 -0.148751 0.908154 
0.375037 0.319787 0.32268 
-0.110746 0.450263 -0.318083 
0.301169 -0.0407598 0.702733 
0.403894 0.0184192 1.44512 
0.092885 -0.00538045 1.29544 
0.140928 -0.121852 0.307921 
0.636449 0.0313383 -1.3041 
0.206622 -0.437204 0.436537 
0.706902 0.0790994 0.491301 
0.113289 -0.467001 0.401015 
0.379589 -0.117705 0.642566 
0.0220543 0.171069 -0.371117 
0.00501165 0.293279 0.290619 
0.346469 -0.23727 0.351441 
0.454496 0.331959 -0.874156 
-0.00148237 0.120739 0.812726 
0.545755 -0.155205 0.12816 
-0.270675 -0.159868 1.16603 
0.317554 -0.359454 -0.355577 
0.573062 0.109411 -0.791312 
-0.0793917 -0.120644 0.299038 
0.208226 -0.00700467 -0.0507959 
-0.222757 0.212056 -0.310113 
0.355082 0.443153 -0.354329 
-0.422482 -0.0472866 0.860309 
0.108637 0.269543 -0.595452 
-0.497008 0.48848 0.665424 
-0.0402702 0.00407598 -0.360632 
0.0519831 0.0875414 0.883325 
0.188354 0.257135 -0.340862 
0.192541 0.414843 0.0473263 
0.301036 0.510927 -2.54062 
-0.0914595 0.0577947 -1.47611 
0.168272 0.58265 -0.549636 
-0.216614 0.230575 1.43029 
0.683929 0.305673 0.0457886 
0.565517 0.0322629 1.77012 
0.135066 -0.0321837 1.32801 
0.480071 0.38704 -1.26603 
0.0307396 0.0811528 1.50198 
0.331048 0.215985 0.88423 
0.0255626 -0.250145 0.604694 
0.223378 0.178674 0.117225 
0.496058 0.209868 -1.01269 
0.169044 0.365163 -0.677836 
0.186212 -0.261948 1.00626 
-0.0276322 -0.142955 1.67975 
-0.206151 -0.310669 1.10431 
0.489923 -0.0482232 -0.740482 
0.0105961 -0.114944 0.33423 
0.749383 0.213335 0.457788 
0.54533 0.0117875 -0.348548 
0.348463 -0.0724156 0.976791 
0.32066 -0.0823905 0.223272 
0.265152 -0.24057 0.0536448 
0.425029 0.117134 -0.240966 
0.464686 0.138866 0.740762 
0.161247 -0.240034 0.355377 
0.565935 0.244092 0.390274 
0.155204 -0.22251 -0.633619 
0.298735 0.0783804 -0.412673 
0.915327 -0.0492938 0.56876 
0.0665009 -0.136093 -1.07209 
0.684117 0.117324 0.186099 
0.479032 -0.10637 -0.0744164 
0.246542 -0.0635186 -0.203491 
0.722401 -0.325077 -0.60606 
0.469893 -0.104581 0.996397 
0.166558 0.0737202 0.747814 
0.321975 0.326783 0.0944672 
-0.147312 -0.20341 0.0685841 
-0.576076 -0.0670573 1.14727 
-0.737029 0.283972 1.12561 
0.251065 0.289576 0.286828 
0.0632788 -0.0941 1.54736 
0.331347 -0.14705 1.14788 
0.357588 0.296302 1.62606 
0.310641 0.11782 0.281249 
0.301205 0.0361296 0.212674 
-0.136612 -0.22167 0.206704 
-0.213908 -0.00578991 1.21602 
-0.0160823 0.258892 0.172055 
-0.0913388 0.228086 0.721177 
0.220401 -0.3143 1.26832 
-0.214521 -0.0157987 0.42709 
0.171303 0.0969739 0.801564 
0.0106037 -0.140118 1.9909 
-0.154004 0.0414138 -0.0161962 
0.23368 0.0759638 0.229053 
0.340611 0.046358 0.878659 
0.0316038 0.673191 0.543856 
0.566068 0.19413 0.296065 
0.418796 0.271671 0.767376 
-0.0932944 0.897855 -1.23978 
0.7285 0.293025 1.43498 
0.222008 -0.178714 1.74493 
0.141664 0.0722895 1.38094 
0.687185 0.0903972 1.74578 
0.248764 -0.0427312 0.568088 
0.130807 0.193415 -0.218251 
-0.264401 -0.0681929 0.864465 
0.0381964 0.229288 0.0400997 
0.293902 0.164244 0.755025 
0.532383 -0.0143255 0.278141 
0.518752 0.782713 -2.33926 
0.540179 0.00737075 -0.149342 
0.230456 -0.208044 0.845715 
0.36244 -0.387513 -0.52452 
0.494236 0.151587 -0.0596737 
0.201294 0.135505 -0.241259 
0.370908 -0.040034 0.238775 
0.468516 0.0208479 -0.412078 
0.985202 0.249972 0.274287 
0.490257 0.175777 -0.552713 
1.09091 -0.650628 2.18295 
0.36596 -0.404255 2.73492 
0.156693 -0.6532 1.25876 
-0.178738 -0.0466767 1.0721 
-0.156205 0.36296 0.918234 
-0.202113 0.48021 0.817972 
0.148549 -0.162479 0.403204 
0.628343 -9.81517e-05 0.723534 
0.136436 -0.146694 0.886675 
0.137275 -0.137454 0.382855 
-0.325125 0.484631 -0.402111 
0.0885666 0.16367 1.02948 
-0.240723 0.0106956 0.717157 
0.184731 -0.162688 0.577516 
-0.261721 0.109021 -0.569439 
0.109975 0.589659 -1.96342 
-0.521193 -0.0831285 0.488648 
0.499644 0.46433 -0.0844771 
0.0357386 -0.0317432 0.2862 
0.204465 0.0531255 -0.140343 
-0.656579 -0.348995 0.0795472 
-0.617532 -0.21597 -0.119945 
0.0704623 0.261874 0.823988 
0.0114933 0.0191086 0.912954 
-0.159219 -0.0457027 0.3283 
-0.462276 0.0908467 -0.330974 
-0.0490006 -0.111239 -0.424874 
0.469342 0.107683 -0.050723 
0.0750184 0.241775 0.88322 
-0.147168 0.0893886 0.137142 
0.186297 0.257546 0.678153 
0.0206763 -0.281007 -0.448513 
0.433356 0.300946 0.63081 
0.484719 0.215888 1.07171 
0.221048 -0.58632 0.0185953 
0.172803 0.410624 0.849915 
-0.119993 0.557634 0.157101 
0.529377 -0.156229 -0.107967 
0.366398 -0.0409305 1.40152 
0.770299 0.0342401 0.722803 
0.827312 0.376666 -0.175901 
1.07147 -0.231547 1.05055 
0.0613854 -0.120397 0.398178 
0.750854 -0.1175 0.117904 
0.535325 -0.11083 0.694571 
0.297108 0.108504 0.360987 
0.106213 0.366869 0.505637 
0.442912 -0.428874 0.892432 
0.191074 -0.386858 1.3887 
0.685647 -0.475077 1.56773 
0.409617 0.284803 0.190693 
-0.374266 -0.255466 -0.168224 
0.303624 0.138388 0.851808 
0.00238281 -0.170625 -0.385459 
0.527397 -0.108349 1.44213 
0.264957 0.469222 0.307505 
0.136897 0.255086 -0.56473 
0.0156278 -0.382845 -0.585242 
0.0519298 -0.482438 0.594626 
0.484845 -0.00934536 1.07263 
0.149024 -0.0894323 0.155894 
0.133015 -0.401899 0.936553 
-0.108756 -0.252883 1.22208 
-0.405315 -0.0673955 -0.577112 
0.139404 0.31664 0.387749 
-0.11627 -0.170713 1.29168 
0.296782 -0.387512 0.211273 
0.500428 -0.199269 -0.150306 
0.249604 -0.205015 0.368639 
-0.357272 -0.237344 0.204724 
-0.00816629 0.0276071 -0.272651 
0.474985 0.101144 0.197881 
0.540673 0.510697 0.704911 
0.178515 -0.159703 0.395971 
0.0333507 -0.238016 0.993615 
0.403071 -0.253511 0.987425 
-0.503255 -0.139052 1.81181 
0.284226 0.287708 0.613176 
-0.00134792 -0.384526 1.65326 
0.489193 0.231543 2.35574 
-0.00466052 -0.10222 0.288657 
0.119321 0.141013 1.2818 
-0.107267 0.0157541 0.276361 
0.210054 0.00919663 0.880584 
0.489262 -0.110872 1.67855 
0.109379 -0.346662 1.40853 
-0.0453241 -0.0842515 1.1801 
0.722808 -0.602136 1.86663 
0.402873 -0.174231 0.324725 
0.190435 -0.14025 0.747976 
0.932157 0.0295619 0.285715 
0.7022 -0.151333 0.472421 
0.541303 0.0775976 0.0174791 
0.562625 -0.167328 1.06675 
0.212929 -0.113026 1.25837 
0.431928 -0.419552 0.314888 
1.19798 -0.0281133 -0.404473 
0.439039 0.0169359 0.679446 
0.341669 0.174926 0.127971 
0.0420837 0.155186 0.433293 
0.292978 0.423076 0.659727 
0.521477 -0.37759 0.349262 
0.00456303 0.120338 -0.0903787 
0.578825 -0.109748 0.934962 
0.269594 -0.387265 1.13315 
-0.190025 0.48774 0.497389 
0.415029 -0.135821 0.815082 
0.147985 -0.347451 0.939105 
-0.141086 0.063647 -0.347168 
0.795012 -0.166721 0.197814 
-0.53922 -0.45292 -0.920138 
0.450421 0.105595 0.648584 
0.668119 0.0514013 0.653606 
0.625271 -0.389228 0.379233 
0.52802 -0.178749 -0.219529 
0.119445 -0.445199 -0.00755237 
0.245882 -0.106897 -1.17942 
-0.25685 0.123272 -0.578726 
0.547529 -0.755685 1.05463 
-0.105205 0.0100028 -0.758279 
0.647471 -0.372162 0.503179 
0.233675 -0.229654 0.564766 
0.894641 -0.00161678 0.448265 
0.321151 0.543977 -0.83435 
0.618649 -0.437467 -0.373129 
-0.155904 -0.226592 -0.630798 
0.372071 -0.297917 0.749375 
-0.0736433 0.0146663 0.113346 
0.348495 -0.040045 -0.400981 
0.938302 -0.0390895 -0.127339 
0.411629 -0.417284 -0.325444 
0.241514 0.174857 0.22194 
0.430952 -0.295068 0.148353 
0.0808702 -0.121279 0.0295252 
0.473338 -0.362379 -1.08443 
0.0951143 -0.227093 -0.874784 
0.22881 -0.572894 -1.11041 
0.512717 0.0240359 0.313806 
0.604725 -0.119402 0.688134 
0.471905 0.108254 0.602581 
0.852179 -0.480551 1.31506 
-0.129389 0.132245 -0.643453 
0.000846665 -0.266652 0.754262 
-0.301782 -0.171802 -0.131992 
0.563825 0.0970678 -0.559243 
-0.424366 0.188428 -1.04996 
0.723819 -0.527728 0.382027 
0.257946 0.213462 0.722745 
-0.0578919 0.6777 -0.748574 
0.10838 -0.106637 0.0246521 
0.278607 -0.0218147 -0.698491 
0.0230571 0.150596 -0.328455 
0.00180468 -0.103926 0.188236 
0.625688 0.202994 0.833641 
0.785903 0.299189 0.553968 
-0.175316 0.263522 0.481951 
0.844702 -0.216027 1.21974 
-0.337909 0.339771 -0.232194 
0.0830539 0.192029 1.03248 
0.545424 -0.137009 0.974757 
0.0823059 -0.206971 0.796179 
-0.271116 0.334631 -1.28518 
0.54322 0.241902 0.306326 
0.194249 -0.428013 1.18315 
0.161264 0.256261 0.175509 
0.31888 0.049191 1.1268 
-0.0832285 0.465126 -0.86645 
-0.0688234 -0.0772976 0.680778 
0.470464 -0.304623 1.50804 
0.384952 -0.320917 0.691496 
0.0662304 0.0345919 0.446456 
0.49392 -0.116822 0.412459 
0.213302 0.135996 0.479175 
0.95508 0.17417 1.56201 
0.202317 -0.246826 1.30655 
0.339463 -0.481419 1.36448 
0.309582 -0.103013 1.97331 
0.33391 -0.405046 0.551934 
-0.39232 0.0711587 1.1804 
0.0585569 -0.435281 1.20148 
-0.260128 0.251828 0.888682 
0.00642789 0.107248 0.815401 
0.0156379 -0.149322 0.741845 
0.290311 -0.32291 1.48419 
-0.216709 0.271573 -0.0533145 
0.00363768 0.370321 -0.531193 
-0.222292 0.0884752 0.138215 
0.0482888 0.136472 -0.494602 
0.318607 -0.322127 0.884755 
0.287964 -0.266836 0.463242 
0.199684 -0.345476 0.157067 
0.191806 -0.314406 0.21734 
0.369201 -0.27513 1.58534 
0.0322604 -0.301084 0.536804 
0.149594 0.136526 -0.467829 
0.256595 -0.290528 0.962512 
0.0778905 0.108765 -0.00189752 
0.194971 -0.142808 0.25015 
-0.000847661 0.111089 -0.136665 
0.030303 -0.125427 2.07602 
0.237294 0.0418396 0.0885088 
0.303277 -0.263372 0.662397 
0.755782 -0.0385673 0.736177 
0.370291 -0.333275 1.4534 
0.559041 -0.0622416 1.44248 
0.225442 0.433329 -0.498415 
-0.23076 0.0287331 0.873598 
0.030469 -0.0480457 0.222905 
0.237524 0.109951 0.42798 
-0.00690931 0.263867 -0.968286 
0.290584 0.543679 0.322572 
0.698239 0.503168 1.23405 
0.454999 -0.00219429 0.882157 
-0.141026 -0.0555993 0.0845841 
0.161907 0.0614287 0.735368 
0.255585 -0.110554 0.363782 
-0.186478 0.0654666 0.748248 
0.245865 -0.160225 0.580711 
0.246431 -0.00426822 0.622828 
0.636594 -0.509419 2.97264 
0.292627 -0.0939977 0.135021 
0.482828 -0.2525 0.9132 
0.0806754 0.638983 0.323239 
0.0641769 0.184972 -0.00238002 
0.110072 -0.215093 0.16099 
0.594419 -0.293313 0.519848 
0.397546 0.140034 -0.279521 
0.5064 -0.159186 0.74734 
0.625329 -0.111011 1.12735 
0.436601 -0.310721 0.834149 
0.596835 -0.0989267 1.41334 
0.652095 -0.273565 -0.0198522 
0.0137446 -0.228495 -0.126564 
0.186399 0.0346605 0.0977055 
0.31837 0.0247539 1.11749 
0.596678 -0.650775 0.936252 
0.503442 -0.743899 2.39753 
0.295636 -0.0856267 1.62394 
0.426036 -0.242816 0.925519 
0.529829 -0.154183 0.0919793 
0.232478 0.00995713 1.51402 
0.420716 -0.208334 0.240271 
0.384427 -0.254557 0.741254 
0.265229 -0.0825129 0.310712 
0.301511 -0.364739 1.1325 
-0.292534 -0.344399 -0.48271 
0.0423778 -0.0374787 -0.303407 
0.229336 0.117955 -0.313336 
0.40945 0.40747 0.666622 
0.653095 0.307381 0.389153 
0.555547 -0.268985 0.94027 
0.386299 0.331915 0.11966 
0.50734 0.0425245 1.29625 
0.820487 -0.105062 0.40106 
0.959956 -0.487971 0.0521499 
0.484714 -0.367389 0.872511 
0.700748 0.127404 0.236734 
0.467918 -0.139236 1.11016 
0.750907 0.19889 1.11617 
0.533905 0.115775 1.47185 
0.219561 -0.108876 0.0385963 
0.333426 0.00618122 0.627555 
0.46704 0.431228 0.48184 
0.289576 0.231766 1.17778 
0.623264 0.0102175 -0.368232 
0.742832 -0.216294 0.188817 
0.965152 -0.568647 2.31064 
0.567091 -0.235051 0.882962 
0.55586 0.115448 0.711989 
-0.0248099 -0.315097 0.843359 
-0.0325485 0.32063 0.842001 
0.576959 -0.369442 0.310862 
0.295937 -0.0623336 1.07851 
0.556288 -0.087589 -0.854007 
0.546019 0.0533321 1.51482 
0.605739 0.250328 1.0447 
0.877848 0.204935 1.606 
0.429824 0.207094 0.627125 
-0.0260514 0.178299 -0.409336 
0.370697 0.362159 -0.604592 
0.0790988 -0.0604158 0.329069 
0.428871 -0.329827 0.930065 
0.158707 -0.386786 2.41581 
0.364115 -0.410863 2.87712 
0.866535 -0.503185 1.65354 
0.367126 -0.0320318 2.25725 
0.519061 0.0984178 0.16399 
0.661705 0.378111 1.65238 
0.60679 -0.184004 1.1049 
0.806877 -0.260325 1.31363 
-0.0980853 -0.228683 -0.622774 
-0.184013 -0.0317123 0.115456 
0.26464 -0.329485 1.18932 
0.271851 0.0532895 -0.0563424 
0.204137 0.015459 0.16003 
0.709075 0.10877 0.611752 
0.418529 -0.176234 -0.270323 
0.356697 -0.486687 1.50231 
0.197588 -0.316854 1.29148 
0.624496 -0.079125 1.40353 
0.227088 0.205357 -0.346476 
0.263052 0.495167 0.607445 
0.287236 -0.0910821 0.700797 
0.446882 0.482214 -0.0677903 
0.283308 -0.0227639 0.226492 
0.0817959 0.0140019 -0.445493 
0.415023 0.225804 -0.480736 
-0.0981963 0.0399782 0.109379 
0.321405 -0.106581 1.01792 
0.32456 -0.426212 -0.745906 
0.727572 -0.496942 1.30158 
-0.433777 -0.197042 -0.25129 
0.308778 0.542613 -1.8568 
0.246699 0.0189867 0.666698 
-0.00769468 -0.55032 -0.0119571 
0.340894 0.298162 -0.854457 
0.686993 0.612528 -0.2948 
0.242291 -0.278355 0.482104 
0.454573 -0.0607836 -0.191337 
0.151037 -0.174694 0.529357 
-0.246478 -0.25391 0.695997 
0.000966206 0.0529397 -0.251194 
0.320594 -0.743175 0.759999 
0.198119 -0.669698 0.80247 
0.229966 -0.365163 2.00332 
0.248075 -0.0894247 1.71301 
-0.0201324 -0.0565555 0.0966796 
0.164946 -0.355123 1.59527 
0.145445 -0.534501 0.621646 
-0.317488 -0.383657 0.238143 
0.25434 -0.0585435 1.85573 
0.295529 -0.340834 0.505011 
0.515546 -0.277905 2.43085 
0.319494 0.0559666 1.20676 
0.357737 -0.0099792 -1.00304 
-0.326534 -0.558163 -1.31668 
-0.186136 -0.116752 -1.34652 
-0.29579 0.0654648 0.650586 
0.421184 -0.490364 0.826238 
0.170506 -0.275212 0.566026 
-0.158125 -0.660733 0.185705 
-0.325268 -0.373815 -0.515595 
0.376405 0.0935681 -0.502322 
-0.206792 0.160172 1.60548 
0.115076 0.0487547 -0.29064 
-0.0166122 -0.0444166 -0.26451 
-1.55631 -0.0491505 0.588082 
0.0488591 0.415356 0.478358 
0.263723 0.317845 -1.45841 
0.235776 0.198244 -0.215242 
0.841028 0.271144 -0.724656 
0.602278 0.073242 -1.58838 
1.23389 -0.137265 -2.80269 
1.34256 -0.188469 -2.61407 
0.540961 0.0904626 -1.73959 
0.411866 -0.100018 -0.828443 
0.260836 -0.190502 -1.21341 
0.521514 -0.148581 -0.876022 
0.0735203 0.351442 -0.795101 
0.640741 0.557295 -0.575389 
0.533247 -0.223484 -1.24791 
-0.183569 0.189159 -0.902194 
0.184765 -0.479191 -0.856535 
0.004825 -0.186982 -0.624401 
0.135126 -0.480153 -0.111072 
-0.154678 0.00341876 -0.229147 
0.990573 0.0753613 -1.50242 
0.12433 0.0776634 -0.0987446 
0.109358 -0.535397 -0.197232 
0.533915 -0.302786 -1.57081 
-0.0501142 -0.654241 -0.688496 
0.381492 -0.14976 -1.20625 
1.15766 -0.410944 -2.8064 
0.454147 0.136568 -1.20986 
0.661029 -0.22794 0.184727 
0.183369 -0.0590154 -2.13128 
0.661195 -0.347289 -1.38841 
-0.364014 -0.133373 0.216036 
-0.470977 0.416665 0.717961 
-0.874515 -0.278949 0.677734 
-0.319953 0.203659 -0.213135 
-0.533712 -0.059807 0.827072 
-0.060299 -0.254528 -0.144004 
-0.211996 -0.312423 -0.786289 
-0.381594 -0.183141 0.456227 
0.290309 -0.302038 0.712768 
0.397987 -0.359856 -0.451693 
0.689663 -0.238532 -1.16983 
0.734482 -0.655715 0.116333 
0.36164 -0.855018 -0.219149 
0.518092 -0.576732 -1.10146 
0.0471309 -0.243396 -0.896836 
-0.235392 -0.0835794 -1.35266 
-0.219081 -0.128578 -1.03121 
-0.21569 -0.317763 -2.09868 
0.116629 0.331207 0.161417 
-0.774782 0.122568 2.47041 
-0.165732 0.341203 0.910006 
-0.3548 0.205075 -1.12436 
-0.175445 0.238531 0.0388568 
0.0978217 0.0164621 0.877486 
0.224177 -0.247845 0.294898 
0.658387 -0.222298 -0.51323 
0.79752 0.290773 -0.910364 
0.356249 0.752468 0.0345525 
0.763195 0.208992 -0.310794 
0.161916 0.0367633 1.3476 
0.245231 -0.127945 -0.227883 
-0.244891 0.236512 0.532673 
-0.484198 -0.0960904 1.49144 
-0.374715 0.318111 -0.688443 
-0.193139 -0.0216591 0.179394 
-0.167989 0.375609 1.44387 
-0.7471 -0.283719 0.35003 
0.431373 -0.117434 -0.568621 
0.263043 -0.188372 0.300951 
0.588444 0.0581585 -0.575972 
0.833384 -0.455956 0.556901 
-0.620356 -0.446627 -0.412346 
-0.020353 -0.275278 -0.583976 
-0.173802 0.160772 -0.934066 
-0.269454 -0.217477 -0.004148 
0.628778 -0.275873 0.0711913 
-0.326675 -0.27083 1.34499 
-0.348731 0.434707 0.1415 
0.782229 -0.179526 -0.679263 
1.19821 -0.152263 -1.56287 
-0.463783 -0.0603749 -0.113732 
0.0149329 -0.210618 0.828666 
1.28635 -0.321963 -1.27614 
-0.479574 -0.460045 -0.0200116 
0.365227 0.457717 -1.55074 
-0.204179 0.221775 -0.769903 
-0.197747 -0.877605 0.136738 
-0.106438 -0.934331 0.382351 
0.169515 -0.0201969 0.0786647 
-0.654495 -0.291202 0.84392 
0.0301717 0.126348 -1.50827 
0.959967 -0.343869 -1.12939 
-0.271125 0.0329515 -0.242695 
-0.437395 -0.223763 1.37476 
0.0806821 -0.938726 1.30809 
-0.481656 0.0224939 0.545739 
0.3918 0.106908 -1.32316 
0.446459 0.0406451 -1.53316 
-0.000626096 -0.154037 0.0035417 
-0.0167924 -0.277048 -0.704803 
0.378546 -0.0390603 -0.821726 
-0.749732 0.346211 0.243137 
0.0632073 -0.0476176 -1.14167 
0.447553 0.356403 -0.114611 
0.335039 -0.0220577 -1.40095 
0.336305 -0.059758 -0.736526 
-0.457827 -0.527536 -0.0294589 
-0.391281 -0.507235 0.15346 
0.850463 0.0703136 -0.277355 
0.263667 -0.176979 -0.915906 
-0.543256 -0.129669 -0.752525 
-0.639735 0.0256965 1.46057 
0.134296 -0.471253 -0.290636 
0.00964649 -0.241012 -0.272063 
-0.0791421 -0.391476 -0.18395 
-0.108927 -0.0745715 -1.77132 
0.462343 -0.0475844 -1.20546 
0.10004 -0.0487761 -0.454461 
-0.0389715 -0.31789 -0.487824 
0.249765 -0.54393 -0.365292 
-0.294891 -0.527478 -1.88126 
0.316049 -0.815399 -2.70931 
-0.865378 -0.349165 -0.600166 
0.652609 -0.358688 -0.5935 
-0.521606 -0.271922 0.705293 
-0.0351313 -0.0125281 -0.446433 
-1.2438 -0.0415789 1.575 
-0.473823 -0.195693 -0.0844317 
0.438202 0.126047 -0.378742 
0.353412 -0.410129 -0.728356 
0.614755 -0.77526 -0.81246 
0.51831 -0.558899 0.150897 
-0.260726 -0.436604 -0.576524 
-0.677411 -0.133086 -1.09393 
-0.120827 -0.208481 -1.00247 
-0.23736 -0.453033 0.790973 
-0.11342 -0.675126 -0.670827 
0.210378 -0.669306 -0.568954 
-0.740084 -0.392266 0.0505641 
-0.128125 -0.341495 0.0849828 
-0.64181 -0.370182 -0.315913 
-1.35957 -0.066523 -1.0857 
0.0858738 -0.212861 -0.995069 
1.10145 -0.787247 0.107711 
0.208843 -0.127008 0.242564 
-0.422287 -0.0509561 0.0400109 
-0.276744 -0.193129 -1.35102 
0.145008 -0.328666 -0.476166 
0.613725 -0.0510033 -1.52073 
0.486506 -0.481372 -0.345681 
0.33575 -0.277568 -0.200377 
0.450147 -0.347263 -1.99226 
-0.310352 -0.486952 -0.696227 
0.657458 -0.0532069 -0.378923 
0.401171 -0.205642 -1.24682 
0.432949 -0.25608 -1.34356 
0.254548 -0.424839 -0.707334 
0.402631 -0.448542 -2.0003 
0.252454 -0.398862 -1.3009 
-0.084007 -0.1656 -0.642243 
-0.103976 -0.173921 -1.79222 
-0.0586857 0.079956 -0.591105 
-0.244174 -0.0762067 0.0598847 
-0.307688 -0.205143 -1.60478 
0.220989 -0.175974 -0.981453 
0.501053 -0.49946 -1.12109 
-0.0453898 -0.422648 -1.30047 
0.230087 -0.897661 -1.29404 
-0.0556888 -0.741636 -1.43196 
0.171122 -0.333139 -0.752733 
-0.0520751 -0.0912776 -0.581296 
0.00359815 -0.304479 -1.68625 
-0.0860846 -0.656762 0.00948024 
-0.0305452 -0.0460379 -1.59603 
-0.256787 -0.288108 -2.04389 
0.422032 -0.139638 -0.816506 
0.711697 -0.30996 -0.0527798 
0.228442 -0.646138 0.0691847 
0.1387 -0.447788 -1.69616 
-0.0816143 0.0657261 -1.3098 
0.794414 -0.616779 2.59509 
0.79147 -0.629939 3.18822 
0.329809 -0.276296 1.59655 
0.415554 -0.0169308 1.76012 
0.353702 -0.665344 1.34861 
0.202195 -0.459137 0.913751 
0.766348 -0.0290612 2.79778 
0.535741 0.255217 2.37538 
0.391261 -0.431966 1.88628 
0.26756 -0.265796 1.43109 
0.490349 -0.33339 1.39952 
0.642557 -0.0966674 1.90533 
0.532913 0.243186 1.19708 
0.316844 0.0789949 1.28033 
0.265587 -0.284831 -0.412897 
0.593473 0.08216 1.53807 
0.846916 0.150701 0.785174 
0.721174 -0.125801 0.600822 
0.430225 -0.438599 1.06016 
0.437411 0.183276 1.74751 
0.243622 0.0245481 0.8487 
0.716093 -0.0920827 2.33895 
0.391091 0.366416 1.47482 
0.66918 -0.251506 2.30152 
0.88087 -0.286391 1.42243 
0.522411 0.0614776 0.706998 
0.131899 -0.120303 1.61359 
0.299073 0.273593 3.33986 
0.159717 0.0552688 1.85841 
0.182125 -0.0523236 0.949245 
0.818339 -0.632706 1.07004 
0.484511 -0.361375 1.53743 
0.260463 0.309387 2.02281 
0.254861 -0.201136 2.48825 
-0.25331 -0.0285561 0.598206 
0.666228 -0.567542 2.04517 
0.224736 0.110846 1.65233 
0.152658 -0.379684 -0.547449 
-0.0469595 -0.361491 -0.528871 
0.167243 -0.53066 0.96891 
0.696018 -0.824441 1.83978 
0.201895 -0.943425 1.63621 
-0.0951131 -0.475081 0.291596 
0.354114 -0.707982 2.12521 
-0.0064467 -0.333771 0.464098 
0.381798 0.1745 1.0913 
0.176816 -0.790205 0.440187 
0.478496 -0.740262 0.716561 
-0.00116455 -0.426835 0.744715 
0.271533 -0.735959 0.914086 
0.163828 -0.585432 1.32385 
-0.0335757 -0.585012 2.04638 
0.192744 -0.566169 0.415451 
-0.0351326 -0.719719 0.716473 
0.487284 -0.575919 1.67443 
0.213917 -0.188886 2.03147 
0.494161 -0.216025 1.96251 
0.194359 -0.232801 2.36959 
0.332715 -0.835501 3.20748 
-0.0696407 -0.288303 1.69202 
-0.105952 -0.631358 1.88478 
-0.204779 -0.211188 0.650544 
0.519821 -0.549032 2.38802 
0.331006 0.222389 1.3399 
0.39668 -0.361873 1.61547 
0.457654 -0.128188 2.30933 
0.503563 -0.207019 2.82443 
0.419566 -0.375685 2.53347 
0.103778 0.464004 0.662029 
0.334139 -0.5397 2.40454 
0.378784 -0.855689 3.17966 
0.42149 -0.579382 2.9328 
0.242134 0.0976004 1.13358 
0.491201 -0.10116 1.61585 
0.66583 0.453972 1.39146 
0.0212652 -0.171963 1.93945 
0.222299 0.221498 2.51631 
0.391157 -0.437382 2.43108 
0.0455287 0.288477 1.05711 
0.132393 -0.0159004 0.809799 
0.174307 -0.429659 0.478045 
0.155338 -0.151237 1.42937 
0.126598 0.010808 2.07062 
0.116468 -0.752295 1.41869 
0.154708 -0.314169 1.62955 
0.141806 -0.365498 2.24813 
-0.131777 0.42443 1.34209 
-0.114554 -0.349016 1.69191 
-0.0607848 -0.300706 1.47857 
-0.197298 -0.255102 -0.61388 
-0.0192344 -0.116317 0.377028 
0.768405 -0.139254 3.14544 
-0.1161 0.377488 1.39039 
0.463626 -0.300827 1.75732 
0.0491149 -0.761995 0.289102 
-0.143464 -0.153398 -0.282113 
-0.0976566 -0.0355064 -0.206817 
0.0780013 -0.321744 0.187184 
0.22049 0.047474 -1.02407 
0.39739 -0.0385217 -0.0435005 
0.360609 -0.231697 1.5813 
0.190347 -0.548183 1.14493 
-0.0270851 -0.0136271 0.437137 
0.0761852 -0.021657 -0.715851 
0.434974 -0.343315 2.1897 
0.581641 -0.343289 1.96119 
0.532249 -0.329046 0.763179 
0.142491 -0.456031 -0.116471 
-0.0344906 -0.205901 0.618198 
0.170903 -0.133198 1.34244 
0.534569 -0.479937 1.34611 
0.522056 -0.358889 1.2596 
-0.19063 0.0994 1.82922 
0.132929 0.265512 1.51086 
0.348492 -0.310857 1.52418 
-0.196565 -0.0294789 1.27476 
0.673522 -0.113142 2.70392 
0.257796 0.304574 2.3482 
0.275992 0.558083 2.21212 
0.38405 0.248364 1.32117 
-0.000118212 -0.0420717 1.45728 
0.152066 0.0351726 3.451 
0.14012 0.105302 2.17129 
-0.0503022 -0.266349 1.83599 
-0.142755 0.239232 1.80659 
-0.448076 -0.109288 1.82571 
-0.288516 0.236922 3.14219 
0.362567 -0.189346 0.901485 
0.641613 -0.261648 1.6619 
0.697935 -0.460015 1.51961 
0.602787 -0.516035 0.769416 
0.306075 -0.580834 -0.755047 
-0.170662 -0.239498 -1.1162 
0.464742 -0.160435 0.925315 
0.591907 -0.106741 2.42449 
0.498027 0.252914 1.02349 
0.151156 0.300756 0.285403 
-0.0278766 0.151515 0.12231 
-0.204814 0.110407 0.154273 
0.192841 0.192564 -0.274181 
-0.0416934 -0.310334 -0.345048 
0.373941 -0.466742 1.18511 
0.553961 -0.246627 0.802722 
0.113167 0.0657291 -0.804644 
0.570637 -0.306871 -0.53194 
0.87912 -0.357267 1.15553 
0.534206 -0.338618 0.415757 
0.0680432 -0.331403 -1.30765 
0.142977 0.0932508 -0.46495 
0.738089 -0.320663 0.322785 
0.414715 0.31602 -0.183959 
-0.18873 0.166672 -1.91509 
0.155325 0.0344218 -1.18575 
0.617155 -0.09618 0.502699 
1.05961 0.0521928 1.31955 
0.638679 -0.0429063 0.772837 
-0.274009 -0.585527 -0.381089 
0.501615 -0.501872 0.158138 
0.240788 -0.736968 -0.349352 
0.430401 -0.831846 -0.273351 
0.49854 -0.931394 -0.160222 
0.060734 -0.586895 -0.653932 
0.412699 -0.0368246 0.00861131 
0.602354 -0.272672 0.49306 
-0.0451849 -0.762411 2.12774 
-0.217335 -0.341048 1.93036 
0.177547 -0.242033 1.30245 
0.738983 -0.392998 1.73124 
0.0966331 -0.535308 0.947894 
0.463377 -0.451092 0.800575 
0.0935878 -0.573729 1.2987 
-0.770311 -0.906651 4.86088 
-0.872426 -1.55321 3.62632 
0.185626 -0.979593 2.77413 
-0.0658738 -1.03047 2.87818 
0.364876 -0.785834 1.18495 
0.291828 0.00769596 0.134999 
0.593827 -0.489365 -0.348588 
-0.474786 -0.257651 0.806618 
0.962357 -0.55407 0.990252 
0.253834 -0.580555 1.27877 
0.53681 -0.675275 1.1915 
0.617923 -0.68628 0.817453 
0.151721 -0.329125 1.02124 
1.0942 -0.180915 0.254699 
0.508399 -0.546388 1.62916 
1.02194 0.159405 -2.05497 
0.55556 -0.889808 1.80589 
0.0639001 -0.314027 -0.819836 
-0.11414 -0.95183 1.45641 
0.375931 -0.372241 -0.112052 
0.131488 -0.210845 -0.913213 
-0.0286269 -0.255813 0.370186 
-0.0660243 -0.149499 -0.352115 
-0.475377 -0.711437 0.361443 
0.699035 -0.352444 0.17758 
0.206459 -0.539635 0.872412 
0.244511 -0.50367 1.68275 
-0.17739 -0.798716 0.600826 
0.642721 -1.44839 0.49044 
0.203117 -0.530251 0.25605 
0.916703 0.286308 -1.01486 
0.224796 -0.11826 -0.115219 
0.405768 -0.531292 0.0437498 
1.03072 -0.0960922 8.92756e-05 
0.309703 -0.356983 -0.295953 
0.135836 -0.0818104 0.32785 
0.322588 -0.823432 0.244211 
0.177289 -0.530953 1.0546 
0.693923 -0.106393 0.17392 
0.908483 -0.26072 -1.39643 
0.818016 -0.236202 1.36679 
0.563998 -0.474936 -0.0701064 
0.381765 -0.198901 0.606712 
-0.177347 -0.799875 1.32524 
0.31005 -0.541911 0.238555 
-0.565833 -1.10156 1.04318 
-0.00996258 -0.850005 -0.15886 
-0.157952 -0.482451 -0.0110922 
0.0318725 -0.499007 0.52213 
0.187183 -0.0386835 0.336218 
0.412185 -0.155102 -0.0612267 
-0.3387 -0.289727 0.873349 
0.148922 -0.914561 -0.0498987 
0.236592 -0.145165 0.351754 
0.539022 -0.3317 0.366372 
0.0158449 -0.868148 1.93715 
-0.169529 -0.766748 1.66883 
-0.272802 -0.0070072 0.718784 
0.406561 -0.395485 -0.159657 
-0.53867 -0.735564 0.404688 
-0.359991 -0.593238 2.07334 
0.883477 -0.190142 0.435801 
0.630362 -0.512347 0.388729 
-0.398697 -0.482569 -0.585995 
0.0125434 -0.416876 0.614434 
0.0198739 -0.0899585 1.26463 
0.098035 0.337043 1.33777 
0.142481 -0.743833 -0.103876 
0.0480835 -0.590851 -0.126923 
-0.34937 0.250405 -0.243848 
0.18841 -1.22812 -0.128003 
0.0518284 -0.207679 0.921426 
0.0659043 -0.417122 0.123312 
0.186629 -0.344 -0.741668 
0.188622 -0.148533 0.119499 
0.303223 -0.824435 -0.617041 
0.164886 0.153982 0.882358 
0.237786 -0.277295 0.86676 
0.0818972 0.25858 0.565123 
0.249297 0.35004 1.13312 
0.539417 -0.0327568 -0.514566 
0.146641 0.218178 0.87599 
0.436676 -0.687251 1.46042 
0.268158 -0.567741 -0.671198 
0.238645 -0.166126 1.11364 
0.324252 -0.600311 0.0702777 
0.0468598 -0.177659 1.3608 
0.697258 -0.190606 0.240262 
-0.06945 0.0579714 1.8525 
0.328611 0.267656 2.14404 
0.344288 -0.582667 -0.45616 
0.198787 -0.887965 1.04138 
-0.0435694 -0.19346 0.0251355 
0.343247 0.0530654 0.133561 
0.315234 0.026167 0.0885074 
0.314061 0.060762 -0.840343 
0.383766 -0.214399 0.104793 
0.615174 -0.140263 1.1469 
0.50552 -0.18467 -0.640418 
0.654609 -0.286229 0.894552 
0.263601 -0.517847 -0.262966 
0.592034 0.128939 0.996915 
0.676014 0.17048 1.01589 
-0.372618 -0.253803 0.985216 
0.313752 -0.238833 -0.14314 
-0.0982518 0.697835 0.705855 
0.483034 -0.50616 1.59412 
0.241746 -0.0582138 1.12334 
0.0110932 -0.417564 0.0444755 
0.175999 0.374031 0.820083 
0.49216 0.431203 0.83649 
0.37397 0.0153 0.886472 
-0.00381904 -0.0751742 0.218127 
0.0662314 -0.0660499 1.33012 
0.0266951 -0.273234 1.20438 
0.0303854 0.334211 0.548307 
0.228493 -0.134119 -0.640243 
0.458583 0.0552775 -0.482502 
-0.0352337 -0.649853 -0.611411 
0.330659 0.314895 0.280049 
0.55499 -0.55606 0.940285 
0.527476 -0.274833 0.371073 
0.264377 0.120229 -0.0989467 
0.990227 0.186868 -0.298853 
0.497683 -0.907382 -0.768336 
0.433301 0.0849288 -0.675698 
0.593001 -0.474355 1.53624 
0.346567 -0.638393 -0.336453 
0.413657 -0.14176 -0.603388 
0.266595 0.177471 0.493859 
0.308671 0.0488308 0.969698 
0.562513 0.0518499 0.826565 
0.167629 -0.827473 1.66915 
0.348334 -0.281803 -0.228334 
0.170773 0.120041 0.598134 
0.500162 -0.494126 0.123651 
0.359129 -0.262673 0.233463 
0.249785 0.11852 -0.497559 
0.109696 -0.370955 -0.108088 
0.567602 0.0204989 0.830988 
0.0889148 -0.543697 1.10362 
0.400083 -0.0994694 2.38778 
0.170873 0.116135 2.46257 
0.0547417 0.0178466 0.982684 
-0.253782 0.47607 2.29955 
0.348873 0.254455 0.891102 
0.47959 0.0256693 0.928634 
0.536688 -0.0264857 1.62827 
0.678287 -0.289703 1.02888 
0.397478 -0.0469481 0.378619 
0.127249 0.159416 0.0975595 
0.1831 -0.356414 0.108151 
0.437538 0.0965745 1.75851 
0.630399 -0.666717 0.870428 
0.635936 -0.464689 1.82185 
0.495248 -0.223784 0.663356 
0.206444 -0.524728 0.365342 
0.238168 0.00150977 0.482555 
0.540257 0.234004 1.3411 
0.544194 0.236736 1.3966 
0.532247 -0.3936 0.94773 
0.706536 -0.457528 0.917718 
0.297836 -0.35085 0.741737 
-0.187904 0.0192683 0.113534 
-0.211653 0.6039 -0.372338 
0.239017 -0.238727 0.112445 
0.595276 -0.278027 3.29033 
0.463986 -0.373902 0.855407 
0.550693 0.528583 0.737352 
0.470381 -0.425616 0.902398 
0.0799948 0.0512922 0.360726 
0.109634 -0.018947 0.615454 
0.218226 0.108901 1.1441 
0.656535 -0.204076 1.11493 
0.663149 0.340792 2.0345 
0.411709 -0.301119 0.546089 
0.79098 -0.0195618 1.06045 
0.31937 -0.437596 1.38822 
0.47704 -0.552941 0.97421 
0.373905 -0.160252 2.38599 
0.448181 0.0565581 3.44251 
0.273084 -0.559324 1.15747 
0.702277 -0.272823 1.78005 
0.734642 -0.129052 2.55615 
0.773334 -0.284518 2.51789 
0.735364 -0.255007 1.77697 
0.600224 0.159449 0.444404 
0.67064 -0.261016 2.12699 
-0.0763389 -0.15502 1.12666 
0.290691 -0.202532 0.841517 
0.525358 -0.0101666 0.427047 
0.29199 -0.217925 1.06096 
0.33023 -0.457372 1.87494 
-0.123445 0.406754 1.18034 
0.212479 -0.319743 0.221596 
0.0530284 -0.2519 2.27099 
0.459958 -0.487113 2.1463 
0.632319 -0.488458 2.81022 
0.371784 -0.338569 1.48822 
0.608105 -0.4821 2.05986 
0.297851 -0.0433667 0.969891 
0.762182 -0.361751 0.143996 
0.514274 -0.482365 -0.267162 
0.262915 -0.0635218 1.1674 
0.621579 -0.340615 1.2285 
0.677646 0.0681465 0.76257 
0.471361 -0.0752568 2.06571 
0.384993 -0.0797161 2.37991 
0.560427 -0.363754 1.29459 
0.380916 -0.178948 1.05549 
0.619324 -0.496711 1.73479 
0.703403 -0.226893 0.752235 
0.369865 -0.453261 0.385789 
0.377419 -0.403318 0.836911 
0.767492 -0.428367 1.77036 
0.524854 -0.333453 1.0802 
0.915656 -0.219458 3.21312 
0.630982 0.421227 0.377084 
0.159491 -0.324451 0.604145 
-0.0298472 0.0103481 0.808555 
0.695828 -0.068234 1.30613 
0.471206 -0.0807251 2.39367 
0.700917 -0.221969 -0.205732 
0.836261 -0.448107 1.59557 
0.532648 0.0198714 0.693302 
0.59241 -0.170481 0.319967 
0.475582 -0.447533 1.47822 
0.219151 -0.551236 -0.399219 
0.0449302 -0.176884 0.575453 
0.678724 -0.106519 0.908949 
0.228206 0.283475 -0.781166 
0.09801 -0.0505393 -0.471635 
-0.0922478 -0.578584 0.824135 
0.882855 -0.398568 1.59745 
0.869601 -0.742586 1.39293 
-0.12618 -0.114881 -0.663568 
0.262187 -0.293511 1.17518 
0.0423612 -0.104127 0.646267 
-0.130251 -0.235146 1.05368 
-0.337869 0.0397561 0.768964 
0.61522 -0.575997 2.49238 
0.361351 -0.633796 1.08206 
0.139269 -0.805363 0.467886 
-0.0748567 -0.335549 -0.677422 
0.263184 0.394978 1.46699 
-0.561646 0.302225 -0.231032 
0.0705507 -0.248698 0.461355 
0.920115 0.223212 1.78731 
0.76884 -0.123392 0.165213 
0.0967742 -0.078053 -0.381256 
0.172405 0.177215 -0.727551 
0.164144 0.0918906 -0.180687 
0.136426 -0.692328 1.90839 
0.675758 0.125005 0.0395175 
-0.0481241 -0.498493 0.268209 
-0.0265386 0.139395 0.495415 
0.303654 -0.117587 -0.493399 
0.332016 0.0519096 0.946086 
-0.38478 0.213325 -0.64468 
0.495156 -0.61886 0.24891 
0.407363 -0.884716 0.828232 
-0.214437 0.119932 -0.239878 
0.331363 0.338542 -0.402882 
0.463362 -0.580103 0.557317 
-0.101869 0.162786 0.389214 
0.0622411 -0.20321 1.07338 
0.189345 0.193743 0.242781 
0.644325 -0.211658 1.15681 
0.531417 -0.320505 0.734201 
0.101982 0.359488 0.916368 
-0.0508414 0.374542 -0.172742 
0.434788 -0.0137936 0.0414916 
0.095691 -0.150057 -0.796977 
0.394381 -0.319181 -0.145663 
0.751731 0.32576 0.476582 
0.572476 0.630986 1.02978 
0.434572 0.134244 -0.697845 
1.17923 0.0527634 0.828432 
0.518372 -0.343298 0.580928 
-0.449386 -0.353248 -0.929907 
0.79319 0.014308 0.828873 
0.377047 -0.203935 0.267376 
0.26547 -0.0367363 0.110979 
-0.0604828 -0.603353 -0.216164 
0.263743 -0.0363802 -0.903071 
0.414773 -0.0221453 0.0428945 
-0.562141 -0.32506 -1.69608 
0.498584 -0.444658 0.480381 
0.399767 -0.313728 -0.267366 
0.992822 0.333283 1.73947 
-0.0633944 -0.440013 -0.742435 
0.711452 -0.64452 0.175124 
0.120518 -0.241858 -0.0712265 
0.126906 -0.313979 1.43668 
0.557713 -0.151374 1.27375 
0.219238 -0.015459 0.160563 
0.160674 -0.0780302 0.0794404 
0.491834 -0.0160287 0.656976 
0.501849 0.0448426 0.676951 
0.238828 -0.0119251 -0.07975 
-0.0066376 0.0806398 0.0916713 
0.405894 -0.351025 0.581542 
0.000851079 -0.315494 0.0201059 
0.427989 -0.472105 0.474154 
0.610659 -0.141978 1.30475 
-0.139769 -0.0775917 -0.480256 
0.221212 -0.61593 -0.169213 
0.895602 -0.0683764 1.05644 
1.05709 -0.447465 1.93292 
-0.187319 0.0437164 -0.599839 
-0.0641208 -0.145923 -1.37697 
0.047374 0.326599 -0.0376195 
0.618023 -0.217376 0.171959 
-0.253593 0.0871143 0.149206 
1.18898 0.0914341 2.05553 
0.563008 0.629042 0.205255 
0.376744 0.0536913 -0.247222 
0.440535 -0.0211057 -1.08255 
0.82082 -0.0218828 1.52653 
0.309304 -0.23047 -0.0093161 
0.116885 -0.0464599 0.171718 
-0.333935 -0.123722 0.898738 
0.248998 -0.247502 0.16757 
0.0717253 -0.263993 -0.214162 
0.595002 -0.345672 0.229237 
0.115981 -0.334701 0.0569618 
0.591834 -0.110569 0.749615 
0.300096 -0.166811 -0.570603 
0.187611 0.485492 0.272637 
0.0448116 -0.211505 1.4133 
-0.300171 -0.766289 -1.28524 
0.451392 -0.607282 -0.743623 
-0.149835 -0.875818 -0.0974162 
0.803825 -0.184741 1.68081 
0.28172 -0.0130109 0.524943 
-0.18234 -0.0126326 -0.151718 
-0.185927 -0.525028 -0.820014 
-0.480443 0.488349 -1.23025 
-0.586309 0.0811589 0.0998255 
-0.178136 -0.109949 -0.0620901 
0.784102 0.00524118 1.38713 
0.521074 -0.166066 0.956871 
0.761857 0.272227 0.488572 
0.560683 -0.278355 0.635791 
0.499962 -0.164947 0.25436 
0.0595487 -0.521729 -0.324299 
0.665755 0.650516 1.67358 
0.303677 -0.223774 -0.085894 
0.636693 0.0336348 -0.584913 
-0.162361 0.45351 -0.433237 
0.389312 -0.0625756 -0.180419 
0.847434 -0.377165 -0.782075 
0.618768 -0.358231 -1.67994 
-0.0699011 -0.0784849 -0.444731 
0.663158 -0.389588 0.0233758 
0.374517 -0.339797 -0.00343837 
0.481447 -0.203056 0.594667 
0.557787 0.0033635 -0.319558 
0.382198 -0.115474 -0.637784 
0.55405 -0.0398525 -0.382882 
0.495993 -0.0415407 0.235841 
0.292753 -0.284431 -0.532283 
0.25011 -0.255247 -0.22977 
0.097021 -0.376473 0.545484 
0.387479 -0.0881901 -0.932073 
0.253213 -0.046402 0.147892 
-0.0372282 -0.346393 -0.946097 
0.0537742 -0.238737 0.350121 
1.03768 -0.382957 0.777425 
0.51727 -0.185734 -0.269824 
0.987075 -0.734701 0.182712 
0.363391 -0.334774 -1.75151 
0.0522334 -0.554226 -1.28707 
0.265186 -0.316251 -0.447247 
0.0916457 -0.661865 -0.126768 
0.51783 -0.339838 -0.39917 
0.814488 -0.387775 -0.70553 
0.741343 -0.244211 0.11034 
0.455901 -0.583501 0.546159 
0.796845 -0.642706 -0.180527 
0.502271 -0.764775 -1.44379 
1.45364 -0.532684 -0.962817 
0.662002 0.0439821 -1.13615 
0.135718 -0.146229 -0.412823 
0.387157 0.151958 0.228017 
0.0748899 -0.291992 -0.727418 
0.645005 -0.180873 -0.0929791 
0.587057 -0.0899464 -1.91 
0.134091 -0.0408041 -1.81524 
0.200625 -0.136302 -1.97708 
0.80219 -0.329882 0.110929 
0.457006 -0.161012 -1.57646 
0.556921 -0.14328 -1.8153 
0.127971 0.111345 -1.55878 
0.376169 -0.123792 -0.942978 
0.669505 0.0976245 -0.638588 
0.56102 -0.0193955 -1.45118 
1.15951 0.209793 -0.992775 
0.530861 -0.144462 -1.19945 
0.812859 -0.0343747 -0.238199 
0.00341309 -0.142308 0.500689 
0.0291442 0.0704543 -0.508767 
0.11243 -0.0143666 -0.469222 
-0.23907 -0.254431 -0.779796 
1.00302 -0.474271 -0.482203 
1.16895 -0.0302353 -0.504239 
0.480949 -0.27157 -0.105739 
0.618522 0.0153449 -0.840341 
0.516583 -0.199991 -0.690789 
-0.28018 -0.243176 -0.975601 
0.814194 -0.101061 -0.895602 
0.257456 -0.0547726 -0.581349 
0.222104 0.104675 -0.471335 
0.897458 0.101418 -0.477809 
0.933177 -0.255536 0.55854 
0.237554 -0.119562 -0.617967 
0.383322 -0.182918 0.0855719 
0.594998 -0.646508 0.545036 
0.957166 -0.603212 -0.206111 
0.606588 0.107971 -0.224144 
0.401854 0.0435207 -0.0146727 
0.610922 0.188191 0.0834943 
0.919689 -0.128803 -1.50584 
0.833051 -0.538596 -0.214556 
0.565579 -0.169495 0.0595793 
0.632594 -0.340317 -0.457386 
0.518445 -0.368971 0.409789 
0.0261854 -0.176484 -0.239068 
0.405952 -0.257353 -1.16192 
0.320089 0.0780449 -0.990423 
0.62481 -0.392392 -0.556495 
0.535675 -0.222496 -1.13279 
0.479622 -0.522865 1.5639 
1.1371 -0.0233562 0.246302 
0.442882 -0.535201 -0.515703 
0.0316216 -0.401928 -0.865949 
0.678784 -0.445866 0.30281 
0.544321 -0.180495 -0.962528 
-0.106468 -0.109673 -1.32315 
0.273769 -0.287982 -0.88984 
0.540538 -0.448093 0.0407224 
0.437926 -0.644434 -0.91897 
0.501918 -0.566552 -0.45084 
0.619609 -0.47954 -0.882838 
-0.0104254 -0.503082 0.298506 
0.152738 -0.319619 -0.383946 
0.224359 -0.155601 -1.18413 
0.0298793 0.00939347 -0.57694 
0.489795 0.458112 -0.883306 
0.0702909 0.257615 -0.401288 
0.636907 -0.215435 -1.75482 
0.521426 -0.130611 -1.01044 
0.959166 -0.31708 -0.380869 
0.107798 -0.0887292 -1.42742 
0.499111 -0.177158 -1.01308 
0.803266 -0.0238376 -2.14695 
0.670583 -0.0197952 -1.59719 
0.585817 -0.166315 -0.566262 
0.0951439 -0.152615 -0.683698 
0.814302 0.303993 0.299802 
0.703939 0.166514 -1.00664 
0.338452 -0.530255 -0.562728 
0.151801 -0.0687592 0.198422 
0.504564 0.0409256 -1.12185 
1.01893 -0.010391 -0.991499 
0.210275 -0.681052 0.0260504 
0.213754 -0.52314 -0.548718 
0.468074 -0.425051 -0.639632 
0.26079 -0.168594 -0.495698 
0.087132 -0.305724 0.397288 
-0.0843459 -0.127783 -1.13684 
-0.364739 -0.533482 -0.0189237 
0.0530448 -0.0470002 -1.31881 
0.147478 0.138976 -1.88723 
1.0989 -0.301408 -0.518919 
0.130351 -0.523134 -1.605 
0.149709 -0.179635 -0.515204 
-0.203781 0.561287 -2.44626 
0.500268 -0.0292821 -0.390225 
-0.267832 -0.219475 -1.67062 
0.634543 -0.0379171 0.573972 
-0.0452407 -0.215953 -0.540239 
0.10163 -0.424143 0.102231 
0.312385 -0.500647 0.724297 
0.110193 -0.268791 1.5732 
0.354159 -0.279285 0.333939 
0.169801 0.264836 0.484697 
0.193475 -0.168672 0.498134 
0.138065 -0.0736899 0.267966 
0.128468 -0.217471 1.00026 
0.583601 -0.12805 -0.225719 
0.4324 -0.801192 -0.63598 
0.308563 -0.351692 -0.477605 
0.666958 -0.128482 -0.250461 
1.59385 -0.289149 -0.241109 
0.557903 0.490001 -0.772922 
0.0795211 -0.298605 -0.25944 
0.326267 -0.0973138 0.0707318 
0.537486 -0.337421 -1.02665 
0.147885 -0.0506689 0.871588 
0.65305 -0.190766 -0.801021 
1.04037 -0.0834533 0.367272 
0.720581 -0.02119 -0.172303 
1.54886 -0.148101 1.26602 
0.526564 -0.115923 0.507371 
0.337 0.0615399 -0.605624 
0.302948 0.188113 0.116346 
1.06727 -0.287604 0.686014 
-0.240474 -0.230979 0.196348 
0.152292 -0.658791 0.387909 
0.209172 0.0188878 -0.439582 
0.40111 -0.361262 0.705858 
0.897054 0.0485327 -1.06463 
0.796685 -0.708208 1.31198 
0.423286 -0.307952 1.22046 
0.057034 0.10073 -0.530673 
0.823337 -0.41863 0.34212 
0.307099 -0.345396 0.425404 
0.566261 -0.472356 0.286912 
-0.164045 -0.182907 -0.0081781 
0.268473 -0.345674 -0.351442 
0.54967 -0.670873 1.37296 
0.438718 -1.01819 1.41149 
0.276831 -0.206467 -0.00815466 
0.214233 -0.167056 -0.0943669 
0.45794 -0.594381 1.75783 
0.90046 -0.0223617 -0.135375 
0.0661989 -0.339442 -0.878088 
0.244301 -0.46507 0.223998 
-0.0785026 -0.337353 -0.960745 
0.705753 -0.407416 -0.116346 
0.800321 -1.07553 1.75851 
0.290672 -0.523252 -0.111399 
0.72197 -0.233893 -0.702137 
0.97191 -0.627821 0.472846 
0.578181 -0.608906 -0.0954199 
0.823074 0.0480614 -0.222375 
-0.203315 0.0872563 0.717054 
0.780279 -0.190105 0.814352 
0.706678 -0.58016 0.473508 
0.70751 -0.72411 0.532895 
1.06984 -0.644347 1.71588 
0.389316 -0.0274317 -1.07394 
0.283406 -0.00535624 0.921627 
0.266162 -0.269344 0.536292 
-0.0874058 -0.342957 0.223068 
0.944149 -0.039506 0.45243 
0.291298 -0.74705 -0.30163 
0.848589 -0.229944 0.488624 
0.858701 -0.253679 0.410991 
-0.0331942 -0.340882 0.325776 
0.514465 -0.199497 -0.329344 
0.88689 -0.151341 0.416387 
0.971573 0.431751 -1.10128 
0.953483 -0.0366516 -0.216237 
0.490204 0.330177 -1.49905 
0.265881 0.275761 -0.977399 
0.620332 0.156665 0.251277 
0.130287 0.157939 -0.260946 
-0.0622876 -0.060571 0.124268 
0.248982 -0.250228 -0.497972 
0.587253 0.0993758 0.195697 
0.341117 -0.481505 2.95001 
0.0181781 0.0462495 -0.419725 
0.20842 -0.190603 -1.37387 
0.734777 -0.376173 0.743229 
0.854663 -0.261557 -0.229488 
0.269659 -0.566472 -0.595698 
0.176291 0.0344879 -0.300247 
0.701794 -0.00980934 -1.18766 
0.478324 -0.0825076 0.388903 
0.518116 -0.186969 -0.938119 
-0.00375321 -0.107989 0.391292 
-0.107114 -0.227838 -0.0118159 
0.215241 0.33647 1.32717 
0.337556 -0.262411 0.808643 
-0.041773 0.0194777 0.968707 
0.273235 -0.530705 0.606901 
0.670371 -0.204339 -0.535886 
0.322633 -0.667435 0.739818 
0.352039 -0.568361 -0.58278 
0.23023 -0.397952 -1.03866 
0.290119 -0.553817 -0.574163 
0.407423 -0.533635 0.676183 
0.349695 -0.0174762 -0.266756 
0.35784 -0.401943 0.272898 
0.585221 0.221632 1.62833 
-0.121523 -0.186575 -0.362265 
0.625406 -0.121626 0.366431 
0.261153 -0.419114 -0.671964 
0.0705938 -0.743471 1.27715 
0.14337 -0.778641 0.793688 
0.216084 -0.558016 -0.245087 
0.0899523 -0.225572 0.262095 
0.1633 -0.234041 0.298605 
0.19731 -0.384789 1.20194 
-0.397676 -0.411064 -0.89268 
-0.398749 -0.374675 0.0505887 
0.217806 0.183773 0.415719 
0.620216 -0.0630022 0.158352 
-0.138199 -0.0110636 -0.529417 
-0.00861973 0.0660733 -0.190866 
0.0774597 0.0554651 0.693594 
0.273293 0.0484339 0.236523 
0.107696 0.232425 0.0888418 
0.189049 0.36658 0.881162 
0.24122 -0.243284 1.42856 
0.297201 -0.692191 1.29353 
0.378094 -0.0273324 0.960928 
0.0998437 -0.479165 0.386687 
0.190672 0.120475 0.153862 
0.278116 0.139838 -0.971055 
0.1113 -0.622455 1.38784 
0.530373 -0.354759 0.0910136 
-0.017538 -0.179509 0.882494 
-0.0084797 -0.268497 -0.0464079 
-0.0605529 -0.28974 -0.684252 
-0.117459 -0.0495912 0.936632 
-0.0157524 -0.179904 1.18172 
0.504576 0.101862 0.808921 
0.290335 0.302438 1.14642 
0.353974 -0.0131766 0.181838 
0.465317 -0.222586 -0.496265 
0.0819911 0.0714013 -0.593226 
0.374141 -0.224932 1.1874 
0.208599 -0.064911 0.320247 
-0.244245 -0.209175 1.72436 
-0.211042 -0.424401 0.939937 
0.0899518 -0.823269 0.354886 
0.277019 -0.26173 0.626405 
-0.210626 -0.305981 1.30557 
0.144214 -0.72454 0.651893 
0.157479 0.0702682 1.20098 
0.393285 -0.760059 1.83596 
0.380324 -0.478833 0.793304 
0.416268 -0.188907 1.36709 
0.500684 -0.230853 0.258528 
0.295933 -0.514105 0.544578 
-0.137062 -0.406993 -0.0328749 
0.259347 -1.19724 1.71528 
-0.0762876 -0.88723 1.87584 
0.136715 -0.286069 1.47179 
-0.0154692 -0.0593909 0.925557 
0.127392 -0.280254 0.10092 
0.0923124 -0.261257 1.05007 
-0.0339861 -0.439654 2.26622 
0.280972 -0.6376 1.41449 
0.049145 -0.558053 1.85544 
-0.103355 0.247965 0.523454 
0.167194 0.36039 0.538327 
0.267564 0.0288145 1.29758 
0.194638 -0.326649 1.45447 
0.29288 0.0579791 1.04517 
-0.184084 -0.778464 0.767051 
-0.274298 0.404804 1.39589 
0.210054 0.0443599 0.569798 
0.455387 -0.0553459 1.10071 
0.189726 0.00650773 1.10441 
-0.0721365 0.190485 0.0203413 
-0.0796495 -0.242033 -0.165634 
0.421044 -0.631345 -0.155359 
0.238465 -0.455952 1.12139 
-0.2972 -0.443599 0.580523 
0.258244 -0.731143 -0.317815 
0.235841 -0.440521 -0.607357 
0.407802 -0.065737 0.129135 
0.180945 -0.230155 0.107318 
0.00410228 -0.0913086 -0.30729 
-0.0118747 -0.358898 -1.00914 
0.188412 -0.494531 -0.814547 
0.274597 -0.200453 0.0530248 
-0.140667 -0.145757 0.576475 
0.111311 -0.500663 -0.40425 
-0.0159684 -0.580674 0.0469079 
0.0560245 -0.385606 0.593784 
0.206721 -0.346559 -0.200499 
-0.0108344 -0.253243 -0.0111948 
0.360662 -0.193233 -0.339995 
0.306938 -0.363449 0.0633794 
0.365476 -0.142063 0.684913 
0.399217 0.186595 -0.686309 
-0.0800361 -0.043483 0.0666773 
0.346307 -0.248271 -0.11214 
0.206536 -0.342281 1.12425 
0.216929 -0.333963 0.773832 
0.543376 -0.544403 0.454755 
0.667621 -0.299096 -0.224299 
-0.0204958 -0.148308 1.18928 
-0.0149528 0.0380756 -0.77652 
-0.119137 -0.186698 0.197676 
-0.293074 -0.55234 -0.573692 
0.083517 -0.749897 -0.35175 
0.34637 -0.372612 -0.346868 
0.285193 -0.218001 -0.173952 
0.0776497 -0.469193 -0.655916 
0.288225 -0.384634 -0.0326489 
0.195316 -0.257879 -0.636334 
-0.00683734 -0.976461 -0.116894 
0.380037 -0.716271 0.584809 
0.159552 0.0806709 -0.315972 
0.298976 -0.413716 0.460774 
0.542314 -0.0314942 -0.263646 
0.181723 -0.13313 -0.404621 
-0.0306726 0.0949793 0.0554995 
-0.208863 0.200933 0.780406 
0.045839 -0.107787 -0.959233 
0.00321138 -0.179568 -1.12996 
-0.133516 0.106551 -0.334296 
0.229714 0.192476 0.294462 
0.411869 -0.584271 -0.449958 
-0.234142 0.203638 -1.06849 
0.0604406 0.175236 0.0508553 
-0.0153514 -0.229149 0.219049 
-0.310655 0.324676 -0.874045 
-0.0959391 -0.4466 0.0107096 
-0.0965978 -0.0592473 -0.266765 
-0.121029 0.563234 -1.41779 
0.265523 -0.330885 0.491791 
-0.025434 0.252549 -0.682947 
0.0636448 -0.438134 0.504492 
-0.201207 0.0329501 -1.96515 
0.0373738 0.167904 -1.52031 
-0.27191 -0.245005 -0.172581 
-0.0112773 -0.0455292 -0.494445 
0.216958 -0.140682 0.664514 
-0.335439 0.220337 -0.51569 
-0.299893 -0.0837409 -1.23845 
-0.248203 -0.0449745 -0.464046 
-0.0944979 -0.199424 -0.331068 
-0.27829 -0.152049 -0.875385 
-0.0272863 -0.339931 -0.388162 
-0.242846 0.125505 -1.73737 
0.419023 -0.475343 -1.01344 
-0.695529 -0.118171 -0.704385 
-0.446122 -0.0207441 -0.973265 
-0.212982 -0.537422 -1.43293 
0.105314 -0.35348 -1.80392 
-0.481478 0.0384353 -0.619741 
-0.0396346 -0.392602 -0.622424 
0.187575 -0.307991 0.0848208 
-0.159884 -0.0884609 -0.196588 
0.213333 -0.126235 0.347926 
-0.801781 -0.287879 -0.639363 
0.165763 -0.415159 -0.322832 
-0.130033 -0.733758 0.104397 
0.158235 -0.578817 -0.521398 
-0.632738 -0.666867 -0.336275 
-0.362626 -0.532685 -0.72469 
-0.3379 -0.532611 0.68275 
-0.330042 -0.01417 0.11143 
-0.126511 0.0596145 -0.290569 
-0.146915 0.197488 -0.879126 
-0.164885 -0.13758 -0.546165 
-0.0926549 0.0666474 -0.139452 
-0.332667 -0.0775098 0.276772 
-0.156876 0.0646743 0.265161 
0.243418 -0.00764048 -0.102761 
0.143652 -0.204073 -0.389306 
-0.768064 -0.0759568 -1.03365 
0.0191124 -0.299051 -0.339042 
-0.618915 0.260512 0.283661 
0.437515 -0.623463 0.315346 
-0.42988 -0.0730454 -1.09443 
0.258751 -0.639208 -0.992053 
-0.647012 0.000210995 -1.78452 
0.00455418 -0.0809412 -0.666532 
-0.37846 0.204225 -0.656585 
0.194032 -0.306164 0.0487813 
0.128935 -0.165724 -0.0231376 
0.108199 -0.303437 0.133893 
-0.165263 0.145401 -1.61037 
-0.595597 0.441679 -0.599882 
-0.297834 0.208404 -0.689187 
-0.224155 0.300295 0.381865 
-0.350356 0.0128194 0.348643 
0.250038 -0.250403 -0.808527 
-0.094824 -0.235431 1.07391 
0.350568 -0.350654 -0.406068 
-0.255695 -0.250716 -1.23424 
-0.153622 0.222527 -1.17428 
0.16623 -0.185339 1.04369 
0.206068 0.259032 -0.284207 
-0.735128 -0.377237 -0.477703 
-0.0588328 -0.496162 -0.995291 
0.12964 -0.331676 -0.796818 
-0.318506 0.0166684 -0.116023 
0.439561 -0.176929 0.736849 
0.0231364 -0.45522 1.06962 
-0.110724 -0.150361 -0.0438725 
-0.309372 -0.468543 0.348618 
-0.141272 -0.333619 1.32333 
0.460105 -0.571791 0.0645457 
-0.53798 -0.298053 0.37469 
-0.479716 -0.131768 0.408395 
-0.456519 -0.221698 0.521945 
-0.492514 0.131096 -0.74606 
-0.430787 0.00127882 -0.255765 
-0.188184 -0.0455772 0.0108713 
0.119085 -0.17238 2.21494 
0.0546117 0.126792 0.92255 
-0.189984 0.268701 0.570058 
-0.100375 0.0104315 -0.0602525 
-0.130737 0.22815 -1.59875 
0.334027 0.228337 -2.51131 
0.257021 -0.219938 0.378426 
-0.465942 0.403608 -0.38605 
0.188991 0.318325 -0.33056 
-0.705038 -0.155879 -2.22797 
0.00359204 -0.0124116 -0.454317 
-0.103822 0.417018 0.467011 
0.100033 0.707119 -0.491657 
-0.0860904 -0.0119705 -1.37007 
-0.202426 -0.184161 0.248465 
0.328248 0.329181 -0.102278 
-0.0546491 -0.0420697 1.02115 
0.301817 -0.0705129 -0.429994 
0.0695203 -0.262269 0.546991 
0.110672 -0.297123 -0.372202 
-0.0336972 0.371996 0.123169 
0.474834 -0.258972 1.20201 
-0.255042 0.269611 -0.821219 
-0.0270425 0.306036 -0.0672086 
-0.0934028 0.0429881 -0.370067 
0.347841 -0.0791886 -1.52061 
-0.508695 0.218815 -0.507538 
0.0657231 0.227256 -0.26988 
0.268628 0.0911094 -0.584137 
-0.510562 0.639297 -1.06855 
-0.254617 -0.00776742 -0.490611 
-0.0967594 -0.120354 0.664638 
0.211629 -0.222683 -0.166422 
-0.510893 -0.28933 -0.860602 
-0.358591 0.236202 -0.159524 
-0.658562 0.273374 0.561583 
-0.436341 0.13603 -0.273443 
0.346232 -0.457115 1.32605 
-0.0399496 0.0982263 0.311818 
-0.107008 0.248824 0.263209 
-0.083905 0.199347 -0.113992 
0.348683 -0.41657 -0.504537 
-0.600761 0.488077 0.384212 
0.372177 -0.166332 1.45492 
-0.124161 0.133888 1.08659 
-0.146973 0.416211 0.00344042 
0.256044 0.257623 0.604243 
0.0332775 0.0519179 1.32179 
-0.819529 0.401519 0.232051 
-0.673657 0.302137 0.788205 
-0.434338 -0.176666 0.0444764 
-0.447135 0.0269752 -0.987624 
-0.229985 0.777324 -0.0292167 
0.302298 0.368707 -0.59068 
-0.0299724 0.780813 1.0643 
0.170122 0.859348 -0.315798 
-0.430152 0.00626622 0.299655 
0.386602 0.665796 -0.614765 
0.336573 0.497388 -0.52256 
0.468842 0.114568 0.796013 
0.352243 -0.20621 1.45305 
0.168964 -0.0485845 0.0794417 
0.143118 -0.0619288 0.440345 
-0.321033 0.305876 -0.22443 
-0.371379 0.536789 -0.0233019 
0.129424 0.524686 -0.880365 
0.0326455 -0.0725536 0.801393 
-0.233661 0.244798 0.560608 
-0.34466 0.408188 -0.0986117 
0.552935 -0.482957 0.20587 
-0.173631 0.324769 0.0247851 
-0.213026 1.09181 0.629426 
-0.0294942 -0.383299 1.7301 
-0.32894 -0.196498 1.04254 
0.0651072 0.416301 -0.185844 
-0.385887 0.544779 -0.483383 
-0.457584 0.721199 -0.415654 
0.448888 -0.612318 0.711638 
0.0161239 0.0643954 -0.167963 
-0.249891 0.244697 0.925832 
0.119734 0.0936048 1.12777 
-1.02475 0.767365 -1.3513 
-0.354631 -0.380052 -0.167872 
-0.388977 0.30044 0.0252006 
-0.118027 -0.410605 0.171032 
0.123184 -0.765769 1.35039 
0.338147 -0.0530801 0.370311 
-0.0725536 0.491226 0.00500299 
0.236531 0.599445 -0.0319535 
-0.518774 0.44085 -0.851569 
-0.670746 0.530546 -0.25079 
-0.00724289 0.502379 -0.0218168 
-0.0641284 0.192426 0.764973 
