-1.43221 1.39273 -1.43587 2 
-0.677936 0.729254 -0.801908 2 
-1.47574 0.6064 -0.697148 2 
-0.264615 -0.168137 0.0364151 2 
-1.3169 0.933701 -0.34216 2 
-0.355296 0.0875744 -0.282601 2 
-1.00422 0.85418 -0.241072 2 
-0.303822 -0.092149 -0.244114 2 
-1.10981 0.750439 -0.537058 2 
-0.780966 -0.0217148 -0.194338 2 
-2.04026 1.44251 -0.299749 2 
-0.999596 0.886194 -0.621573 2 
-1.35761 0.569641 -1.16875 2 
-0.71628 0.809026 0.0932544 2 
-1.94145 1.6651 -0.615318 2 
-0.904631 0.521496 -0.84038 2 
0.124946 0.171924 -0.493622 2 
-1.55688 0.927101 -0.123326 2 
-0.751219 0.650853 -0.151421 2 
-0.796027 0.629191 -0.529728 2 
-1.2485 0.866306 -0.227618 2 
-0.267758 0.48214 -0.0107625 2 
1.37062 -0.721897 0.0687585 2 
-0.609322 0.788597 0.206045 2 
0.0124878 0.0710496 -0.0300113 2 
0.182723 -0.556303 0.0887595 2 
1.57761 -1.07001 2.32509 2 
0.093433 0.341926 1.22503 2 
-0.377321 0.762326 -0.526199 2 
-0.676528 0.538558 -0.823745 2 
-0.991877 1.15729 -0.382837 2 
-1.22586 1.38127 -0.520681 2 
0.791096 -0.662508 1.34029 2 
-1.21889 0.71501 -0.172044 2 
-0.639278 0.53804 -0.360015 2 
0.335636 -0.18584 0.408103 2 
0.113704 0.587459 0.375618 2 
0.8505 0.282662 1.42365 2 
-0.360686 0.536599 -0.699121 2 
0.4104 0.282544 0.229943 2 
0.564858 0.0790763 0.738503 2 
-1.20783 0.703292 -0.914857 2 
-1.74512 0.930004 -0.816044 2 
-2.38081 1.71645 -2.03294 2 
-0.040205 0.654469 0.630241 2 
-0.2399 0.869841 0.227436 2 
-1.36527 1.38102 -1.00569 2 
-0.83251 0.50217 -0.423893 2 
-2.40808 1.37234 -1.60659 2 
-1.01553 0.850243 -0.494355 2 
-1.71722 0.963411 -1.08479 2 
-0.622209 0.0263718 -0.163153 2 
-1.17169 0.917747 -1.09408 2 
-0.265884 0.304476 0.0290777 2 
-0.78436 0.639575 -0.153128 2 
-0.477623 0.783066 -0.124972 2 
-0.958471 1.45946 -0.410523 2 
-0.567652 0.452011 0.461757 2 
0.178268 -0.590614 0.969095 2 
-1.37991 0.860248 -1.00228 2 
-1.40925 1.00975 -0.999578 2 
0.0718392 0.120601 0.539129 2 
-0.0651201 0.287971 0.294701 2 
-1.49539 1.39917 -0.513352 2 
0.309042 -0.0663011 0.146184 2 
-0.919106 0.635412 -1.07499 2 
-0.272164 0.481293 0.180729 2 
-1.21685 0.843454 -0.433266 2 
-0.773985 0.386688 -0.488343 2 
-0.289546 0.416001 0.0146083 2 
-0.91084 0.707325 -0.367218 2 
-0.63469 0.521922 -0.575545 2 
-1.19064 1.45888 -0.765915 2 
-0.442174 0.908921 -0.230846 2 
-0.740094 0.749657 -0.105469 2 
-0.9619 0.860542 0.00451677 2 
-1.08556 0.736102 -0.172353 2 
-0.749868 0.584426 0.0872272 2 
-0.623092 0.835152 -0.470471 2 
-1.13194 0.627127 -0.856425 2 
-1.27882 1.01491 -0.775202 2 
-1.16905 0.84044 -0.313392 2 
-0.421969 0.172196 0.233185 2 
-1.21863 0.761951 -0.834644 2 
-0.994908 1.48313 -0.849337 2 
-0.964206 0.953106 -0.755997 2 
-0.0971368 0.310793 -0.141072 2 
-1.13824 0.0551067 -0.294949 2 
-1.77929 2.07094 -1.09918 2 
-1.24408 0.972502 -0.846105 2 
-0.401126 0.425788 -0.252641 2 
-1.45165 0.732261 -0.414536 2 
-0.895077 1.16216 -0.453262 2 
-0.235766 -0.366326 -0.172815 2 
-0.823949 0.311589 -0.219298 2 
-1.12799 1.09783 -0.00475606 2 
-2.03109 0.994471 -0.868155 2 
-2.08701 1.58985 -0.964258 2 
-0.174038 -0.400599 -0.225677 2 
-1.54984 1.58673 -0.743751 2 
-1.70823 1.53821 -0.943409 2 
-0.930159 0.95844 -0.54674 2 
-0.689252 0.234478 -0.575952 2 
-0.731671 0.62378 -0.13314 2 
0.428098 -0.211653 0.144282 2 
-1.69806 1.56344 -0.576491 2 
-1.5282 1.2751 -0.58409 2 
-0.399856 0.916085 -0.146609 2 
-0.791854 1.09881 0.0941325 2 
0.623464 -0.706842 0.658898 2 
-1.34231 1.1099 -0.494057 2 
-1.71496 2.10476 -0.451025 2 
-0.0185838 0.278421 0.505334 2 
-0.520568 0.751711 -0.120922 2 
-3.19755 3.19545 -1.56687 2 
-2.09166 2.1435 -1.09153 2 
-3.35914 2.87128 -1.61303 2 
-0.0680004 0.373964 0.45039 2 
-1.4574 1.7358 -0.870034 2 
-1.38282 1.6736 -0.489335 2 
-0.628519 0.470759 -0.761792 2 
-0.896292 0.811502 -0.659239 2 
-1.06006 1.444 -0.0974977 2 
-0.188376 0.111431 0.158396 2 
0.0643395 -0.142033 0.537676 2 
-0.781783 0.522438 -0.0740183 2 
-1.94106 2.2592 -0.591511 2 
0.486437 0.253244 0.608971 2 
-1.03004 0.987327 -0.519948 2 
-0.881601 0.976105 -0.360346 2 
0.134098 -0.192043 0.416969 2 
0.116737 0.210599 0.346497 2 
0.345 -0.0272046 1.17273 2 
-0.681408 1.04763 -0.230902 2 
1.26592 -1.30517 0.839083 2 
0.233929 0.350924 0.449953 2 
0.315863 0.0281487 0.532666 2 
0.0246592 0.144584 0.0466243 2 
3.27058 -2.59679 1.82921 2 
1.4084 -1.56728 0.888237 2 
-1.37926 1.36014 -0.458379 2 
-0.330699 0.176139 0.0964641 2 
-1.87969 1.71837 -0.472923 2 
-3.04189 2.31562 -1.18482 2 
-0.936347 1.19516 -0.409546 2 
-2.34757 2.6551 -0.987664 2 
-1.7528 1.70278 -0.810361 2 
-0.227065 0.0393917 0.267717 2 
0.371668 0.132632 0.140239 2 
-0.31928 0.21386 0.344931 2 
-0.81512 0.550387 -0.357841 2 
-1.77646 2.05046 -1.00262 2 
-0.21158 -0.205855 0.255017 2 
0.000696759 0.894628 0.110419 2 
-0.477379 0.807316 -0.215663 2 
-1.07894 1.17917 -0.197067 2 
-0.82599 1.53067 0.320241 2 
-0.539892 1.13122 0.0347583 2 
-0.141227 0.127087 0.171184 2 
-0.639503 0.369224 0.061731 2 
0.872201 0.0658369 0.619083 2 
-0.718919 0.687063 -0.150828 2 
-0.283291 0.323183 0.130872 2 
-1.4905 1.0973 -0.670158 2 
0.324741 0.151803 0.473559 2 
-0.482972 0.322931 -0.0328576 2 
0.425883 -0.353965 0.549728 2 
-1.17337 1.08789 -0.430712 2 
-0.275202 0.737492 0.282112 2 
0.0091988 0.715792 0.303534 2 
0.703805 -0.347702 1.16063 2 
0.849688 -0.0302078 0.727333 2 
0.253974 -0.248735 0.393106 2 
0.140317 0.62959 0.533194 2 
0.546834 0.136072 0.762628 2 
0.392101 0.197281 0.634115 2 
-1.14614 1.09545 -0.0676442 2 
-0.162123 -0.126956 0.360106 2 
-0.509057 0.641824 0.0383649 2 
0.0681616 -0.173636 0.665556 2 
-2.36406 1.63155 -0.561307 2 
-0.481549 0.81054 0.0421258 2 
0.2489 0.84397 0.412659 2 
-0.465858 0.885311 0.967387 2 
-1.50266 1.7066 0.168628 2 
-0.0381805 0.370907 0.0462716 2 
-0.279985 0.563722 0.453756 2 
0.833517 0.40961 1.20308 2 
-2.98969 1.4174 -0.168796 2 
-0.949226 1.03224 -0.21961 2 
0.652002 -0.0748396 1.07046 2 
-1.63007 0.971724 0.50948 2 
-0.119257 0.516205 -0.0956363 2 
-1.5705 0.652447 -0.423198 2 
0.306387 0.21579 0.0783783 2 
0.0435651 0.564891 0.736662 2 
-0.641586 -0.0735804 0.248903 2 
-0.423465 0.0857394 0.213239 2 
-0.399887 0.647294 0.487913 2 
-0.932568 0.597758 0.0379238 2 
-0.521009 0.660724 0.163231 2 
0.672484 0.10702 0.873021 2 
-1.74319 1.30715 -0.547509 2 
-1.68416 1.11884 -0.639142 2 
0.700962 0.160843 0.579159 2 
-0.92218 0.880566 -0.364864 2 
-1.1121 0.977728 -0.805948 2 
0.00184414 0.100199 0.221263 2 
-0.767342 0.350965 0.141031 2 
-0.178328 0.480509 -0.0833553 2 
-0.361008 0.525368 0.106005 2 
0.23711 0.215112 0.297642 2 
-1.31504 0.756523 0.0873785 2 
-0.207205 0.491231 0.506863 2 
-0.424961 0.442937 -0.0534554 2 
0.863763 -0.480802 0.624978 2 
0.113505 0.117867 0.251877 2 
-1.28821 1.19944 -0.513137 2 
-1.18647 1.09198 -0.311547 2 
-1.42857 1.21145 -1.1068 2 
-1.47186 0.804349 -0.790076 2 
-1.31809 0.62907 -0.382298 2 
-2.05352 1.37393 -0.162748 2 
0.13733 -0.229947 0.658175 2 
0.0253981 0.636858 0.324325 2 
1.00919 -0.0583935 0.697283 2 
-1.38558 0.851988 -0.15836 2 
0.548523 0.27737 0.550518 2 
-0.516169 0.0896548 0.49004 2 
-0.125023 0.352184 0.433324 2 
-0.408042 0.245731 0.0842919 2 
-1.17481 0.798276 0.116323 2 
-0.651822 0.602837 -0.496354 2 
0.151478 0.419269 0.321975 2 
-0.68627 0.744843 -0.355479 2 
-0.633076 0.616812 -1.14455 2 
-0.184541 0.724306 -0.0207921 2 
-0.143711 0.583177 0.0381046 2 
0.325923 0.925255 -0.565217 2 
0.820276 0.394262 0.663798 2 
0.791201 0.0261109 0.467175 2 
0.129558 0.00846871 0.490911 2 
0.123232 9.46675e-05 -0.109021 2 
-0.51049 0.587448 -0.182791 2 
-0.517239 0.441525 -1.15765 2 
0.385977 -0.101731 0.580217 2 
0.180439 -0.236262 -0.263813 2 
0.241486 -0.044567 0.186809 2 
-1.02807 0.875764 0.823496 2 
-0.125893 0.518353 0.459193 2 
0.485009 -0.534834 0.543338 2 
-1.43792 0.746567 -0.335342 2 
-0.600062 1.16891 -0.606555 2 
-0.618541 0.26824 0.0236982 2 
0.0485086 1.16407 0.031991 2 
-0.750102 0.124967 -0.0907227 2 
0.899482 0.443237 0.510368 2 
-0.756519 0.0261504 0.485145 2 
0.33761 1.05978 -0.40878 2 
-0.364247 0.954307 -0.62904 2 
0.269208 -0.0965514 -0.0571675 2 
-0.191144 1.20436 -0.255998 2 
-0.502929 0.565011 -0.383847 2 
-0.0145386 0.499209 0.131786 2 
-1.11513 0.959926 -0.598482 2 
1.04708 0.979432 0.0149224 2 
-0.542879 -0.190334 0.413628 2 
-0.713568 -0.20084 0.153884 2 
0.29565 -0.068848 0.315575 2 
0.0239467 0.0472942 0.261682 2 
0.30135 0.757369 0.103978 2 
0.35978 0.217755 -0.246693 2 
-1.16394 0.994043 -0.979359 2 
-0.674944 0.435473 0.269363 2 
1.43682 1.23721 0.0500513 2 
0.966695 0.804518 -0.232843 2 
-0.319181 1.15776 -0.601544 2 
0.89078 0.10929 0.32792 2 
0.213442 0.637301 0.771556 2 
-0.00293843 0.729749 -0.272398 2 
0.11448 -0.384464 0.682301 2 
0.563889 0.921221 0.126147 2 
-0.0948619 -0.070064 0.512789 2 
1.0954 0.828992 -0.0106707 2 
0.944424 0.628892 0.678205 2 
0.303899 0.566835 0.0115196 2 
0.516112 0.372064 0.396362 2 
-0.817876 -0.185855 0.427859 2 
0.00331135 -0.47183 1.41527 2 
0.856014 -0.156423 0.564314 2 
-0.277007 0.0202771 0.450603 2 
0.402934 0.0563711 -0.150872 2 
0.120589 0.420386 0.0244507 2 
-0.0655889 0.247609 0.177481 2 
1.46629 0.328703 0.360412 2 
0.62071 -0.60824 1.18052 2 
-0.859149 1.22587 -0.658206 2 
0.595216 0.309417 0.0136564 2 
0.749184 -0.0427703 0.53467 2 
0.559016 0.172375 0.169765 2 
0.0450297 0.0548377 0.205446 2 
-0.243516 0.213681 0.626707 2 
0.24963 0.0964793 1.13549 2 
0.305294 -0.170396 0.914226 2 
-0.324203 0.788788 -0.13076 2 
1.10299 0.43111 0.439679 2 
0.594771 0.745259 0.229772 2 
0.13803 0.663866 -0.0370172 2 
0.645757 0.124714 0.263623 2 
0.591899 -0.12796 0.252966 2 
-0.399471 0.858971 0.709967 2 
-0.286902 0.673604 0.0389258 2 
-0.439428 1.28499 -0.624604 2 
-0.203777 0.955769 -0.325721 2 
0.68054 0.253151 0.939215 2 
-0.137472 0.264241 -0.0271858 2 
0.224422 0.476843 0.2546 2 
0.118504 0.45322 0.293184 2 
0.458446 -0.551711 1.17104 2 
0.41633 1.13878 -0.410041 2 
1.13734 -0.132383 1.02768 2 
0.00727623 0.353561 0.719942 2 
0.0680376 0.665667 -0.0828175 2 
0.604718 -0.00584601 0.670019 2 
0.328609 0.776757 -0.17156 2 
0.334017 0.422404 -0.400145 2 
0.277923 0.369993 0.163073 2 
0.208731 0.365473 0.455012 2 
0.652484 -0.319076 0.64239 2 
1.32572 0.468879 -0.0205325 2 
-0.115131 -0.0909278 -0.154735 2 
0.871109 0.837067 -0.373864 2 
-0.378002 0.562239 -0.00866641 2 
0.452092 0.21786 -0.152947 2 
-0.163578 0.159926 0.0554764 2 
0.636087 0.293753 0.694257 2 
0.812083 0.42029 0.689018 2 
0.0107813 0.241884 0.573814 2 
2.46415 -0.448963 0.899045 2 
1.06001 -0.417289 0.971653 2 
0.298029 0.982343 -0.252238 2 
0.380055 0.593378 0.225091 2 
1.7568 -0.244646 0.837483 2 
0.537418 0.44814 0.325967 2 
-0.295308 0.117153 0.631159 2 
-0.556749 0.74895 -0.0134431 2 
1.2444 0.342104 0.0533464 2 
0.239429 0.121002 0.537532 2 
0.827172 0.705767 0.0938438 2 
1.27269 -0.0170634 0.703086 2 
1.3008 0.704928 0.397815 2 
-0.300235 0.703257 -0.168748 2 
0.647297 -0.267106 0.822466 2 
1.27266 -0.0421201 1.17841 2 
-0.163944 0.118238 0.393143 2 
0.195751 0.517254 0.0340896 2 
0.709319 -0.279194 0.724536 2 
0.416553 0.123735 0.297784 2 
-0.248801 1.13716 -0.402001 2 
1.35905 -0.022528 0.547418 2 
1.39189 -0.348476 1.24835 2 
1.15543 -0.560822 1.16348 2 
1.4136 0.0646354 0.560986 2 
0.806662 0.395415 0.367995 2 
1.07044 -0.459814 0.597924 2 
0.333136 -0.21075 0.390553 2 
0.445447 0.0308775 0.533887 2 
-0.653035 0.344392 0.134972 2 
-0.301154 0.392399 -0.0683769 2 
0.256442 -0.283358 0.516306 2 
0.609185 0.0602829 -0.205424 2 
1.00026 -0.444605 0.585723 2 
1.30633 -0.448116 0.445922 2 
0.180676 -0.0284273 0.383499 2 
0.223055 0.0587922 0.717412 2 
0.704344 -0.308414 0.602447 2 
0.981622 -0.0865069 0.295525 2 
1.76367 -0.431186 0.869419 2 
1.10912 -0.438412 0.527769 2 
0.405471 0.335034 0.349457 2 
1.3372 -0.227089 0.701821 2 
1.02111 0.0129127 -0.444363 2 
0.582155 -0.0955619 0.620677 2 
0.294503 0.261225 -0.419325 2 
-0.205572 0.403101 0.181147 2 
0.487608 0.44267 0.115298 2 
1.1341 -0.630759 0.81842 2 
0.913348 0.198639 0.285381 2 
0.172016 0.446673 0.162881 2 
0.484376 -0.00868401 0.478586 2 
1.43054 -0.243694 0.676122 2 
0.746108 -0.11356 0.197028 2 
0.0287719 0.0532885 0.722137 2 
1.30123 -0.318499 0.809022 2 
0.555096 0.309276 0.557481 2 
0.543941 -0.0829417 0.497979 2 
-0.281942 0.286187 0.0766782 2 
0.922305 0.0518216 0.526061 2 
0.696829 0.139795 0.831228 2 
0.632406 0.128015 -0.205459 2 
0.577543 0.194081 0.573303 2 
0.453482 -0.36127 0.906984 2 
-0.497747 0.0731557 0.0341317 2 
0.990698 -0.297523 0.706413 2 
1.93094 -1.00036 1.62246 2 
1.01383 -0.359374 0.87518 2 
0.231557 0.133043 0.279658 2 
0.829624 0.038126 0.597777 2 
0.936902 -0.10643 0.888118 2 
0.670053 0.139454 0.391141 2 
1.06377 -0.272457 0.172978 2 
0.287204 0.0111397 -0.0359893 2 
0.784764 -0.0315164 0.331251 2 
0.928767 -0.0396533 0.430626 2 
0.150322 0.200408 0.0576378 2 
-1.03389 0.89704 -0.412317 2 
1.11143 0.150559 0.584853 2 
0.912043 -0.197428 0.81551 2 
0.069643 -0.0287837 0.55077 2 
0.248938 0.238007 0.0206302 2 
1.02687 0.390223 0.525017 2 
0.717001 0.507651 0.0429117 2 
0.4457 0.41477 -0.131523 2 
1.34338 0.50012 0.555192 2 
0.194662 0.710498 0.193261 2 
1.03502 0.599617 -0.0353749 2 
1.10731 0.400395 -0.0853475 2 
0.707711 0.0957289 0.395669 2 
0.655782 0.0951879 0.215629 2 
0.223111 0.679861 -0.0908963 2 
-0.244947 0.712813 -0.346493 2 
-0.0897913 0.567269 0.213465 2 
1.15603 -0.314554 0.962738 2 
1.59789 -0.667661 0.35352 2 
0.368141 0.619532 0.181276 2 
0.749262 -0.21098 0.595432 2 
1.65526 -1.02335 0.911398 2 
1.29617 -0.535452 0.817011 2 
1.50478 -0.595228 1.07074 2 
2.08601 -0.709228 1.41795 2 
0.834912 0.618903 0.33448 2 
0.48492 0.483888 0.161918 2 
1.60218 0.252596 0.287403 2 
0.532883 -0.0183829 0.0498706 2 
-0.941013 0.440936 -0.387628 2 
1.40263 -0.102071 0.644657 2 
0.408134 -0.037026 -0.00928889 2 
2.93325 -1.04908 1.61584 2 
2.62459 -0.453029 1.15923 2 
1.24803 0.214412 -0.145851 2 
0.378014 -0.257485 0.28965 2 
0.976684 -0.546053 0.338583 2 
2.12073 -0.7404 0.783611 2 
0.540813 0.738025 0.104944 2 
1.10696 0.419773 0.239058 2 
0.873671 -0.206341 0.640125 2 
1.15261 0.161136 0.0871664 2 
1.00348 0.175565 0.479401 2 
0.870843 -0.0316413 0.2277 2 
0.720092 -0.441978 0.30009 2 
1.13682 -0.161025 -0.102055 2 
0.973654 0.00888459 0.188496 2 
0.564691 0.0443862 0.592998 2 
1.707 -0.622786 0.536951 2 
1.2785 -0.631678 0.818045 2 
1.56204 -0.573496 0.942462 2 
1.20003 -1.03991 0.580333 2 
0.814767 -0.202931 0.656392 2 
1.39325 0.177489 0.271065 2 
1.83856 -0.0168866 0.550554 2 
1.51477 -0.298867 0.582342 2 
1.40858 -0.331812 0.929152 2 
1.9228 0.0658568 0.292474 2 
1.86104 -0.603861 0.706444 2 
1.45996 -0.0715581 0.268449 2 
1.81211 0.00681572 0.525182 2 
0.848467 0.0623238 0.482755 2 
0.841426 -0.260219 0.714728 2 
0.470076 0.496421 0.635834 2 
1.66902 -0.440391 1.00222 2 
0.626683 -0.0912912 0.779401 2 
0.871698 0.454347 -0.00511251 2 
0.556994 -0.483539 0.259878 2 
0.542479 0.211955 0.169951 2 
0.853027 0.240607 0.373543 2 
1.75281 -0.85214 1.24024 2 
2.9531 -0.885255 1.87486 2 
2.24127 -0.623728 0.71741 2 
1.27798 -0.279673 0.592949 2 
1.42497 -0.326607 0.923248 2 
2.14282 -0.710278 1.21918 2 
1.35566 -0.780739 1.31883 2 
1.34181 0.0978213 0.374461 2 
1.33671 -0.380219 0.811898 2 
2.65656 -0.657709 1.21611 2 
1.76916 -0.67129 1.30813 2 
0.860105 -0.11648 0.588591 2 
0.812782 -0.0289654 0.78475 2 
1.43353 -0.441426 0.491923 2 
0.3219 0.155903 -0.263544 2 
0.969964 0.0501561 0.469774 2 
-0.584051 1.06378 -1.03075 2 
0.921152 0.269562 0.176332 2 
0.656908 0.343061 -0.23615 2 
0.223124 0.352025 0.536978 2 
1.17447 0.454469 0.387373 2 
0.394774 0.381162 0.179155 2 
0.773707 0.488785 0.264978 2 
0.872642 0.379775 0.374473 2 
0.669411 -0.351746 0.634319 2 
1.44323 -0.902436 0.63428 2 
0.228041 -0.454917 0.971033 2 
1.09855 -0.208871 0.781225 2 
1.41595 -0.246725 0.944581 2 
-0.309102 -0.0747231 0.221181 2 
1.51346 -0.220082 0.369962 2 
1.11233 0.0278013 0.96867 2 
1.15518 0.483976 -0.0319259 2 
1.18085 0.003972 0.354443 2 
1.20463 0.304176 0.91534 2 
1.32984 0.0176185 0.0496482 2 
1.00177 -0.357815 0.654572 2 
0.582041 0.119974 0.643516 2 
1.86954 -0.462488 0.43633 2 
0.0989171 0.0193668 0.309649 2 
0.072128 0.377198 0.132844 2 
0.129852 0.528336 0.451495 2 
0.986273 -0.404181 0.595725 2 
2.11667 -0.557302 0.552632 2 
0.675117 -0.145517 0.659359 2 
0.743993 -0.154137 0.245066 2 
0.416282 -0.188623 -0.0488947 2 
0.9886 -0.684251 0.620559 2 
1.23502 -0.313106 0.70388 2 
0.919988 -0.500863 0.999868 2 
0.484548 0.197487 0.664437 2 
1.4827 -0.566753 1.50492 2 
1.41403 -0.883427 1.41725 2 
0.391866 0.475854 0.66786 2 
2.20427 -0.783503 1.51139 2 
1.31669 -0.848081 1.30682 2 
-0.0107712 0.116903 0.409649 2 
1.60145 -0.420395 1.44986 2 
1.21564 -0.169144 1.1804 2 
0.311143 0.246689 0.640128 2 
0.984057 -0.00196082 1.12329 2 
1.00366 -0.187272 1.24896 2 
0.786148 -0.492137 0.891876 2 
0.901933 -0.538322 1.39605 2 
0.0576722 0.0300718 0.472577 2 
0.0192004 -0.054342 0.827854 2 
-0.0515624 0.47235 0.622359 2 
0.802807 0.093372 1.23136 2 
1.56001 -0.192497 1.17554 2 
1.08473 -0.520072 1.49121 2 
-0.294581 0.646893 0.625587 2 
0.97988 0.269639 1.12234 2 
0.576912 0.376533 1.16284 2 
-0.435276 0.452969 0.891464 2 
-0.319024 0.646083 0.637606 2 
0.936171 -0.0471434 1.57976 2 
0.63756 -0.332989 1.89977 2 
0.436804 0.192107 0.820272 2 
1.1489 0.0972388 1.55907 2 
0.571837 0.615345 0.820333 2 
1.37926 -0.468838 1.38721 2 
0.708411 -0.464196 1.74289 2 
0.364348 -0.193613 0.993096 2 
1.0007 0.214216 1.26536 2 
0.866885 0.186983 0.93062 2 
0.943031 0.0443551 1.30875 2 
1.04883 -0.0607742 1.3896 2 
0.435486 0.429064 0.758513 2 
0.850958 0.633436 1.64572 2 
0.960731 0.322244 1.52336 2 
0.391318 -0.092933 0.818479 2 
1.29548 -0.677924 1.56653 2 
-0.105154 -0.368422 0.983649 2 
-0.633175 0.602319 -0.0209397 2 
0.963166 -0.857807 2.0321 2 
0.469221 -0.454834 1.44459 2 
1.22547 -0.0470962 1.66084 2 
0.321927 -0.632492 1.81644 2 
0.163199 -0.0392235 0.828021 2 
1.8673 -0.723587 2.05887 2 
0.867127 -0.905035 1.6339 2 
0.38728 -0.0208549 1.24444 2 
0.103879 0.211676 0.697876 2 
1.20072 -0.332086 1.83258 2 
0.716343 0.285299 2.10813 2 
1.25403 0.525562 0.814263 2 
0.144788 0.0234113 0.813959 2 
1.32521 0.0943836 2.17225 2 
0.58545 0.0567957 1.59308 2 
1.00603 -0.13173 1.40615 2 
1.17234 -0.294023 1.76057 2 
0.152395 0.215057 0.631152 2 
1.34196 -0.798128 1.86847 2 
1.05479 -0.0856734 1.99644 2 
0.567451 -0.454521 0.905685 2 
0.720654 -0.560963 1.6421 2 
0.00617689 0.352729 1.14631 2 
0.228182 0.41835 0.879492 2 
0.19734 0.681505 0.501674 2 
0.522289 -0.384042 0.80403 2 
0.654361 -0.0344745 1.22182 2 
0.765361 0.0133544 1.75699 2 
0.246477 -0.514166 0.879663 2 
0.12246 0.116101 0.518504 2 
0.485673 0.192817 0.710588 2 
0.401473 -0.260183 0.684417 2 
0.420703 0.508534 0.500652 2 
0.426133 0.0287857 1.05434 2 
0.942469 0.434563 1.00351 2 
0.077482 0.864056 0.761133 2 
-0.0124227 0.55772 0.390092 2 
0.103834 1.0953 0.0797896 2 
-0.428649 1.5301 -0.972339 2 
-0.0692193 0.836314 -0.0872887 2 
-0.678825 0.898116 -0.405634 2 
0.199259 0.187003 0.884549 2 
-0.0985672 0.810349 -0.0222201 2 
-0.89301 1.47758 -1.05252 2 
-0.871016 1.00648 -0.323188 2 
1.08949 0.336485 0.783107 2 
-0.543608 0.846923 -0.892536 2 
-0.183203 0.233568 -0.0376544 2 
0.0831821 0.057138 0.413187 2 
-0.319536 0.628349 -0.00858554 2 
-0.888907 1.20983 -0.806566 2 
0.648972 -0.315978 1.024 2 
0.13757 0.165659 -0.22481 2 
0.636773 0.139406 -0.0659168 2 
0.875375 -0.758138 0.714096 2 
1.00512 -0.362367 1.12142 2 
0.0894222 0.181294 0.886738 2 
-0.0968829 -0.0605118 0.0872797 2 
0.105842 0.427701 -0.100646 2 
0.402806 -0.147956 0.506499 2 
0.256801 0.565695 0.293388 2 
0.8907 -0.407427 0.703934 2 
0.767488 -0.287312 0.379993 2 
-1.37394 1.3806 -0.558391 2 
0.773206 -0.0625942 0.95833 2 
-0.136403 0.703812 0.298446 2 
-0.0108548 0.866297 -0.106525 2 
-0.716451 1.40514 -0.343191 2 
0.546625 0.455251 0.0205354 2 
-0.86887 1.37888 -0.614986 2 
0.224345 0.380731 0.539203 2 
0.100378 0.539016 0.265856 2 
0.294529 0.41597 0.409494 2 
0.433357 0.0124328 0.178332 2 
-0.308173 0.913164 0.146393 2 
-0.31737 1.18819 0.190889 2 
0.276068 0.0182291 0.525846 2 
0.249116 0.00631417 0.432062 2 
0.00035501 0.100265 0.118536 2 
0.367738 0.460551 -0.0938101 2 
0.562013 0.702037 0.682559 2 
-0.506869 1.26412 -0.0554298 2 
1.24376 0.613371 -0.248913 2 
0.0256975 0.359275 -0.176889 2 
0.258253 -0.0170376 0.421027 2 
1.12472 -0.191413 0.632001 2 
0.507407 0.397675 0.0649964 2 
-0.157482 1.00542 -0.0360257 2 
0.332045 0.38969 0.251595 2 
-0.721083 1.29743 -0.315534 2 
-0.0128841 1.17633 -0.502647 2 
0.299188 0.445284 -0.176977 2 
1.31497 -0.0367811 0.5863 2 
-0.265317 1.1167 -0.21863 2 
0.00765861 0.17433 0.581841 2 
-0.406535 0.382098 0.526157 2 
1.28306 -0.869531 1.26354 2 
0.348345 -0.392704 0.432484 2 
-0.877618 0.842553 -0.166601 2 
0.83222 0.169632 1.13239 2 
0.212718 0.0592336 0.519102 2 
0.53681 0.107032 1.04319 2 
-0.576754 0.688385 0.0167232 2 
0.0808186 0.355676 0.588015 2 
-0.405917 0.301343 0.154273 2 
0.773617 -0.544735 0.818639 2 
-0.121662 0.680221 -0.122517 2 
0.0958054 0.0610659 0.580396 2 
-0.66321 1.08335 -0.337057 2 
0.435765 0.424443 0.856122 2 
0.389942 0.309699 0.700448 2 
-0.437293 1.04006 0.228106 2 
0.640174 -0.142442 0.383436 2 
-1.11945 0.792667 -0.332257 2 
0.493221 0.171873 0.101046 2 
-0.57725 0.954603 0.269577 2 
0.411298 0.450073 0.591405 2 
-0.0819606 1.10505 0.383167 2 
0.288206 0.79687 0.818314 2 
-0.493885 0.752964 0.0692468 2 
-0.403408 0.580633 0.0900065 2 
-0.230273 0.956363 0.12089 2 
-0.428468 1.78887 -0.420533 2 
0.122018 0.858323 0.495597 2 
0.00474988 0.539952 0.322636 2 
0.138221 0.622247 0.110185 2 
0.328187 0.326434 0.0484998 2 
0.660623 -0.0901588 0.65857 2 
-1.12601 1.82897 -0.329631 2 
0.00725585 0.425375 0.173675 2 
0.775977 0.28188 0.322365 2 
-0.76989 1.21901 -0.237732 2 
-0.949723 1.44743 -0.0928792 2 
0.248852 0.602718 0.0241354 2 
1.60219 -0.137636 1.76559 2 
-0.118532 1.21723 -0.178849 2 
0.362467 0.443779 0.223535 2 
-0.376315 0.764502 0.297354 2 
-0.670767 0.688015 -0.453791 2 
0.0287018 -0.0932533 0.129057 2 
0.0125529 0.234698 -0.580777 2 
0.334052 -0.80747 0.190451 2 
-0.417923 0.664155 0.564008 2 
-0.504221 0.625985 0.226496 2 
0.761663 -0.228262 0.358457 2 
0.789204 -0.446694 0.541534 2 
0.0990904 -0.373963 -0.0272568 2 
-0.90178 0.861348 -0.165351 2 
0.0874244 -0.101858 0.0656418 2 
-0.0789348 0.293223 -0.349148 2 
0.849115 -0.179031 0.89388 2 
0.114691 0.0641847 0.673904 2 
0.00383414 0.250933 0.245834 2 
-1.00706 0.876076 -0.710476 2 
-1.2365 0.948388 -0.469359 2 
-0.303426 0.748873 -0.0150913 2 
-0.57379 0.547926 -0.20712 2 
1.06421 -0.726906 0.800363 2 
0.120777 0.101586 0.402594 2 
0.399891 0.0858318 0.713174 2 
0.688083 0.025058 1.06216 2 
0.685597 0.021744 0.454147 2 
-0.182878 0.570714 0.304015 2 
-0.197141 0.663783 0.265311 2 
-0.629012 0.444697 0.385721 2 
0.258977 -0.0365162 0.813404 2 
0.94822 -0.495513 1.16715 2 
0.30849 0.669171 0.774753 2 
-0.32904 1.0638 0.756611 2 
-0.0482059 0.773315 0.171751 2 
-0.561842 1.23335 -0.429497 2 
0.104998 0.438873 0.160896 2 
-0.768371 0.894098 -0.639209 2 
-0.798603 0.869476 -0.402961 2 
0.347904 0.0698069 0.319612 2 
0.00485176 0.131963 0.611506 2 
-0.407629 1.174 0.0377327 2 
-0.597857 1.13813 -0.24665 2 
-1.33365 1.66337 -0.979671 2 
-0.817391 0.709287 -0.466603 2 
0.520215 -0.178748 0.179846 2 
-0.0138924 0.118837 -0.129282 2 
-0.258982 0.811667 -0.279523 2 
-0.70676 1.42782 -0.266307 2 
-0.486095 0.862004 -0.0231598 2 
0.0302055 0.258574 0.1443 2 
-0.612789 1.12184 0.188043 2 
-0.389319 1.32607 0.37565 2 
-0.527778 0.937616 0.56115 2 
-0.597243 0.503622 -0.340909 2 
-0.0123296 0.719594 0.507893 2 
-0.600223 0.568983 0.0924324 2 
-1.50862 1.55254 -1.44916 2 
-0.881717 0.916635 -0.453561 2 
-0.525916 0.885606 -0.33829 2 
0.479664 0.245904 0.51936 2 
0.936223 -0.249243 0.982649 2 
1.09748 -0.219455 0.60777 2 
0.384141 -0.374405 0.572246 2 
-0.6434 0.665516 0.168463 2 
-0.819219 1.31735 0.122298 2 
-0.764083 0.681084 0.0865163 2 
-0.158701 0.673425 0.0106036 2 
-0.40761 1.18479 -0.0728393 2 
0.25629 0.33362 0.297161 2 
1.02681 -0.606558 1.31167 2 
-1.50757 1.58078 -1.03417 2 
-1.02786 0.603742 -0.777719 2 
-1.03644 0.730451 0.00152646 2 
-0.605872 1.21821 0.371988 2 
0.252585 1.2093 0.853709 2 
0.0684297 1.11822 0.738204 2 
-0.980309 1.11964 -0.164202 2 
-0.963389 1.02853 0.142419 2 
-0.0329706 0.895347 0.228466 2 
0.841124 -0.0438635 0.485809 2 
0.293127 0.41436 0.410979 2 
-0.778843 1.2876 -0.255882 2 
0.0369193 0.593946 0.224467 2 
0.0315549 0.226934 -0.163483 2 
0.578488 -0.136403 0.377318 2 
-1.544 1.41607 0.172377 2 
-0.869224 0.77958 0.0272505 2 
-0.45377 0.982561 -0.139477 2 
-0.402695 1.04295 0.232216 2 
-1.52874 1.47623 -0.697034 2 
-0.307024 0.502819 -0.116184 2 
0.121186 0.21068 -0.0210243 2 
-0.39851 0.945001 -0.0577261 2 
-0.506308 0.0721851 0.131891 2 
-0.253876 1.0949 0.242769 2 
-0.358213 0.727695 -0.270182 2 
0.0909325 1.03123 0.0800975 2 
0.541431 -0.168334 0.0912876 2 
1.4892 -0.906566 0.718955 2 
0.219818 0.518423 0.480966 2 
-0.205048 0.144292 0.986277 2 
-1.10585 0.474265 0.015413 2 
-1.41282 1.1345 -0.0504961 2 
-0.0905709 0.550041 0.738838 2 
-0.00494018 0.107769 -0.098393 2 
-0.786038 1.07489 -0.427611 2 
-0.561612 1.26675 -0.186229 2 
-0.791376 0.406255 0.288521 2 
-0.00845048 -0.0254892 0.751431 2 
-1.37675 1.20965 -0.0306614 2 
-0.205064 0.350194 0.165306 2 
0.202346 -0.749715 0.111695 2 
0.735419 0.0633264 0.650814 2 
-1.2083 0.996751 -0.359177 2 
-1.58834 1.35447 -0.305257 2 
-1.18943 0.935014 -0.581971 2 
0.320261 0.307988 0.229814 2 
0.0604451 -0.402906 0.769061 2 
-0.744172 0.512875 0.0280394 2 
0.676402 -0.669203 0.499607 2 
-0.0416551 0.177415 -0.0855548 2 
-0.192302 1.20837 -0.271861 2 
-0.151418 0.520149 0.107824 2 
-0.404893 0.183902 0.444314 2 
0.8323 -0.0213715 1.1338 2 
-0.218028 0.248035 0.265926 2 
0.345894 -0.259199 0.229769 2 
1.12679 -0.396209 1.50926 2 
-0.842233 0.454439 0.503744 2 
-1.1147 1.18275 -0.240713 2 
-0.411089 0.685379 0.587341 2 
0.461447 0.0518317 0.563261 2 
-0.43292 0.0119944 0.34464 2 
-0.0439918 -0.103285 0.523552 2 
0.993284 -0.411204 1.22942 2 
0.0786241 -0.25971 0.503656 2 
0.168528 -0.23311 0.484673 2 
-1.2639 0.993818 -0.619107 2 
0.29437 0.17014 0.505001 2 
-0.585777 1.14449 0.495171 2 
0.386777 -0.138985 0.307042 2 
-0.256785 0.491052 0.84153 2 
0.141857 0.347111 0.439598 2 
-0.538709 0.774779 0.11703 2 
0.29777 0.433099 1.03862 2 
-1.0405 0.292977 -0.0920752 2 
-0.295894 0.481804 1.08964 2 
0.0410567 0.159086 1.03412 2 
-0.774237 0.367186 0.25808 2 
-0.187908 -0.234292 0.266108 2 
-0.741479 0.486968 0.235505 2 
-0.949135 0.581485 0.515477 2 
-1.08399 1.08638 0.0047074 2 
-0.511821 0.471398 -0.3555 2 
-1.03342 1.13214 -0.0335876 2 
-0.776753 0.890162 0.00597742 2 
0.706478 0.0412714 0.839976 2 
-0.909237 0.821577 0.95596 2 
0.114783 0.750782 0.765404 2 
-0.251193 0.555068 -0.0797507 2 
0.777355 -0.613155 0.471585 2 
0.247878 0.182727 0.399441 2 
-1.11523 0.806451 -0.14455 2 
-1.32664 1.2088 -0.334453 2 
-0.322003 0.400094 0.0563361 2 
-0.781213 0.789251 -0.118904 2 
-0.836732 0.576376 -0.422639 2 
-0.844988 0.819902 -0.136508 2 
-0.0959437 0.622606 0.131948 2 
-0.380154 0.950772 0.274273 2 
-0.704392 0.883396 0.0542268 2 
-0.970581 0.996615 0.184336 2 
-0.135234 0.0927533 0.455077 2 
0.0745965 -0.354712 0.155246 2 
-0.145693 0.304133 0.640786 2 
-1.14808 0.9486 -0.255469 2 
0.10187 0.355195 -0.110272 2 
-0.200796 1.34698 0.646505 2 
-0.992205 0.869152 -0.179215 2 
-1.54517 1.22654 -1.05386 2 
-0.949714 0.910338 -0.246419 2 
0.443588 -0.590437 0.296523 2 
-0.461061 0.660251 0.278315 2 
-1.39956 1.81285 -0.238305 2 
-0.238162 0.730179 0.200774 2 
0.0254875 -0.0580955 0.29979 2 
0.686335 -0.0395817 0.625681 2 
-0.0869471 0.251524 0.074855 2 
-0.249992 1.05552 0.773781 2 
-0.425653 0.374351 0.538855 2 
0.293742 -0.129446 0.587906 2 
1.24404 -0.7702 0.499954 2 
-0.0907428 0.66284 -0.208812 2 
0.632279 0.0152602 0.663523 2 
0.259056 -0.853301 0.834574 2 
-0.706603 1.07031 0.0940024 2 
-1.60879 1.60637 -0.172438 2 
-1.00737 1.12066 0.0827959 2 
-1.40475 0.781939 -0.154986 2 
0.229281 -0.46468 0.512981 2 
0.134764 -0.522685 0.405418 2 
0.0986114 -0.699898 0.343811 2 
-1.43421 0.499415 -0.641635 2 
-1.14911 1.30157 -0.0233016 2 
-0.546555 0.0747777 -0.0747449 2 
-1.30318 0.985156 -0.198654 2 
-0.853226 0.498531 -0.198492 2 
0.196374 -0.195831 -0.0381215 2 
0.306623 -0.657474 -0.400268 2 
-0.822201 0.269151 -0.124984 2 
-0.928322 0.384692 0.210282 2 
-1.09796 0.498586 -0.291471 2 
-0.449966 0.393026 0.12933 2 
0.263585 -0.18013 0.217212 2 
-0.181837 0.696462 -0.102704 2 
-0.722767 0.593813 -0.490415 2 
0.433517 -0.356231 0.302684 2 
-0.916646 0.497542 -0.366854 2 
-0.973993 0.399547 -0.401701 2 
0.0566952 0.486916 0.165214 2 
-0.557631 0.268546 0.277067 2 
-0.453928 -0.0719815 -0.0842082 2 
-1.37587 0.819689 -1.34217 2 
0.14427 -0.439767 -0.137489 2 
-1.67304 1.45699 -1.33579 2 
-0.257528 0.465268 -0.438752 2 
-1.3343 1.64206 -0.808172 2 
-0.472737 0.510782 -0.312366 2 
-0.586467 0.590845 -0.406598 2 
0.37907 -0.0626176 -0.182783 2 
-0.61199 0.537103 -0.618946 2 
-0.860269 0.999924 -0.575654 2 
0.555329 -0.137846 0.42506 2 
-0.0201376 0.0527676 0.189085 2 
-0.690796 0.663 -0.222356 2 
0.0460118 0.31479 0.197912 2 
-0.362333 0.51847 0.248316 2 
1.03769 -0.267902 0.983598 2 
0.305766 0.269097 0.617249 2 
0.751288 -0.589651 0.719484 2 
0.64895 0.257408 0.525944 2 
0.425027 0.354823 0.698542 2 
-0.5431 0.494794 -0.335538 2 
-1.07389 0.855473 -0.720334 2 
-2.18467 1.36392 -1.51453 2 
-0.384462 -0.151275 -0.282641 2 
-0.971882 1.24579 -0.792771 2 
-1.00964 0.336761 -1.01246 2 
-1.42722 1.44427 -1.05338 2 
-0.979099 0.563374 -0.469652 2 
-0.164758 0.243416 0.100816 2 
-1.67894 1.11021 -1.37834 2 
-0.984371 0.125104 -1.07736 2 
-1.86908 1.37843 -1.25088 2 
-2.05665 1.0268 -1.77112 2 
-2.22477 1.55568 -1.73773 2 
-0.605339 -0.00529135 -0.248481 2 
-0.775856 0.811159 -0.575301 2 
-0.822717 0.801193 -0.869547 2 
-0.486369 -0.0896013 -0.0861536 2 
-0.83402 0.618197 -0.740762 2 
-0.400675 0.215317 -0.545084 2 
-0.73938 1.50128 -0.212305 2 
-1.12605 0.0992713 -0.828319 2 
-1.15683 0.986283 -0.720085 2 
-0.222568 0.0516979 -0.0856553 2 
1.32316 -1.10078 1.45719 2 
1.14948 -0.700323 0.822699 2 
-0.88107 0.593058 -1.0124 2 
-0.480705 0.389114 -0.610153 2 
0.332015 -0.275873 0.27566 2 
-0.354503 0.804512 -0.304865 2 
-0.310955 0.011995 -0.531426 2 
0.431557 -0.0273662 0.818337 2 
1.97836 -1.84295 1.66389 2 
0.0836968 -0.00366361 0.384643 2 
0.0285171 -0.220029 0.725821 2 
0.63647 -0.1003 0.615487 2 
-0.392225 0.83523 -0.143905 2 
0.74256 -0.867237 0.28903 2 
0.22871 0.427782 0.632496 2 
-0.172219 -0.155517 -0.657602 2 
0.614291 -0.240738 -0.268523 2 
-0.240925 0.131918 -0.379336 2 
-0.73811 1.19187 -0.938571 2 
-0.89122 1.15902 -0.491208 2 
0.433167 -0.754129 -0.291044 2 
-1.40555 1.9123 -0.0290818 2 
-0.379086 1.27965 -0.129149 2 
0.810127 -0.94487 0.525851 2 
-0.244468 -0.38511 -0.23689 2 
-1.25271 1.22136 -0.63176 2 
-0.288469 0.126028 -0.276243 2 
-0.851133 0.210937 -0.590543 2 
-1.52581 1.54034 -0.40548 2 
-1.16935 1.01304 -0.380053 2 
-1.29266 1.35172 -0.540691 2 
-1.24682 1.23561 -0.872778 2 
0.429176 -0.315977 0.435716 2 
-0.452075 0.425459 -0.400369 2 
0.0895323 0.361891 -0.0106178 2 
0.945094 -1.25474 0.0622871 2 
-0.22422 -0.44807 -0.385136 2 
0.753007 -0.982965 0.0806447 2 
-0.462387 -0.55909 -0.0500775 2 
-0.418111 -0.00639095 -0.645174 2 
-0.0262751 0.0361423 -0.23597 2 
-0.460396 0.154079 -1.13649 2 
0.918229 -0.471055 -0.158508 2 
0.159816 0.461214 -0.364038 2 
-0.280626 0.639631 -0.245767 2 
0.4048 -0.135088 -0.864556 2 
-0.207613 0.636725 0.130398 2 
-0.0191341 0.660855 0.188462 2 
1.72792 -1.18771 -0.267669 2 
-0.220949 -0.292027 -0.232906 2 
0.00293528 0.312097 0.0347201 2 
0.109663 -0.0422729 -0.228583 2 
-0.572136 0.778667 -0.110566 2 
-0.394225 0.440851 0.0589634 2 
-1.41347 0.691034 -0.663197 2 
-0.20839 0.266027 0.411723 2 
0.923899 -0.0367808 1.2637 2 
-0.2596 0.447358 -0.113995 2 
0.189433 0.0352084 0.445458 2 
0.435991 0.548084 -0.244966 2 
-0.868482 1.14359 -0.965342 2 
-0.802216 0.963815 -0.52567 2 
0.319295 0.654092 0.148993 2 
0.347313 -0.0954847 0.197421 2 
-0.19438 0.86074 -0.464069 2 
0.364189 0.335926 0.227235 2 
-0.0110689 0.384612 0.015122 2 
-0.00477763 0.287054 -0.150407 2 
0.580002 -0.266053 1.06466 2 
0.733559 -0.292688 0.806828 2 
-0.082564 0.256864 0.185359 2 
-0.0508392 -0.388323 0.264393 2 
0.340668 0.231105 0.415754 2 
0.339865 -0.113364 0.493103 2 
-0.998674 1.26569 -0.808725 2 
0.334323 -0.03929 0.766762 2 
0.923824 -0.687009 0.766051 2 
-0.0897803 -0.0277485 0.504109 2 
-0.0858827 -0.0603987 -0.0455969 2 
1.10502 -1.52118 0.771638 2 
0.777461 -0.852376 0.836414 2 
0.0785491 -0.583508 0.65797 2 
0.112099 -0.954283 0.4171 2 
0.859635 -0.667654 1.01853 2 
-0.384419 0.776637 -0.540078 2 
-0.505604 0.0744521 -0.320554 2 
-0.377588 0.412891 -0.13272 2 
-0.207605 0.250655 -0.185085 2 
-0.701332 0.268706 -0.503916 2 
-0.0579955 0.486776 -0.452135 2 
-0.802606 1.35398 -1.15742 2 
0.264919 0.289124 -0.110165 2 
-0.738913 0.346132 -0.595604 2 
-0.310665 0.501242 -0.317194 2 
-0.00367478 0.0772786 0.0745109 2 
0.353474 0.588757 -0.0569234 2 
0.263543 -0.833931 0.297309 2 
-0.140392 -0.00310136 0.161805 2 
0.0329301 -0.435547 0.448598 2 
0.479862 -0.314007 0.415284 2 
-0.051425 0.302655 0.0915792 2 
0.565287 -0.282301 0.809852 2 
0.157006 0.707388 0.245662 2 
0.434152 -0.464646 1.0658 2 
1.24528 -0.329283 0.708974 2 
1.02047 -0.772158 0.712538 2 
-0.854942 0.955186 -0.856228 2 
-0.332302 -0.101858 0.642162 2 
-1.12983 0.751185 -0.651978 2 
-0.424284 0.698723 -0.0101942 2 
-0.0937845 -0.0665416 -0.114852 2 
-0.0726821 0.221513 0.0230078 2 
0.851967 0.0283094 0.726877 2 
0.215588 -0.189787 0.03285 2 
-0.689168 -0.00851974 -0.351395 2 
0.332774 -0.605884 -0.363094 2 
-0.904743 0.415994 -0.380023 2 
-0.0267637 -0.0806469 -0.159873 2 
0.0520164 0.0744406 0.214102 2 
-2.27971 1.04706 -1.05911 2 
-1.90778 1.24109 -1.55754 2 
-0.226538 -0.246178 0.458087 2 
-0.916886 0.50123 -0.0724023 2 
-0.7441 0.125337 -0.0744557 2 
-1.61874 0.444967 -1.22105 2 
-0.396421 -0.434946 -0.361318 2 
-1.67688 0.68094 -1.01874 2 
-0.339137 0.159806 -0.611528 2 
-2.38493 1.21844 -1.62522 2 
-1.20677 0.545052 -0.592092 2 
-1.83703 0.891319 -1.11913 2 
-1.67891 0.90576 -0.804287 2 
-0.746471 0.266624 -0.485631 2 
0.381427 -0.248903 -0.433239 2 
0.600398 -0.345441 0.0660871 2 
-0.765775 0.380573 -0.720771 2 
-0.362659 0.678446 -0.347714 2 
-1.31241 0.729105 -1.04298 2 
-0.42735 0.408228 -0.0982416 2 
-1.19659 0.733473 -0.541791 2 
-0.430323 0.421106 -0.0483319 2 
-1.00606 0.7494 -0.452508 2 
-0.51242 0.782548 -0.306316 2 
-2.20073 1.39081 -1.04654 2 
-1.07725 0.316404 -0.281647 2 
-1.43985 0.429609 -0.928965 2 
-2.02897 0.802982 -1.34215 2 
-0.562945 0.356977 -0.0935933 2 
-0.939449 0.685814 -0.506767 2 
-1.81597 0.774949 -0.894378 2 
-0.450425 0.34059 -0.267309 2 
-1.12826 0.412946 -0.458421 2 
-2.32224 1.40899 -0.869401 2 
-2.40419 1.4152 -1.19442 2 
-0.772949 0.520043 -0.465456 2 
-0.912415 0.971247 -0.775859 2 
-1.55793 1.18525 -1.2831 2 
-1.43612 0.970924 -0.497146 2 
-2.02983 0.7406 -0.445638 2 
-0.283706 0.514595 -0.0603876 2 
-0.27021 1.04649 -0.197135 2 
-0.0328866 0.0503012 -0.356674 2 
-1.22775 0.744944 -0.81867 2 
-1.09641 1.11154 -0.820671 2 
-1.80976 0.996262 -0.901197 2 
-0.911222 0.795536 -0.46336 2 
-0.908831 0.594295 -0.797522 2 
-0.660101 -0.0615646 0.0307305 2 
-1.8296 0.59744 -0.892762 2 
-0.653809 0.336401 -0.360186 2 
-2.09412 0.924528 -1.10197 2 
-1.44269 1.04996 -0.798068 2 
-0.96696 0.491287 -0.996383 2 
-1.29301 0.299945 -0.85056 2 
-1.08833 0.636739 -1.05459 2 
-2.54494 0.917046 -1.34069 2 
-0.657141 0.67032 -0.15319 2 
-1.97293 0.912579 -0.970608 2 
-1.20112 1.02457 -0.893537 2 
-1.57749 0.858385 -0.893491 2 
-1.29153 0.175944 -0.280875 2 
-0.983925 0.605201 -0.276086 2 
-1.05589 0.913355 -0.74484 2 
0.213728 -0.370463 -0.156648 2 
-0.719443 0.365215 -0.343329 2 
-1.4954 0.83044 -0.939028 2 
-0.770514 0.330325 -0.290331 2 
-1.10957 0.883125 -0.481794 2 
-0.489344 0.730822 -0.108065 2 
-1.60278 0.674847 -0.671822 2 
-0.392781 0.344444 -0.388999 2 
-0.366236 0.657082 -0.0380538 2 
-2.08278 0.966036 -1.41114 2 
-1.82138 1.18229 -1.07312 2 
-0.802966 0.901705 -0.779967 2 
-0.660796 0.570406 -0.356825 2 
-0.576225 -0.026943 0.11949 2 
0.0455486 -0.552593 0.0935093 2 
-0.619829 0.419828 -0.160484 2 
-1.22051 0.711577 -0.50582 2 
-0.949428 0.576521 -0.673068 2 
-0.222491 0.275775 -0.0630066 2 
0.580693 -0.385332 1.2732 2 
-0.182644 0.619703 -0.0837517 2 
-0.734709 0.34901 0.29281 2 
-0.0962025 0.602542 -0.139375 2 
-0.576985 0.483853 -0.0617138 2 
0.160589 -0.296006 0.23253 2 
-0.356779 -0.127824 -0.163911 2 
-0.295366 0.45418 0.0795536 2 
0.215328 -0.516563 0.87619 2 
-0.62994 0.237512 -0.471027 2 
-0.280191 0.349336 0.371241 2 
-0.599198 0.546377 -0.89492 2 
0.27644 0.253271 0.46467 2 
0.213208 -0.255686 0.925047 2 
-0.107718 0.20543 -0.237649 2 
-0.0640499 0.0466406 0.199273 2 
0.218132 -0.378379 -0.00249656 2 
-0.156282 -0.423076 0.494571 2 
-0.368081 0.276237 -0.842062 2 
0.223903 -0.448905 0.432862 2 
-0.470683 -0.287115 -0.790216 2 
0.270123 -0.166996 0.175613 2 
-0.688728 0.311545 -0.468212 2 
0.0126998 -0.307578 0.350738 2 
-0.342118 -0.278436 0.129752 2 
1.36493 -1.41581 1.71431 2 
1.04812 -0.696939 0.778676 2 
0.00108761 -0.68032 0.455038 2 
-1.01187 0.338782 -1.00357 2 
-0.528345 -0.0392365 0.531605 2 
-1.53507 0.88436 -0.561812 2 
-0.979317 0.625739 -0.65748 2 
0.448415 -0.720813 1.12359 2 
-1.10767 0.570621 -0.843177 2 
-0.893788 0.284878 -0.241022 2 
-0.30686 0.476103 -0.328701 2 
-0.284694 -0.037432 0.114507 2 
0.354502 -0.457734 0.990189 2 
0.202363 -0.547509 0.529778 2 
-0.661294 0.702751 -0.42975 2 
-1.0877 0.820054 -0.993573 2 
-0.510357 0.668928 -0.806593 2 
0.300016 -0.123943 0.827824 2 
-0.179865 0.242113 -0.184564 2 
-0.801435 0.2325 0.346847 2 
-0.032501 0.00577048 0.646467 2 
-0.818672 0.576184 -0.28032 2 
-0.272665 0.259877 0.132585 2 
-0.045058 0.30769 0.185349 2 
-0.102381 -0.0751463 0.486113 2 
-0.819949 0.330489 -0.049041 2 
-0.204907 0.403072 -0.0738599 2 
-0.679135 0.123166 0.236185 2 
0.480876 -0.0292633 0.492924 2 
0.10027 -0.151655 0.482319 2 
-0.826072 0.553656 0.418104 2 
0.787056 -0.313967 0.674016 2 
-0.529608 0.181233 0.450648 2 
-0.130567 0.202502 0.433901 2 
0.0528722 0.042339 0.318807 2 
0.233328 0.239064 0.939816 2 
-0.876001 0.648138 -0.192569 2 
-0.643599 0.300563 -0.296385 2 
-0.393895 -0.144615 0.208117 2 
0.12976 0.159343 -0.159851 2 
-0.482519 0.368033 -1.13328 2 
-0.568342 0.010101 -1.25209 2 
-0.474155 -0.0530063 0.0390569 2 
-1.0653 0.749607 -0.842856 2 
-0.891441 0.706953 -0.39319 2 
-1.46721 0.535599 -0.648203 2 
-0.411341 0.109622 0.0908942 2 
-0.316635 0.148032 0.122836 2 
0.0372433 0.236211 -0.230964 2 
-0.741633 0.452193 -0.8775 2 
-0.245684 -0.154437 -0.112584 2 
-0.576644 0.0802787 -0.491426 2 
-0.834597 0.867909 -0.553344 2 
-0.18431 0.129129 -0.421936 2 
-0.695522 0.304623 -0.323585 2 
-1.32576 0.959727 -1.14224 2 
0.0663246 -0.0881454 -0.116302 2 
-0.31514 0.100667 0.0582688 2 
-0.807291 0.430798 -0.229999 2 
-0.74271 -0.339198 -0.288602 2 
-0.587576 0.126456 0.290754 2 
-0.884204 0.214164 -0.101871 2 
0.451176 -1.31834 0.64056 2 
-1.51567 0.568526 -0.235085 2 
-1.23859 0.952393 -0.827545 2 
-1.07341 0.560382 -0.682695 2 
-1.60827 0.86051 -0.448461 2 
-0.498658 0.34935 -0.125411 2 
-0.0117409 -0.218568 0.232902 2 
-0.438562 0.342956 -0.715473 2 
-0.165036 -0.168343 0.00798694 2 
-0.75836 0.263893 -0.196643 2 
-0.451015 0.287599 0.273629 2 
0.97625 -1.4994 1.77556 2 
-0.16702 0.0917175 0.527108 2 
-0.598671 0.602258 -0.30084 2 
0.38682 0.219706 0.598957 2 
-0.281232 -0.00791446 0.437784 2 
-0.000760524 -0.157611 0.303719 2 
-0.33022 0.245036 0.164624 2 
0.0453393 -0.0515509 0.620513 2 
-0.808801 0.194187 0.645349 2 
0.0531702 -0.236981 0.719552 2 
-1.73261 1.7996 -0.371745 2 
-1.88631 1.60452 -1.28237 2 
-0.621837 1.13545 -0.599798 2 
-0.637332 0.437243 -0.765601 2 
-0.751787 0.0281413 -0.65827 2 
-0.719273 -0.12816 -0.637771 2 
-0.272001 0.352902 -0.11187 2 
-0.81745 0.491091 0.0944597 2 
-0.612318 0.53889 -0.401236 2 
-0.265065 0.319545 -0.109305 2 
0.192869 -0.681168 -0.0328454 2 
-0.848292 0.318578 -0.522849 2 
-0.387871 0.220486 -0.610997 2 
-0.411756 0.437086 -0.183111 2 
0.471892 -0.410602 0.115619 2 
1.01532 -1.29767 1.22474 2 
-0.0407288 0.121433 -0.70776 2 
-0.427588 -0.284827 0.456535 2 
-0.201566 0.158093 -0.136284 2 
-0.0305073 -0.0436481 0.247969 2 
0.449424 0.137174 -0.581742 2 
0.501127 -0.0490556 -0.434558 2 
-0.746141 0.142668 -0.418832 2 
-0.654153 0.370607 -0.518378 2 
-0.127214 0.12972 -0.319702 2 
0.41383 -0.354528 -0.185881 2 
0.378762 -0.0977299 0.205626 2 
-0.252551 0.0260735 0.412297 2 
-0.779482 0.186139 -0.449354 2 
-0.0690267 -0.0628138 -0.199365 2 
-0.699302 0.119585 -0.240008 2 
0.448179 0.0586124 0.276146 2 
-0.810964 0.136025 -0.0110449 2 
-1.10103 0.409467 -0.224006 2 
0.179338 0.576234 0.169622 2 
-0.891581 0.0565045 -0.350311 2 
-0.337548 -0.447747 -0.188728 2 
-0.106374 0.246133 0.494376 2 
-1.14088 0.732978 -0.511213 2 
-0.904966 0.503599 0.210716 2 
-0.480879 -0.150559 0.776756 2 
-1.14663 0.958789 0.267005 2 
-0.246959 0.288772 -0.180088 2 
-0.394069 0.37375 0.544526 2 
-0.694079 0.546162 0.0353006 2 
-0.455616 0.147081 0.0337567 2 
-0.595228 -0.0704506 -0.205629 2 
-0.622932 0.874431 -0.154485 2 
-0.866906 0.971954 -0.646859 2 
-1.19181 1.27001 -0.346793 2 
-0.483022 -0.0421127 0.224006 2 
0.434682 0.036925 -0.208149 2 
-0.817565 0.329615 -0.244658 2 
0.356303 -0.0149669 0.224769 2 
-1.21435 0.855753 -0.403313 2 
-0.588001 -0.194187 0.0384388 2 
0.195852 -0.415193 0.438163 2 
0.598759 0.0869658 0.351067 2 
-0.193279 0.678856 -0.301365 2 
-0.985774 0.602976 -0.224438 2 
-0.136852 0.18652 0.0314825 2 
-0.514111 0.777604 -0.432861 2 
-0.670751 0.697857 -0.795196 2 
0.639254 -0.305331 0.00288444 2 
-0.50335 -0.0670414 -0.110397 2 
-0.758022 0.654421 -0.841562 2 
-0.0953362 0.509297 0.120038 2 
-0.0402513 0.256625 0.495229 2 
-0.276001 0.404923 -0.00942877 2 
0.156049 0.183137 -0.409874 2 
0.180554 -0.140648 0.150949 2 
-0.425881 0.137807 0.273189 2 
-1.02398 0.0192879 0.0336873 2 
-0.283221 0.356403 -0.0832359 2 
-0.589018 0.631424 -0.547172 2 
-0.759929 0.752151 -0.241907 2 
-0.946385 0.730623 -1.45801 2 
-0.71791 0.0955762 -0.122539 2 
-0.957817 1.02384 -0.956812 2 
-2.0095 0.936849 -0.962624 2 
-0.146977 0.207518 -0.170669 2 
-1.02837 0.453166 -0.643617 2 
-0.148271 0.0706772 -0.247286 2 
-0.724805 0.424604 -0.337644 2 
-1.35953 0.945893 -0.571099 2 
-0.860989 0.92151 -0.724984 2 
-0.759648 0.55454 -0.719171 2 
-1.35389 1.51557 -0.489257 2 
-0.337087 0.405703 0.141022 2 
-0.545374 0.491166 -0.276995 2 
-0.677021 0.372148 0.59546 2 
-0.600526 0.537219 0.299888 2 
-0.320429 0.101938 0.43159 2 
-0.938858 0.759086 -0.157568 2 
-0.927563 0.688958 -0.553685 2 
-0.218292 0.620521 0.170417 2 
-0.296265 0.210737 1.21135 2 
-0.701569 0.40162 -0.034523 2 
-0.348902 0.00550417 0.204819 2 
-0.40385 0.0615342 -0.216137 2 
-0.824509 0.00169419 -0.142308 2 
-0.30832 0.625645 0.223616 2 
-0.00100121 -0.139775 0.0559691 2 
-0.884349 0.659179 -0.0681685 2 
-0.726852 0.88831 -0.435064 2 
-0.504889 -0.265707 -0.442586 2 
-0.705897 0.582412 -0.132523 2 
-0.55135 0.736456 -0.422121 2 
0.279992 -0.242414 0.085566 2 
-0.446507 0.462662 0.534365 2 
1.14406 -0.158811 0.091916 2 
-0.73127 0.316037 -0.0073949 2 
-0.814762 0.429402 0.167339 2 
-0.374728 0.679107 0.290985 2 
-0.0160684 0.218163 0.557759 2 
0.175317 0.414029 0.101831 2 
0.758204 -0.330695 0.882429 2 
0.468637 -0.42527 0.124962 2 
-0.619965 1.25388 -0.162882 2 
0.577408 -0.35847 0.352497 2 
-0.481218 0.723159 0.23745 2 
-0.392613 0.503705 -0.135803 2 
-0.756082 0.456003 0.47088 2 
0.144399 -0.721282 0.744371 2 
0.179674 0.402393 0.720504 2 
0.635177 -0.117178 0.237434 2 
-0.555184 0.680978 -0.129592 2 
-0.0503431 0.0131287 -0.125614 2 
0.128408 -0.0304114 0.516163 2 
-0.355784 0.259289 0.83925 2 
0.238517 0.343508 0.524013 2 
-0.364965 0.015233 0.0687731 2 
-0.165411 0.443548 0.265891 2 
0.00171554 0.140442 0.0489209 2 
0.710585 -0.00407293 1.01312 2 
0.681711 -0.144543 0.583303 2 
0.958325 0.0926976 0.828605 2 
-0.485968 0.263844 0.236964 2 
-0.719554 0.571462 0.0956513 2 
-0.711107 0.300826 0.0367285 2 
-1.09477 1.21811 -0.0648432 2 
0.446129 -0.422219 0.266386 2 
-0.390736 0.545736 -0.43533 2 
0.330339 0.00200098 -0.169947 2 
0.0618065 -0.150353 0.783357 2 
0.847739 -0.728972 0.260684 2 
-0.354208 0.828344 0.369784 2 
-0.743302 0.197437 -0.207322 2 
0.203385 -0.9127 0.385494 2 
-0.016047 0.134032 0.0741854 2 
0.361766 -0.191836 0.63112 2 
0.140791 -0.260233 0.208686 2 
-0.0790569 0.168714 -0.107342 2 
-0.997724 0.362458 0.0286423 2 
-0.931016 0.210179 0.321048 2 
-0.385933 -0.0756025 -0.421659 2 
-1.16059 0.949071 -0.0158417 2 
0.154932 -0.489402 -0.141502 2 
-0.862259 0.293885 -0.529081 2 
-0.881597 0.689327 -0.118428 2 
-0.491155 0.53643 -0.393092 2 
0.86105 -0.907513 0.521704 2 
-0.608028 0.0830122 0.266179 2 
-0.703509 0.921822 -0.525448 2 
-0.334631 -0.0979447 0.0301316 2 
-0.971557 0.526154 -0.391175 2 
0.407847 -0.787534 0.432961 2 
-0.402304 0.3318 -0.4497 2 
-1.13118 1.03476 -0.487871 2 
-0.509239 0.680212 -0.0856232 2 
-0.362932 0.177632 -0.204043 2 
-0.473136 0.420449 0.164598 2 
-0.510913 0.148224 -0.102949 2 
-1.65561 0.791223 -0.12363 2 
-0.887119 0.820745 -0.590201 2 
-0.874811 1.08701 -0.511776 2 
-1.48072 1.00951 -0.888107 2 
-0.343003 0.678504 -0.0465952 2 
-0.667917 0.318156 -1.00249 2 
-0.645341 0.895364 -0.646763 2 
-0.622394 0.0800623 -0.725986 2 
-0.628786 0.252555 -0.466119 2 
-0.449792 0.444339 -0.416082 2 
-1.01581 0.98679 -0.621085 2 
0.00485694 -0.31971 -0.146011 2 
0.179098 -0.539553 0.310038 2 
-0.032078 -0.0839405 -0.261285 2 
0.251781 -0.31042 0.325321 2 
-0.610924 0.742696 -0.251478 2 
-0.329355 0.509084 -0.0328149 2 
-0.0309446 0.421587 0.072142 2 
-0.0851989 0.41793 0.030871 2 
-1.15026 1.01181 -0.615188 2 
-0.236462 0.493241 -0.28399 2 
0.182822 -0.269065 0.392507 2 
-0.650855 0.729819 -0.347028 2 
-0.0932739 -0.0708537 0.0646542 2 
-0.198072 0.285552 0.0144873 2 
0.0388201 -0.152903 0.0783112 2 
-1.40263 0.988758 -1.17537 2 
-0.201049 0.0719476 0.142463 2 
-0.478038 0.594345 -0.135447 2 
-0.86964 0.567311 0.191139 2 
-1.02857 1.00655 -0.538024 2 
-1.25402 0.825794 -0.377697 2 
0.0138102 -0.513777 0.472079 2 
-0.511528 0.273716 -0.693302 2 
-0.146285 0.143907 -0.103994 2 
-0.473696 0.156252 -0.0535895 2 
0.544887 -0.635073 0.554105 2 
-0.649577 -0.244058 0.0506401 2 
-1.46832 0.294952 -0.143623 2 
-0.841426 0.507936 -0.138682 2 
0.0393467 0.0412246 -0.16397 2 
-0.62626 0.304487 -0.292985 2 
-0.324204 0.323685 -0.00174059 2 
-0.464702 0.202742 -0.584707 2 
-0.445556 0.454514 -0.135074 2 
-0.555598 0.338682 -0.158958 2 
-2.13257 1.8751 -1.19897 2 
-0.191065 0.224406 0.160727 2 
-0.748053 0.743839 -0.13392 2 
-0.595092 -0.387957 -0.121027 2 
-0.125378 -0.140467 0.0537431 2 
-0.0564132 0.284791 -0.00324738 2 
-0.507186 0.646778 0.184524 2 
-0.0735823 -0.119156 0.485975 2 
-0.69176 0.601176 -0.0188061 2 
-1.04132 0.754931 -0.141434 2 
-0.639871 0.746778 -0.125943 2 
-1.23348 0.856248 -0.330011 2 
-0.168411 0.420268 0.543575 2 
0.199371 0.146796 0.0843791 2 
-0.178564 0.0668171 0.0956167 2 
-0.952209 0.543039 -0.386208 2 
-0.615532 1.12883 -0.0543455 2 
-1.54355 1.79485 -0.975152 2 
-1.23838 0.843679 -0.697529 2 
-0.733512 0.723809 -0.187382 2 
-0.247516 0.328519 0.379161 2 
-1.17941 0.696758 -0.685522 2 
-0.269294 0.404767 0.204402 2 
-0.577953 0.644073 -0.114815 2 
-0.306298 0.28022 0.0368073 2 
-0.753812 0.878225 -0.408644 2 
0.659954 0.00536354 0.0403403 2 
0.210532 -0.0827305 0.209972 2 
0.0447978 -0.164502 0.368266 2 
-0.879015 0.0526359 -0.0512542 2 
-0.75413 0.0943824 0.307954 2 
-0.794537 0.790988 -0.0902305 2 
-0.446036 -0.119284 0.24604 2 
-1.18005 0.659157 -0.335352 2 
-0.633051 0.502779 0.437661 2 
-0.260946 0.725952 0.753161 2 
-0.66137 0.825795 -0.108859 2 
-0.57846 0.198816 0.434948 2 
-0.936757 0.725054 -0.259943 2 
-1.2553 0.521948 -0.0325037 2 
-1.35377 0.678046 -0.415186 2 
-0.0797454 0.174902 0.156847 2 
-0.607395 0.357603 -0.0907044 2 
-0.790531 -0.0282228 0.102556 2 
-1.08671 0.382339 -0.44456 2 
-0.056545 0.0220431 0.721439 2 
-0.388831 0.485849 0.496988 2 
-1.80182 1.74554 -0.548181 2 
-0.777643 0.741256 -0.0476828 2 
-0.832947 0.365614 0.0419884 2 
-0.415403 0.617063 -0.50777 2 
-0.737945 0.0692062 -0.5133 2 
-0.313148 0.61904 0.291087 2 
-0.86899 0.594645 -0.381984 2 
0.366809 -0.118139 0.947602 2 
-1.35767 0.753231 -0.430137 2 
-1.15984 0.404615 -0.109641 2 
-1.66395 0.760343 -0.212078 2 
-0.758313 0.213881 -0.0117975 2 
0.20744 -0.332581 0.21537 2 
0.0527435 -0.454141 0.651982 2 
-0.238277 0.21359 -0.125684 2 
-0.693297 0.801154 -0.187697 2 
-1.56937 1.39379 -1.26702 2 
-1.98147 1.66938 -1.36609 2 
-1.32701 1.38399 -0.248796 2 
-1.74441 1.08509 -1.0053 2 
-0.422613 0.139024 0.328746 2 
-1.67845 0.56704 -0.41526 2 
-0.978847 0.802557 -0.143586 2 
-1.18471 1.01523 -0.100981 2 
0.601989 -0.0948052 0.279975 2 
0.0267551 0.0209231 -0.216894 2 
-0.793437 0.8609 -0.471575 2 
-0.122745 0.01156 0.254396 2 
-0.221064 0.114742 0.0740633 2 
-0.83532 0.374828 0.224953 2 
0.0724274 0.162077 0.497779 2 
-0.977058 1.15457 -0.577394 2 
-0.838172 0.873035 -0.585343 2 
-1.25052 0.843386 -0.301772 2 
0.0240918 -0.254021 0.38559 2 
-0.810225 -0.0909798 -0.136503 2 
-0.585659 0.458006 -0.170734 2 
-0.422322 -0.308852 0.403836 2 
-0.287108 0.198997 0.100245 2 
0.263882 -0.174826 0.324273 2 
0.0143468 -0.272019 0.616554 2 
-0.0484338 -0.0175447 -0.143356 2 
-0.816445 0.614701 -0.326176 2 
0.580379 0.148593 0.696025 2 
-1.01516 1.18941 -0.158728 2 
0.492196 -0.0657718 -0.20869 2 
0.866447 -1.15337 1.32533 2 
-0.598391 0.337257 -0.1841 2 
0.295529 0.464452 0.000633406 2 
0.275247 -0.513127 0.772105 2 
-0.449614 -0.444473 0.730992 2 
-0.313984 0.513289 -0.0809878 2 
-0.0601303 0.10702 0.481531 2 
-0.35519 0.417116 -0.182765 2 
-0.233977 0.436719 -0.603461 2 
0.147976 -0.150632 0.145998 2 
-0.307849 1.05182 -0.177738 2 
-0.314696 0.970222 -0.302227 2 
-1.32728 1.22316 -0.970424 2 
-1.27516 0.870199 -0.787826 2 
-0.0285317 0.0831092 -0.0723159 2 
-1.0148 1.02376 -0.787594 2 
-0.231717 0.762674 -0.240678 2 
0.188292 0.334447 -0.39673 2 
-1.39399 0.905551 -0.865214 2 
-0.324221 0.59232 -0.0507881 2 
-1.8128 1.41298 -0.984542 2 
-1.03128 0.554121 -0.436895 2 
0.52949 -0.306381 0.871739 2 
1.37024 -0.171889 0.494696 2 
1.09426 -0.521039 0.626507 2 
-0.342215 0.129176 -0.617448 2 
-0.534201 0.892865 -0.13395 2 
-0.338733 0.524487 -0.188076 2 
0.288661 0.597376 -0.236378 2 
0.714325 0.00702119 0.0326399 2 
0.11667 -0.179222 0.597521 2 
-1.10304 0.475665 -1.09683 2 
0.121175 -0.129653 0.261912 2 
0.216129 -0.0779987 0.139352 2 
0.385186 -0.174016 -1.60988 2 
-0.572689 -0.140548 -0.236659 2 
0.725825 -0.806714 1.05826 2 
-0.0683507 -0.1902 0.316816 2 
-0.0494861 -0.28657 1.10517 2 
0.774912 -0.550864 1.40966 2 
1.41971 -0.692586 2.627 2 
1.26029 -0.537103 2.60664 2 
0.902202 -0.647405 1.44703 2 
0.426896 -0.13973 0.814979 2 
0.817617 -0.268854 0.91428 2 
0.430845 -0.0854524 0.931954 2 
0.338793 -0.613446 0.51962 2 
-0.20198 -0.528776 0.855452 2 
0.723735 -0.173994 1.15651 2 
0.624666 -0.595843 0.371748 2 
0.754319 0.105922 0.645908 2 
0.530657 -0.100607 0.364889 2 
0.257957 0.40517 0.174468 2 
0.235182 -0.145243 0.00624996 2 
0.52126 -0.400989 1.6768 2 
-0.0325281 -0.0710581 0.158533 2 
0.35944 0.408659 0.203249 2 
0.990111 -0.241477 1.34372 2 
0.843303 0.256674 0.357111 2 
0.731837 -0.264859 1.00859 2 
1.601 -0.48222 2.56694 2 
0.550932 -0.490208 1.06997 2 
-0.339435 0.469765 0.432601 2 
1.43036 -0.790263 1.38167 2 
0.822357 -0.0888079 1.34213 2 
0.0979442 0.0967538 -0.421914 2 
-0.483357 -0.19573 -0.799345 2 
0.102922 0.26358 -1.10537 2 
0.202784 -0.359366 -0.137868 2 
-0.283263 0.239899 -0.913611 2 
0.261667 0.139747 0.0340422 2 
0.815935 -0.125622 0.28155 2 
-0.0357343 0.235099 -0.575108 2 
-0.486938 0.644795 -0.175147 2 
0.304021 0.237175 0.585863 2 
0.599351 -0.0817318 1.239 2 
-0.107738 0.829607 0.532076 2 
0.414319 0.748538 0.421777 2 
0.810688 0.185848 1.05948 2 
0.729309 -0.154114 0.556897 2 
1.10588 -0.566716 0.589863 2 
0.896111 -0.388234 0.417351 2 
1.73854 -0.673529 1.0372 2 
-0.341243 -0.181399 0.00185635 2 
-1.40723 0.702232 -2.06029 2 
-0.730107 0.0404998 -0.661287 2 
0.856735 -0.753794 0.360457 2 
-0.0630532 -0.240378 -0.165623 2 
-0.670761 0.383669 -0.427433 2 
-0.189765 0.403091 0.0124508 2 
0.147196 0.170903 0.833919 2 
0.0918726 -0.39437 1.17702 2 
-0.588148 -0.524507 0.270719 2 
-0.268414 -0.0825767 0.802417 2 
-1.04182 0.582854 -0.646893 2 
0.103757 0.0869308 0.331838 2 
-0.373028 -0.0518462 -0.507752 2 
-0.753853 0.564869 -1.25727 2 
0.503475 -0.673477 0.0922117 2 
-0.0186234 0.0364511 -0.261301 2 
-1.12015 0.234631 -0.971744 2 
0.271468 0.167912 -0.811965 2 
0.244448 -0.009833 0.680699 2 
-0.243882 0.366217 0.0406661 2 
0.0813427 -0.116698 0.813116 2 
-0.567783 0.872899 0.358096 2 
0.825826 0.0249879 -0.267832 2 
0.560319 -0.0154243 0.320975 2 
0.656737 -0.581991 0.398142 2 
0.248408 0.10449 -0.217472 2 
-0.219353 0.453557 0.471918 2 
-0.639501 0.700022 -1.04407 2 
-0.149988 -0.417004 -0.366356 2 
0.179944 0.101341 1.03095 2 
0.577849 -0.169451 1.88117 2 
0.340475 -0.134068 -0.312693 2 
-0.478615 0.533153 -0.466847 2 
0.42098 0.122724 1.78734 2 
0.488527 0.243227 -0.379756 2 
0.668092 -0.935201 1.19447 2 
0.525548 -0.574357 0.278456 2 
0.454213 0.750925 -0.240403 2 
0.266362 0.929923 -0.30788 2 
-0.128633 0.100819 0.0928472 2 
-0.116051 0.409392 -1.02191 2 
0.975044 -0.733016 0.896517 2 
0.491348 0.106013 1.43619 2 
0.28716 -0.210912 -0.0809373 2 
-0.629691 0.639226 -1.15163 2 
-0.471664 1.37832 -0.690339 2 
-0.154641 0.0666411 -0.708501 2 
0.676358 -0.530943 1.08459 2 
0.83028 -0.546095 1.25058 2 
0.0771443 0.133351 -0.00255826 2 
0.643985 -0.0636105 0.393727 2 
0.407323 -0.199082 0.783907 2 
0.023202 -0.417794 -0.75232 2 
0.791802 -0.420025 0.711548 2 
-0.325125 -0.22047 0.431449 2 
0.825303 -0.469962 1.08324 2 
0.379315 -0.158116 0.700187 2 
0.519109 0.303588 -0.35655 2 
0.347725 0.382844 -0.40799 2 
-0.263647 0.0763299 0.854295 2 
0.601145 -0.154612 0.744611 2 
0.862378 -0.366701 -0.00827106 2 
-0.717886 0.401201 -1.36634 2 
0.379392 0.321851 0.277593 2 
0.309623 0.0951771 0.165144 2 
0.36946 0.234756 0.0417586 2 
1.33143 -0.712694 0.935076 2 
0.638609 -0.328053 1.07411 2 
0.293437 -0.119346 0.344344 2 
0.524227 0.0559609 0.250199 2 
0.411813 0.387157 0.414971 2 
1.73368 -0.425975 0.846884 2 
2.1584 -0.345208 1.82408 2 
1.02845 -0.210402 -0.359192 2 
0.276434 0.252381 0.875606 2 
-0.0948618 0.374176 -0.833334 2 
0.336144 -0.18728 0.229406 2 
-0.463936 0.327151 -1.92539 2 
0.394628 -0.00874333 -0.337823 2 
-0.0171225 -0.136751 0.576507 2 
0.545523 0.150767 0.709423 2 
0.662845 0.506231 0.971294 2 
-0.0746386 0.696791 0.335702 2 
0.757291 0.0544593 0.120527 2 
1.16944 -0.547141 0.0796211 2 
0.868456 -0.278416 0.480909 2 
-0.202406 0.650036 -0.650925 2 
0.873069 0.263159 0.29524 2 
0.63835 0.397347 0.500563 2 
0.533359 0.137236 -0.633125 2 
0.179879 0.290319 -0.153675 2 
0.729641 -0.00641631 -0.341084 2 
1.46746 -0.803785 -0.481765 2 
0.763102 -0.21003 0.645297 2 
-0.215835 1.04797 0.836495 2 
-0.207775 0.27295 0.0301918 2 
0.207517 -0.0651982 -0.367708 2 
1.18163 -0.484424 0.555173 2 
0.430447 0.124856 0.393584 2 
0.785889 -0.412524 1.37989 2 
0.248565 0.412232 0.596811 2 
0.116697 0.253695 0.3898 2 
1.34932 -0.405345 1.51899 2 
0.89154 0.0325576 0.149231 2 
-0.033355 0.0821 0.755521 2 
0.779238 -0.228141 1.0481 2 
0.857132 -0.21609 1.12996 2 
0.587386 0.142784 0.6166 2 
1.43065 -0.336047 1.48487 2 
0.990254 -0.129489 0.958018 2 
0.57615 -0.152873 0.302717 2 
1.39475 -0.634831 0.951195 2 
0.401397 -0.334356 0.293817 2 
0.118351 0.0178121 -0.233859 2 
1.38066 -0.589948 0.676614 2 
0.667627 -0.195715 0.747678 2 
0.793076 0.106288 1.05693 2 
1.1498 -0.19757 0.714736 2 
1.25337 0.294334 0.935803 2 
1.41112 0.0175782 0.782339 2 
0.613271 0.0202678 0.57477 2 
0.479426 -0.181476 0.293541 2 
1.33453 -0.446368 0.977714 2 
0.374186 0.541375 -0.0757239 2 
1.15527 -0.640176 0.8977 2 
1.70532 -0.688166 0.971992 2 
0.433907 -0.0977243 0.816374 2 
-0.156175 0.455373 0.611243 2 
0.171085 0.650969 0.146411 2 
1.3483 -0.287467 1.09368 2 
0.922822 -0.630935 0.69057 2 
-1.8914 1.85549 -0.851932 2 
-2.29806 2.11509 -1.19721 2 
-1.13798 1.00579 -0.653809 2 
-1.42843 0.877694 -0.678398 2 
-0.776067 1.24225 -0.490983 2 
-0.502973 0.837683 -0.363231 2 
-2.32188 1.42846 -0.992001 2 
-2.0585 0.938662 -0.935997 2 
-1.29095 1.27926 -0.771154 2 
-0.996795 0.908747 -0.608952 2 
-1.05032 1.01974 -0.408913 2 
-1.60145 1.07462 -0.57711 2 
-1.22667 0.453086 -0.257157 2 
-1.09329 0.564504 -0.481591 2 
0.303866 0.149751 0.4554 2 
-1.4123 0.752415 -0.40486 2 
-1.04653 0.452771 0.237179 2 
-0.712892 0.574925 0.241145 2 
-0.728963 0.949459 -0.261795 2 
-1.53353 0.707273 -0.653273 2 
-0.727042 0.40804 -0.291821 2 
-1.94357 1.27476 -0.767773 2 
-1.41412 0.421921 -0.533435 2 
-1.81205 1.38174 -0.784415 2 
-1.28407 1.10531 -0.103498 2 
-0.785091 0.399827 0.0175801 2 
-1.13214 0.82032 -0.82515 2 
-2.62534 1.25768 -1.68665 2 
-1.40758 0.780949 -0.943978 2 
-0.727318 0.497877 -0.400125 2 
-0.828267 1.23553 0.0491865 2 
-1.12949 1.09994 -0.493401 2 
-1.70335 0.662162 -0.956808 2 
-1.76329 1.29369 -1.23043 2 
-0.278216 0.200413 -0.552505 2 
-1.46855 1.54408 -0.638633 2 
-1.32426 0.666073 -0.77179 2 
0.502788 0.140921 0.441033 2 
0.579348 0.0737149 0.26741 2 
-0.48741 0.911768 -0.423637 2 
-1.20737 1.68689 -0.495594 2 
-0.758837 1.55629 -0.781111 2 
0.087773 0.501468 -0.246175 2 
-1.29756 1.60521 -0.939583 2 
-0.149591 0.479194 -0.273544 2 
-1.04243 0.422545 -0.319315 2 
0.0113285 0.914977 -0.110183 2 
-0.357213 1.07807 -0.0237823 2 
-0.300586 0.678444 -0.431452 2 
-0.395037 1.09577 -0.306845 2 
-0.705803 1.10683 -0.631607 2 
-1.11361 1.35128 -1.21036 2 
-0.094615 0.717269 -0.0828863 2 
-0.113196 0.907546 -0.442844 2 
-1.11622 1.34224 -0.570331 2 
-1.42979 1.07909 -0.999794 2 
-1.50645 1.1568 -0.731256 2 
-1.634 1.25297 -1.21121 2 
-1.97835 2.16285 -1.58268 2 
-1.00063 0.937304 -1.03494 2 
-0.940839 1.30157 -1.176 2 
-0.244843 0.39341 -0.54316 2 
-1.64535 1.62868 -0.956292 2 
-1.21581 0.470818 -0.504467 2 
-1.14029 1.10701 -0.61018 2 
-1.77619 1.21634 -0.961528 2 
-2.11867 1.514 -1.22184 2 
-1.78667 1.51135 -1.12218 2 
-0.753432 -0.0887383 -0.298022 2 
-1.5697 1.57236 -1.11736 2 
-1.97133 2.18218 -1.529 2 
-1.96207 1.85431 -1.35145 2 
-0.963195 0.464662 -0.457719 2 
-1.32163 0.911802 -0.533271 2 
-1.53704 0.393614 -0.261064 2 
-1.27866 0.968584 -1.1038 2 
-1.98439 0.933482 -1.27323 2 
-1.6692 1.51277 -1.08617 2 
-0.91055 0.210383 -0.573937 2 
-0.623883 0.393264 -0.360095 2 
-0.199551 0.621055 -0.134115 2 
-0.998963 0.776416 -0.699529 2 
-1.51672 0.898362 -1.09367 2 
-0.662758 1.27562 -0.725077 2 
-1.05479 1.00001 -0.815764 2 
-1.45467 1.30006 -1.18388 2 
-1.09203 0.160796 -0.883359 2 
-0.947031 0.975936 -1.07153 2 
-0.849318 0.860893 -0.904323 2 
0.658536 -0.0979503 0.193878 2 
-0.194313 0.252393 -0.233646 2 
-2.50936 1.66961 -1.1913 2 
-1.10942 0.225995 -0.898487 2 
-1.30412 1.1342 -0.637553 2 
0.165772 0.789308 -0.127046 2 
0.347418 -0.0297256 0.0460187 2 
0.211347 -0.0855205 0.0398701 2 
-0.00392948 0.377678 -0.0445589 2 
0.582633 -0.405319 0.771904 2 
-0.146668 0.133027 0.34941 2 
-1.16554 0.970323 -0.619863 2 
-0.612966 1.00762 -0.506537 2 
-0.285342 0.187278 -0.274799 2 
0.47414 -0.259515 0.475982 2 
-1.5705 1.34375 -0.910884 2 
-1.48335 1.29138 -0.659105 2 
-0.62819 0.761139 -0.0068691 2 
0.245663 0.384414 0.1836 2 
-0.309327 0.425973 -0.385509 2 
-0.955159 0.729063 -0.636578 2 
-0.95941 1.13609 -0.341952 2 
-0.955026 0.992255 -0.302158 2 
-1.23626 0.626573 -1.21298 2 
-1.25944 0.446725 -0.764926 2 
-1.07882 1.01058 -0.596729 2 
-0.779114 0.502339 -0.897299 2 
-2.16693 1.43348 -1.01349 2 
-1.92716 0.802201 -1.14708 2 
-1.97152 0.533123 -1.05357 2 
-1.24237 0.45647 -0.450356 2 
-0.997656 0.648288 -0.842513 2 
-2.50747 1.46501 -1.87086 2 
-1.64249 0.863678 -1.14084 2 
-1.12222 0.984726 -1.10239 2 
-1.31616 0.511444 -1.16083 2 
-0.998776 0.72737 -1.42102 2 
-2.177 1.03117 -2.05185 2 
-0.712779 0.648982 -0.225279 2 
-1.34575 1.1135 -0.437161 2 
-1.17199 1.24053 -0.308949 2 
-0.571231 0.945052 0.0470824 2 
0.675546 0.271802 0.686227 2 
0.988682 -0.314445 0.505994 2 
-0.794967 0.664622 -0.155681 2 
-1.93432 1.2863 -0.918552 2 
-1.09296 0.361428 -0.185272 2 
-0.429404 -0.0929262 -0.0416441 2 
-0.149755 -0.0867973 -0.0934516 2 
-0.0632641 -0.0907928 -0.256306 2 
-0.00292139 -0.222873 0.315853 2 
0.421812 0.108659 0.165443 2 
-0.773986 1.00933 -0.379954 2 
-0.709047 0.71356 -0.0120118 2 
0.472931 -0.360725 0.557488 2 
0.247315 0.209426 0.773132 2 
-1.06001 1.05342 0.0493613 2 
-0.381207 0.623962 0.195563 2 
1.05163 -0.245045 0.811446 2 
0.206369 -0.232727 0.385443 2 
-0.426454 0.630193 0.415674 2 
-0.23955 -0.224762 0.444742 2 
1.34733 -1.00366 0.953068 2 
0.734745 -0.481455 0.812196 2 
-0.607958 0.477346 0.21299 2 
-1.47501 0.825038 0.101819 2 
-0.835018 0.551578 0.0743925 2 
0.703843 0.260281 -0.00328849 2 
-0.100792 0.645976 0.317893 2 
0.504504 0.556665 0.398431 2 
0.406228 0.726368 0.509217 2 
0.344582 0.879517 0.49942 2 
0.729518 0.246456 0.427581 2 
-0.19158 0.158023 0.331777 2 
-0.503008 0.620191 0.206484 2 
-1.07342 1.53408 -1.26686 2 
-1.067 1.0387 -1.29324 2 
-0.874438 0.807538 -0.608038 2 
-1.37488 1.28421 -0.397789 2 
-0.435325 0.885906 -0.469104 2 
-0.55738 0.860976 -0.0846856 2 
-0.659425 1.06532 -0.674381 2 
-2.55167 2.5902 -3.43852 2 
-1.30458 2.59538 -2.80817 2 
-1.52814 2.06053 -1.45219 2 
-1.45009 2.07301 -1.71756 2 
-0.605082 1.28011 -0.387256 2 
-0.243014 0.136981 0.160087 2 
0.20153 0.449805 0.686063 2 
-0.19629 0.418448 -0.853704 2 
-0.884313 1.17746 0.212826 2 
-0.721379 1.1105 -0.532101 2 
-0.751798 1.23926 -0.250751 2 
-0.524678 1.11568 0.031664 2 
-0.620093 0.756367 -0.466554 2 
-0.627257 0.587782 0.745616 2 
-1.11022 1.30419 -0.526931 2 
0.848959 -0.695849 2.02182 2 
-1.0804 1.68688 -0.590612 2 
0.703503 -0.0562228 0.526069 2 
-0.47212 1.39388 -0.93505 2 
0.0837463 0.383923 0.371528 2 
0.682201 -0.16379 0.635198 2 
-0.113047 0.366307 -0.237355 2 
0.356002 -0.0394294 0.149675 2 
0.349055 0.620249 -0.596841 2 
-0.289164 0.584807 0.467746 2 
-0.434722 0.890591 -0.335854 2 
-1.03893 1.21154 -0.77324 2 
0.0788721 0.884337 -0.492071 2 
0.0841839 1.639 0.240938 2 
-0.00674751 0.622595 0.0177236 2 
0.108204 -0.39897 1.33468 2 
0.0300868 0.119881 0.250035 2 
0.0418687 0.594609 0.305809 2 
-0.461371 0.389201 0.841 2 
0.237351 0.273867 0.423796 2 
-0.254526 0.248306 -0.0786821 2 
0.0932841 0.904513 0.122054 2 
-0.55218 0.951012 -0.464975 2 
-0.410759 0.370818 0.46569 2 
0.660847 -0.0927855 1.54855 2 
-1.23984 1.0202 -0.122623 2 
0.0140826 0.545559 0.500739 2 
-0.511176 0.539042 -0.0392124 2 
-0.427285 1.1897 -0.910801 2 
-0.0414973 0.657068 0.115092 2 
0.117865 1.21418 -1.06475 2 
0.553717 0.658966 0.0837038 2 
0.334441 0.361912 -0.122474 2 
-0.124097 0.656631 -0.275823 2 
-0.30803 0.230133 -0.0416218 2 
-0.0815741 0.229923 0.37173 2 
-0.293892 0.514486 -0.781236 2 
0.431999 0.807377 0.150363 2 
-0.288557 0.342649 -0.0102855 2 
-0.35261 0.598716 0.228042 2 
-0.915907 1.56281 -1.10689 2 
-0.688561 1.30798 -1.10304 2 
-0.363998 0.226798 -0.638114 2 
0.113835 0.392965 0.424041 2 
0.362593 0.640262 -0.673486 2 
-0.966468 1.2725 -1.49229 2 
-0.644761 0.609059 0.468976 2 
-0.320502 0.790157 0.289649 2 
0.855955 0.0488179 0.0134203 2 
-0.221374 0.619252 -0.344955 2 
-0.848152 0.614354 -0.714838 2 
-1.15791 0.302297 -0.693341 2 
0.385043 0.636423 0.17631 2 
0.369176 0.467498 0.112607 2 
0.214777 -0.421099 -0.144117 2 
0.628513 1.05512 0.227735 2 
-0.563298 0.580587 -0.490363 2 
0.0958528 0.429006 -0.0175071 2 
0.603437 0.0388427 0.581027 2 
-0.100586 0.23368 0.084833 2 
0.70585 0.537764 0.604121 2 
-0.778211 0.287787 -0.375526 2 
-0.581368 0.672648 -0.307024 2 
-0.569033 0.0401358 -0.259857 2 
-1.0964 0.250196 -0.45161 2 
0.109495 -0.0275539 0.737614 2 
-0.797769 0.224648 -0.386732 2 
-0.88412 1.3327 -0.487914 2 
0.628942 0.28452 0.606816 2 
-0.811731 0.681329 -0.449042 2 
0.0992455 0.64066 0.223958 2 
-0.883637 0.737971 -0.748408 2 
-0.415458 0.471876 0.430061 2 
-1.29127 0.70794 -1.12756 2 
-1.80043 0.769152 -0.971279 2 
0.448479 0.410322 0.544629 2 
-0.369766 1.25791 -0.439793 2 
0.103619 0.163437 -0.0500821 2 
-0.290849 0.112788 0.202876 2 
-0.231602 0.108581 0.206061 2 
0.400905 -0.311671 0.742051 2 
-0.153092 0.342048 0.252568 2 
-1.03491 0.785202 -0.161027 2 
0.292546 0.0397108 0.782707 2 
-0.80277 0.816048 0.0170306 2 
0.319949 0.411906 0.367108 2 
-1.05713 0.484523 -0.093203 2 
-1.13341 0.481879 -0.0356445 2 
-0.373832 0.520595 -0.87358 2 
0.0676162 0.237989 0.338762 2 
-0.804367 -0.330912 -0.48821 2 
-1.09386 1.24743 -0.527377 2 
-0.875611 0.593816 -0.452114 2 
0.17839 0.379948 -0.0166584 2 
-0.853457 0.0762916 -0.330458 2 
-1.05105 0.128277 -0.0819608 2 
-0.813298 0.470635 -0.207295 2 
-0.111983 0.15495 -0.12921 2 
-0.929244 0.63517 -0.714868 2 
-0.715016 0.748183 -0.674439 2 
-0.570684 -0.0470961 -0.292169 2 
0.403679 -0.0860063 0.556556 2 
0.0817967 -0.11361 0.653119 2 
0.779748 0.289727 0.324692 2 
-0.521893 -0.0538683 0.107922 2 
-0.64646 1.03693 -0.090694 2 
-0.379457 0.548505 0.215903 2 
-0.123705 -0.065949 0.272925 2 
-0.377883 0.00898063 0.980768 2 
0.758023 0.603186 0.850258 2 
0.214201 -0.227723 0.744171 2 
-1.12424 1.22858 -0.404186 2 
0.392306 0.509065 0.477288 2 
0.290073 -0.00885879 0.686341 2 
-0.56895 0.134701 -0.0679515 2 
-0.856419 0.45742 -0.308689 2 
-0.883645 0.470251 -0.018817 2 
-0.824598 1.46052 -0.828111 2 
0.132197 0.249325 0.416229 2 
-0.564835 0.199222 -0.206419 2 
-0.0799368 0.624415 0.336644 2 
-0.206033 0.430157 0.158084 2 
0.163238 -0.236299 0.491448 2 
0.212247 0.305243 0.151994 2 
-0.873119 0.5005 -0.017221 2 
-0.536114 0.956228 -0.565425 2 
-1.81732 1.20755 -1.05386 2 
-1.86706 0.985922 -1.28413 2 
-0.723713 0.413858 -0.523398 2 
-1.72791 0.482477 -1.5364 2 
-0.927237 0.260092 -0.230451 2 
-0.90047 0.510896 -0.145483 2 
-1.39131 0.866544 -0.503335 2 
-0.906677 0.882509 -0.0412991 2 
-0.437649 0.317626 0.105464 2 
-0.213384 -0.0577973 0.0474361 2 
0.0171231 0.405476 0.0868868 2 
-1.49664 0.786258 -0.659528 2 
-0.577989 1.12488 0.0112212 2 
-1.35029 1.35307 -0.534258 2 
-0.594225 0.617949 0.0206439 2 
-0.08769 0.664768 -0.042741 2 
-0.456355 0.272335 -0.0846129 2 
-1.32633 0.52365 -0.334418 2 
-1.36851 0.545797 -0.363288 2 
-0.724047 0.894014 -0.113555 2 
-0.756508 0.988084 0.0460104 2 
-0.485799 0.70105 -0.185752 2 
0.00377945 -0.0247466 -0.218958 2 
0.0544004 -0.737129 0.0425346 2 
-0.0741859 0.323035 0.130032 2 
-2.45345 1.79791 -1.41632 2 
-0.635781 0.818022 -0.115885 2 
-1.06085 0.0205672 0.0231107 2 
-0.645194 0.884001 -0.137832 2 
-0.318383 0.131394 -0.143253 2 
-0.47509 0.30745 -0.26632 2 
-0.964525 0.452279 -0.48331 2 
-1.00018 0.838785 -0.108794 2 
-1.92725 0.760008 -0.634981 2 
-0.430978 0.610112 0.0202665 2 
-1.1237 0.697734 0.032407 2 
-0.904025 1.05343 -0.541895 2 
-0.633169 1.0253 -0.173911 2 
-1.7718 1.25111 -1.07419 2 
-2.65929 1.53124 -1.62433 2 
-0.657003 1.04706 -0.446275 2 
-1.4527 1.19077 -0.455957 2 
-2.08566 1.40323 -0.878195 2 
-1.99802 1.53195 -0.824505 2 
-1.47612 1.18405 -0.427176 2 
-0.69041 0.228675 0.232873 2 
-1.68579 1.317 -0.682329 2 
-0.670461 0.583524 -0.713587 2 
-0.628423 0.613698 -0.249262 2 
-0.553835 0.344504 0.181817 2 
-0.774643 0.719477 -0.375056 2 
-1.23969 1.27811 -0.814394 2 
-0.973918 0.110471 -0.783057 2 
-0.095673 0.430446 0.04528 2 
-1.48515 1.18586 -1.26953 2 
-1.47848 1.45623 -0.865404 2 
-2.02763 1.78762 -1.10856 2 
-1.05094 1.02616 -0.556934 2 
-1.49401 1.45971 -0.694552 2 
-0.803721 0.533318 -0.31763 2 
-0.292173 0.597471 0.538686 2 
0.180391 0.454337 0.574079 2 
-0.914187 0.623177 -0.46031 2 
-0.991998 0.993144 -0.202969 2 
-0.904326 0.463662 0.112125 2 
-1.63982 1.0727 -0.809516 2 
-1.81451 1.18282 -1.06162 2 
-0.996012 1.02255 -0.291075 2 
-0.834951 0.710232 -0.299331 2 
-1.26466 1.339 -0.497481 2 
-0.75795 0.719912 0.139115 2 
-0.219775 0.660734 0.0787879 2 
-0.564797 0.809702 -0.175831 2 
-1.39816 1.33946 -0.397142 2 
-0.844014 0.895907 -0.196164 2 
-2.58837 1.81063 -1.11027 2 
-0.793347 -0.014866 0.296887 2 
-0.334586 0.579434 -0.2191 2 
-0.556128 0.32195 -0.491761 2 
-1.22334 0.814357 -0.187257 2 
-1.86634 1.21512 -0.999226 2 
-0.0891471 0.312472 0.690865 2 
-1.29981 1.30341 -0.239988 2 
-0.759161 0.432787 0.0338503 2 
-0.429616 0.456904 0.298431 2 
-1.03928 1.14626 -0.466456 2 
0.454478 0.370054 0.409602 2 
-0.333725 0.406778 -0.295993 2 
-0.917321 0.675216 0.0283861 2 
0.287385 -0.503285 0.637786 2 
0.307365 -0.125655 0.352615 2 
-0.23287 0.81479 -0.551685 2 
-1.34972 1.2756 -0.203051 2 
-1.02296 1.48064 -0.0956398 2 
0.585852 -0.217864 0.280632 2 
-0.80085 0.823389 -0.465401 2 
-0.419448 0.373394 -0.339025 2 
-0.55144 0.605505 -0.715392 2 
-0.390932 0.188425 -0.720215 2 
-1.75174 1.72404 -0.938775 2 
-0.609651 1.1055 -0.330659 2 
0.018364 0.928434 -0.156833 2 
0.683728 -0.0192391 0.33052 2 
-1.35996 0.356075 -0.633279 2 
0.284327 -0.523321 -0.324739 2 
-0.229632 0.428031 -0.20913 2 
-1.82114 0.833432 -0.282402 2 
-0.433041 0.404031 0.531855 2 
0.258923 -0.0644644 0.299361 2 
0.332245 -0.406276 0.561259 2 
-0.00226451 -0.105831 0.23839 2 
-1.04607 1.4359 -0.991872 2 
-0.426885 0.110576 0.528563 2 
0.0929012 0.525698 -0.194313 2 
-0.405168 0.0807459 -0.308042 2 
0.255202 -0.0161124 0.532998 2 
-0.853057 0.451809 -0.27599 2 
0.531803 -0.568257 0.0587008 2 
-0.100852 0.782479 0.26015 2 
-0.3257 1.22765 -0.14638 2 
0.212312 -0.26742 -0.0363092 2 
-0.0567017 -0.360856 0.503283 2 
-0.320785 0.869365 0.0559241 2 
-0.305593 -0.00634684 -0.308119 2 
-0.677051 0.643696 -0.569707 2 
-0.363415 -0.00772882 0.014156 2 
-1.01952 0.859245 -0.142967 2 
-0.611905 0.741395 0.00920347 2 
-0.876641 0.107181 -0.446515 2 
-0.0468167 -0.408788 0.0583726 2 
-0.237385 0.158669 0.330794 2 
0.587334 -0.177721 0.538796 2 
0.070795 0.329807 0.406013 2 
-0.873631 0.144717 0.337899 2 
-1.32892 0.0621255 -0.12816 2 
0.203672 -0.278926 0.758011 2 
-1.19104 0.653814 0.483335 2 
-0.486489 0.692655 0.0871624 2 
1.05506 -0.221621 0.170866 2 
-0.980245 0.572063 0.168078 2 
-0.268879 0.399385 0.1531 2 
-0.190272 0.157134 0.152465 2 
0.49184 0.408409 0.0756065 2 
0.519736 -0.269726 0.737253 2 
-0.224148 0.16046 0.313651 2 
1.63236 -0.601244 0.521764 2 
-0.354161 0.731413 0.129139 2 
0.15045 0.275603 0.480761 2 
-1.88038 0.740616 -0.195422 2 
0.777312 0.0464103 0.377455 2 
-0.143215 0.837855 0.479298 2 
0.114629 0.213281 0.139515 2 
-0.906198 0.910539 -0.726959 2 
-1.08944 0.830918 -0.281242 2 
-0.213001 0.145966 0.0860773 2 
-0.0950165 0.148092 0.0851849 2 
-0.695041 0.436153 0.0215458 2 
-0.745318 0.395343 0.0181709 2 
-0.0564281 0.0478026 0.240981 2 
-0.102356 -0.0325902 -0.0584092 2 
-0.4272 0.666059 -0.00497291 2 
0.147958 0.279161 -0.0109283 2 
-0.300689 0.731315 0.0751349 2 
-1.1422 0.851646 -0.255958 2 
0.445158 -0.176859 0.163575 2 
0.325876 0.522761 0.278323 2 
-1.14761 0.769037 0.120094 2 
-1.64555 1.51032 -0.254811 2 
0.489911 -0.345246 0.193904 2 
1.07011 -0.47251 0.743674 2 
-0.165323 -0.281685 0.0604033 2 
-0.314631 0.442545 0.404891 2 
-0.0235542 -0.0874726 -0.29318 2 
-2.07415 1.13911 -0.218067 2 
-0.746467 -0.285441 0.340752 2 
-0.0414106 -0.0377594 0.450329 2 
0.549807 -0.305605 0.985265 2 
-1.46332 0.904425 -0.212676 2 
-0.0280963 0.28572 0.257772 2 
-0.15412 0.146763 -0.00388996 2 
-0.399487 0.384263 -0.792024 2 
-0.113175 0.356688 0.10631 2 
0.25019 0.157681 0.182328 2 
-0.277231 0.56974 0.352995 2 
0.075012 0.345378 0.0617101 2 
-0.760721 0.585883 0.049592 2 
0.336315 -0.00741057 0.574725 2 
-0.533658 -0.245805 -0.00451806 2 
-0.901924 0.788436 -0.780432 2 
1.44234 0.0275847 0.498033 2 
0.60916 0.342527 0.798199 2 
0.593342 0.665277 -0.0659488 2 
-1.47896 1.1038 -0.315729 2 
-0.500112 0.315554 -0.0735783 2 
0.202993 -0.107185 -0.0610822 2 
0.936075 0.0502257 0.322318 2 
0.847212 -1.07852 0.319143 2 
0.178935 -0.202145 -0.536125 2 
0.188321 0.015147 -0.109463 2 
-1.36157 0.811674 -0.16205 2 
-0.842057 0.699474 -0.127957 2 
-0.859472 0.19866 0.339231 2 
-0.579272 0.672626 0.0899722 2 
-0.34076 0.397079 0.260921 2 
0.46597 0.32873 0.23606 2 
-1.83554 0.343631 -0.424211 2 
0.024811 0.246132 0.297449 2 
0.0763134 -0.0850706 0.857655 2 
0.150006 -0.61912 0.11796 2 
-0.0345039 0.0937188 0.421968 2 
0.32131 0.246982 1.14359 2 
1.05295 -0.21454 1.47604 2 
0.386144 -0.140372 0.20005 2 
-0.144393 0.541184 0.527613 2 
-0.00823429 0.401322 0.307587 2 
-0.55001 0.567213 0.0490896 2 
-0.0546159 0.0288798 0.639873 2 
0.316189 -0.0552078 0.680555 2 
0.0137834 0.0382098 0.67343 2 
-0.389379 0.282326 0.268388 2 
0.373709 0.107334 0.546582 2 
0.168205 0.196721 0.33691 2 
-0.235809 0.580791 -0.236164 2 
0.505382 -0.200667 0.854985 2 
-0.205043 0.177281 0.121125 2 
0.858605 -0.111624 0.516539 2 
-0.148639 0.367764 -0.158518 2 
-0.860869 0.963777 0.397317 2 
0.0280376 0.199821 0.578062 2 
-0.238677 1.00039 0.699815 2 
1.21749 -0.340728 1.30903 2 
1.15979 -0.0500849 0.786645 2 
0.34427 0.162134 0.47493 2 
0.384045 0.541407 0.148063 2 
0.197584 0.277751 0.653291 2 
0.289556 0.27843 1.07246 2 
-0.318823 0.476366 0.541138 2 
-0.307533 0.865369 0.0562863 2 
0.0623152 0.712294 0.75457 2 
1.15481 0.198518 1.24446 2 
0.2274 0.4848 1.74273 2 
0.444041 -0.318005 1.19697 2 
0.296808 -0.00769086 0.349386 2 
-0.429601 0.0807658 0.184103 2 
0.622065 -0.0330132 0.481612 2 
-0.16147 0.307973 0.580062 2 
1.09145 -0.550625 1.58316 2 
1.22433 -0.68776 1.15876 2 
1.35375 -0.654088 1.30661 2 
-0.305278 0.568166 0.590447 2 
0.959172 -0.388276 1.28422 2 
1.0676 -0.474084 1.50382 2 
0.96963 -0.712264 1.00551 2 
0.536945 -0.178095 0.852061 2 
0.0646518 -0.152711 0.915458 2 
0.74708 -0.426086 1.29668 2 
0.011825 -0.251827 1.52004 2 
0.650333 -0.222086 1.12655 2 
-0.2185 0.171334 0.800976 2 
-0.278655 0.33337 -0.286652 2 
0.305168 -0.265476 0.317887 2 
0.279906 -0.151358 0.362987 2 
0.794951 -0.180667 0.255704 2 
0.0844448 0.502523 1.0972 2 
-0.211001 0.162001 1.24534 2 
-0.0245467 0.331532 0.453571 2 
0.273409 -0.182115 0.990484 2 
0.330187 0.0349746 0.820852 2 
0.946495 -0.284816 0.335349 2 
0.275033 -0.0473015 1.18209 2 
0.307275 -0.120663 0.546144 2 
0.165741 -0.221652 0.4537 2 
-0.162732 -0.0205649 1.00852 2 
-0.721577 0.731479 0.438578 2 
0.376111 -0.0864298 0.551072 2 
-0.155636 0.306854 0.263317 2 
-0.343237 0.960312 0.170435 2 
-0.0195722 0.715407 0.900179 2 
-0.199403 -0.00618355 0.624537 2 
-0.211288 0.0761361 0.336388 2 
-0.458051 0.0555878 0.450236 2 
0.663904 -0.248504 1.62094 2 
0.0145719 0.619525 0.803785 2 
-0.234685 0.338673 0.427061 2 
0.181682 0.287862 0.780589 2 
-0.353594 0.642783 0.186153 2 
0.245123 0.0586449 0.159566 2 
0.744109 -0.146721 1.00293 2 
0.494001 -0.387747 0.833727 2 
0.281678 0.288547 0.831531 2 
0.641496 -0.125752 1.09194 2 
-1.06243 1.24804 -0.512692 2 
-0.723767 0.461954 0.785473 2 
0.416831 0.373961 0.6595 2 
0.797016 -0.00984979 0.526387 2 
-0.318627 0.71148 0.378829 2 
0.496487 -0.0876502 1.00057 2 
1.03478 -0.493576 0.678004 2 
0.635059 -0.0454952 0.737786 2 
-0.0656378 0.562128 0.417529 2 
0.757618 0.296698 0.888575 2 
0.358345 0.445659 0.670176 2 
0.557408 0.224598 1.01594 2 
0.0553891 0.553582 -0.181066 2 
0.35745 0.158147 0.346581 2 
0.797244 -0.29733 0.867592 2 
0.383931 -0.241554 0.357896 2 
0.139281 -0.618047 0.910282 2 
0.113229 -0.368517 0.289331 2 
1.02281 -0.363012 1.53412 2 
0.515664 -0.157359 1.00959 2 
-0.0456441 0.397292 1.00283 2 
0.99076 -0.491566 0.913122 2 
0.552534 -0.125206 0.992903 2 
1.11602 -0.642496 1.89655 2 
0.795126 -0.454477 1.47048 2 
0.191431 0.0790311 0.805359 2 
0.509682 -0.128099 0.472865 2 
-0.769772 0.107729 0.491148 2 
0.269576 -0.356153 1.15632 2 
0.498931 0.31888 0.601471 2 
-0.178621 0.187492 0.00916378 2 
0.513631 -0.356237 1.06023 2 
0.193971 -0.104382 1.40459 2 
0.228238 0.65737 0.156521 2 
0.547263 0.281551 0.49162 2 
0.434322 0.234964 0.751696 2 
0.304314 0.0138892 0.499351 2 
-0.163672 0.454935 -0.158565 2 
0.902818 -0.39319 0.588353 2 
0.46867 0.34082 -0.286681 2 
0.920432 -0.498003 0.805657 2 
1.17549 -0.868141 1.2113 2 
-0.0263939 0.367448 1.19666 2 
1.32747 -0.187063 1.03418 2 
0.378691 -0.0179037 0.419987 2 
1.52316 -1.56959 1.24784 2 
0.040129 0.0100556 0.63379 2 
1.41435 -0.593465 0.747201 2 
-0.69643 0.46252 0.185977 2 
0.511512 -0.0553131 0.275384 2 
0.0965099 0.436801 0.0238315 2 
-0.403681 0.826468 -0.163798 2 
-1.01668 0.924184 -0.819515 2 
-0.2653 0.485133 0.0959456 2 
-0.559557 0.0271471 -0.141637 2 
-0.357481 0.411467 -0.130087 2 
-0.217922 0.216848 -0.0422459 2 
-0.651383 0.644915 -0.4734 2 
-0.0653863 0.188644 0.606691 2 
0.643115 0.54833 0.720476 2 
0.362259 0.192672 0.527874 2 
-0.0891649 0.203429 0.689012 2 
-0.472315 0.620977 1.43994 2 
0.0118962 -0.578735 0.902047 2 
0.295821 0.17065 0.214864 2 
-0.161057 0.210252 0.22534 2 
0.625525 0.0179016 1.03206 2 
-0.65688 0.453641 -0.383172 2 
0.334917 0.0213723 0.995929 2 
-0.72951 0.535507 0.636617 2 
-0.225654 0.160251 0.687586 2 
-1.57689 1.11987 0.531991 2 
-0.556167 0.46927 0.136368 2 
0.224949 -0.206896 0.625083 2 
-0.328371 -0.0222092 0.179943 2 
-0.860685 0.852437 0.474303 2 
0.10075 0.208926 -0.309726 2 
-0.00761307 0.773058 -0.0999736 2 
0.194109 -0.138618 0.424793 2 
-0.506519 0.725641 -0.0807404 2 
0.275183 -0.221894 1.34742 2 
-0.947898 1.39546 -0.108341 2 
-0.904926 0.902745 -0.360124 2 
0.291082 -0.292331 0.353308 2 
-0.431782 0.747673 0.474058 2 
-0.27192 0.566228 0.00467186 2 
-0.238105 0.694018 0.296202 2 
0.181191 0.104536 -0.12913 2 
0.290775 0.228587 0.422229 2 
-0.88737 1.31555 -0.345155 2 
-0.680505 1.59645 -0.45796 2 
-0.0251754 0.255966 0.230603 2 
0.0458597 0.167328 0.229362 2 
-1.15051 1.38437 -0.642488 2 
-0.340023 0.23031 0.813017 2 
0.756199 -0.058225 0.561619 2 
-0.0382966 0.56551 0.0698578 2 
0.88465 -0.137812 0.491327 2 
-0.058586 0.510442 0.64314 2 
-1.07293 1.89904 -0.363507 2 
0.203294 0.488276 0.30158 2 
0.253799 0.120402 0.995004 2 
-0.489144 1.02615 0.519721 2 
0.0937403 0.653992 0.526946 2 
-0.277076 0.110353 0.800164 2 
-0.445758 0.165945 -0.580413 2 
-0.858439 0.737354 0.165937 2 
-0.382708 0.906624 0.302913 2 
-0.350545 1.05522 0.269262 2 
-1.39868 1.59171 -0.118941 2 
0.572422 -0.311809 0.938493 2 
-0.782373 0.476156 -0.301516 2 
-0.368359 0.535436 -0.0928338 2 
0.063861 0.361707 -0.200272 2 
-0.76402 0.504969 0.508871 2 
0.451282 0.600392 0.412059 2 
-0.643929 0.654988 0.409972 2 
-0.582414 0.645728 0.463101 2 
-0.0359179 0.419215 -0.215409 2 
0.0781489 0.185777 0.61018 2 
-0.652851 0.568656 0.482984 2 
0.0665798 -0.543631 1.42941 2 
-0.302378 0.224369 0.903027 2 
0.635665 -0.766947 1.26656 2 
0.409953 -0.567904 0.781965 2 
-0.563847 0.155906 0.360923 2 
0.0366484 -0.206249 0.257159 2 
-0.0248721 0.0855953 -0.122662 2 
0.353789 0.0794013 0.491031 2 
-0.479078 0.171821 0.366061 2 
-1.98468 1.75372 -1.42699 2 
0.26078 -0.21058 0.257466 2 
0.955887 -0.351784 0.964268 2 
-0.690335 0.853438 0.169923 2 
-0.128337 0.38219 0.830052 2 
0.574732 0.3156 0.564396 2 
0.104905 -0.103238 0.317416 2 
0.488044 -0.281686 1.25921 2 
-0.466597 0.376493 0.165489 2 
0.495732 -0.0796451 0.965078 2 
-0.21625 0.255854 -0.229259 2 
0.178657 0.15847 -0.0805728 2 
-1.20827 0.333218 -0.591572 2 
-0.59782 0.665167 -0.192017 2 
-0.666946 0.37786 -0.594073 2 
-0.286684 0.79126 -0.12788 2 
0.147859 0.149557 0.856794 2 
-0.333739 0.97902 -0.164408 2 
0.525844 0.347166 0.624149 2 
0.817356 -0.0267049 0.788286 2 
0.543013 0.319888 0.568642 2 
-0.400137 0.86282 -0.0584351 2 
0.0223013 0.00699162 0.439551 2 
-0.161271 0.565733 0.134235 2 
-1.54316 0.668315 -0.463767 2 
0.409694 -0.028429 0.110256 2 
-0.503624 0.444365 0.298495 2 
0.556423 0.154702 0.601543 2 
-0.545555 1.19494 -0.680684 2 
-0.225328 1.04363 -0.341825 2 
0.351672 0.43971 0.317999 2 
-0.111771 0.330264 -0.0781116 2 
-0.169297 0.374694 -0.0393666 2 
-0.740424 0.893573 -0.533812 2 
1.03316 -0.141026 0.19154 2 
0.355132 0.223763 -0.354616 2 
-0.493357 0.0819464 -0.0625915 2 
-0.385684 0.305142 0.414547 2 
0.444514 -0.254078 0.193275 2 
0.103764 -0.139398 0.103302 2 
-0.552119 0.266913 -0.337744 2 
-0.325821 0.139196 0.0862746 2 
-0.235188 -0.129867 0.0365206 2 
-0.898812 0.112225 -0.355118 2 
-0.993568 0.880549 -0.628987 2 
-0.69572 1.22531 -0.505251 2 
-0.845473 0.539691 -0.246971 2 
-0.073254 0.602949 -0.142064 2 
-0.264148 0.0181174 0.0666412 2 
0.469437 -0.445075 0.788282 2 
-0.705467 1.14982 -0.711458 2 
-0.143836 0.50022 0.380162 2 
-0.516194 0.519435 -0.524459 2 
0.17491 0.20815 0.019908 2 
0.65783 -0.0571217 0.346139 2 
-0.57144 0.401067 -0.637289 2 
-0.72619 0.646023 -0.69598 2 
-0.868342 0.40272 -0.0558927 2 
-1.10153 0.308805 -0.425812 2 
-0.295828 0.193051 0.183721 2 
0.231155 0.120812 0.66657 2 
0.337571 -0.286042 0.409833 2 
-0.900192 0.803058 -0.381116 2 
-0.293967 0.252282 -0.0149143 2 
-0.977464 0.831089 -1.19611 2 
-0.334392 0.69591 -0.715562 2 
0.131067 0.881629 -0.131752 2 
-0.440694 0.57 -0.136067 2 
-0.651331 0.748132 -0.926584 2 
-0.154415 0.937928 -0.259168 2 
-0.954317 0.491213 -0.565759 2 
-1.08782 1.53998 -0.740411 2 
-0.496852 0.856982 -0.148252 2 
-1.06531 0.860207 -0.450613 2 
-0.310099 0.455543 0.259101 2 
-0.262884 0.757601 -0.0733311 2 
0.300474 0.294291 -0.0928358 2 
-0.711935 1.82419 -0.779941 2 
-0.817541 1.52599 -1.14663 2 
-0.949985 0.904281 -0.739248 2 
-0.609189 0.435171 -0.547665 2 
0.0105742 0.320568 0.0456105 2 
-0.64576 0.692615 -0.531694 2 
-1.34202 1.31891 -1.33778 2 
-0.800397 1.2245 -0.588417 2 
-1.03491 1.27256 -1.03248 2 
-0.442616 -0.0234099 -0.386932 2 
-0.644979 -0.0330116 -0.174767 2 
-1.0551 0.6001 -0.531773 2 
-0.945683 0.949035 -0.681975 2 
-0.906097 0.476586 -0.365202 2 
-0.0445138 0.934821 -0.593624 2 
-1.04893 0.1578 -1.03075 2 
-0.525513 0.263887 -0.157986 2 
-0.967128 0.645437 -0.264704 2 
-0.869917 0.514897 -0.483621 2 
-0.076559 -0.17622 -0.070621 2 
0.279953 0.114189 0.0307567 2 
0.225093 0.601274 0.433374 2 
-0.667835 0.932987 -0.453668 2 
-0.0303965 0.535719 -0.578097 2 
0.470794 0.570117 0.394444 2 
0.534795 0.192663 0.54354 2 
-0.258575 0.231988 0.258109 2 
-0.0462351 0.296248 0.0856103 2 
0.259933 -0.0496083 0.180985 2 
0.89658 -0.119846 0.573672 2 
0.73104 0.137798 0.624611 2 
-0.0699598 0.27585 0.193414 2 
-0.258491 0.325282 -0.448029 2 
0.485399 0.292488 0.324516 2 
0.274082 0.512743 -0.0401463 2 
-0.244577 0.596711 -0.297537 2 
0.216246 0.274382 0.284585 2 
0.143591 0.209167 -0.00236922 2 
0.158592 0.130155 0.490837 2 
-0.00930623 0.429556 0.213818 2 
-0.587072 0.518324 -0.0977102 2 
0.186167 -0.32948 0.722493 2 
0.0154102 0.0414677 -0.103853 2 
0.0346583 0.268794 0.347406 2 
-0.71254 0.827239 -0.481374 2 
-0.47685 0.675977 -0.270323 2 
-0.307075 0.819486 0.180502 2 
-0.0199478 0.360879 0.674429 2 
-0.745391 0.620699 -0.704218 2 
0.530988 -0.363337 0.436687 2 
0.0168916 0.207639 -0.211486 2 
0.83093 0.145236 0.092494 2 
0.590776 0.519931 0.271487 2 
0.262842 0.276787 0.483148 2 
0.0925964 0.198685 0.33327 2 
0.661919 0.149757 0.44253 2 
0.0780477 0.401802 0.25406 2 
0.481109 0.0118553 0.527224 2 
0.587923 0.785933 0.0619945 2 
-0.228612 0.972845 -0.0279606 2 
0.100421 -0.154418 0.312848 2 
-0.25746 0.637239 -0.0224034 2 
-0.0681111 0.0776471 0.594927 2 
0.261528 -0.00178133 0.382185 2 
-0.0725258 -0.0672339 -0.0571112 2 
-0.545854 0.09346 -0.621563 2 
0.703773 -0.296966 0.591913 2 
0.881281 -0.319846 0.655822 2 
0.245146 -0.271532 0.0843012 2 
-0.418919 0.0270862 0.0172213 2 
0.411477 0.434417 0.596188 2 
0.758598 -0.693174 0.426612 2 
-0.155752 -0.110866 0.0199202 2 
-0.0276338 0.283901 -0.139154 2 
0.598179 -0.738016 0.251775 2 
0.27 0.358795 -0.0844756 2 
0.26498 -0.0900395 0.0753882 2 
0.76173 -1.11453 0.720832 2 
-0.305227 0.569306 -0.0676306 2 
0.360297 -0.511002 0.374042 2 
-0.158847 0.606494 -0.239702 2 
1.45738 -0.913769 0.971825 2 
0.958494 -0.771552 0.909349 2 
0.381619 0.0565931 -0.122109 2 
0.374899 -0.172061 0.276625 2 
-0.499914 0.464365 -0.207106 2 
0.413512 -0.505388 0.0243958 2 
1.05804 -0.537794 0.47121 2 
0.470761 -0.230285 0.0657244 2 
0.381095 0.00373662 0.114274 2 
0.828537 -0.320269 0.27896 2 
0.460071 0.120206 0.202122 2 
1.27103 -0.909805 0.806172 2 
0.746008 0.106425 0.927763 2 
0.898245 -0.401656 -0.160352 2 
0.912569 -0.523908 0.198594 2 
1.3846 -0.204712 0.654554 2 
1.39167 -0.423528 1.12874 2 
0.652326 -0.436635 -0.0346204 2 
0.657177 0.0632605 0.327467 2 
0.00629278 0.355495 0.104025 2 
0.262294 -0.0543484 -0.0168197 2 
-0.2841 0.31789 -0.0270515 2 
0.992795 -0.260479 -0.284639 2 
0.357438 0.269603 0.321881 2 
0.369215 0.634178 -0.166454 2 
0.584332 0.324234 0.430525 2 
0.892148 0.242065 -0.321911 2 
0.960902 0.0442459 0.12303 2 
-0.0359053 0.642861 -0.670402 2 
0.0929058 -0.0392716 -0.333724 2 
0.235255 -0.210839 0.0647407 2 
0.586077 -0.582382 0.388322 2 
0.534596 -0.1606 0.181182 2 
0.109148 -0.143301 0.0050091 2 
0.0111606 0.0837126 -0.431446 2 
-0.14104 0.00926826 -0.281291 2 
-0.0448127 0.035828 0.258029 2 
0.306209 0.0541384 0.342265 2 
1.14278 -0.597772 -0.0291963 2 
0.381669 0.119608 0.211588 2 
-0.0258474 -0.288365 -0.669002 2 
-0.11639 0.797181 0.174711 2 
1.01621 -0.525146 0.281892 2 
0.894841 0.208183 0.784619 2 
1.56882 -0.942507 0.50364 2 
0.505663 -0.209292 0.389022 2 
0.541684 -0.563576 0.0707393 2 
0.0273623 0.340709 0.130127 2 
0.0376187 0.170724 0.118584 2 
0.00895745 0.348583 0.0108886 2 
1.1335 -0.850416 0.796067 2 
0.487363 -0.807942 -0.13922 2 
0.522382 -0.556858 0.155375 2 
-0.310653 -0.163712 -0.403654 2 
-0.0768566 0.0312076 -0.487427 2 
0.570591 -0.0506109 0.671417 2 
-0.582998 0.624792 -0.698177 2 
0.290867 0.234341 0.520796 2 
1.11916 -0.379729 0.504841 2 
0.782972 -0.729848 0.553471 2 
-0.717022 0.646856 -0.467694 2 
-0.0366863 -0.280129 0.332441 2 
0.892692 -0.0961175 -0.323704 2 
0.980836 -0.0103322 0.527347 2 
0.663912 -0.011855 0.566405 2 
0.230416 -0.157836 -0.192826 2 
-0.642163 0.592085 -0.0672804 2 
-0.525284 0.846514 -0.599441 2 
0.162979 0.0775096 -0.0649872 2 
0.150698 0.456047 -0.45397 2 
-0.683896 0.79993 -0.880261 2 
0.0212469 0.654238 0.338125 2 
0.157966 0.252804 -0.655582 2 
0.0198986 0.141758 -0.627523 2 
-0.0247227 0.273462 -0.674236 2 
0.698446 -0.572425 0.0293962 2 
0.391732 -0.236774 -0.203663 2 
0.109119 -0.0123729 -0.159839 2 
-1.51962 1.1138 -1.18323 2 
-0.737678 0.29516 -0.488742 2 
-0.442962 -0.0473907 -0.48456 2 
0.0865177 -0.0641327 -0.0470734 2 
1.06566 -0.906193 0.817521 2 
1.47358 -1.15142 1.72429 2 
-0.278839 0.424036 -0.00903404 2 
0.293136 -0.646875 -0.157034 2 
-0.0263285 -0.355516 0.345302 2 
1.98813 -1.01228 0.712637 2 
0.322409 -0.179167 0.265561 2 
-0.489944 -0.192185 -0.354685 2 
-0.0697401 -0.782973 0.365841 2 
1.0072 -0.590982 0.721758 2 
0.0213329 0.202012 -0.308807 2 
-0.260613 -0.227463 0.326969 2 
-0.665561 0.448823 -0.634896 2 
0.187522 -0.0303751 0.494847 2 
-0.282038 0.475337 -0.259475 2 
0.358499 0.131276 0.305468 2 
-0.260994 -0.277179 -0.0986972 2 
-0.942785 0.868348 -0.307398 2 
0.562019 -0.652063 0.266617 2 
-0.0971595 -0.298638 0.0167854 2 
0.283018 -0.220132 0.137712 2 
0.932079 -0.467451 1.16286 2 
0.494452 -0.552227 -0.12169 2 
0.0392021 -0.288642 0.20964 2 
0.228576 -0.243567 0.556871 2 
0.671309 -1.14895 0.201094 2 
0.473364 -0.275251 0.0758477 2 
-0.355001 0.353614 -0.463165 2 
0.126195 0.183966 0.268891 2 
1.00415 -0.265605 0.0806132 2 
0.167675 -0.37624 -0.200387 2 
-0.207231 -0.194427 -0.862013 2 
0.337469 -0.361371 -0.197976 2 
-0.863798 1.05204 -0.484037 2 
-0.248897 0.0349105 -0.212853 2 
-0.259204 -0.134572 -0.239471 2 
0.0186774 -0.243758 -0.00256882 2 
0.394621 0.248916 0.57618 2 
-0.22235 -0.435798 -0.712315 2 
-1.11652 0.864634 -0.537365 2 
-0.767489 0.304788 -0.729447 2 
-0.143874 -0.399101 -0.121916 2 
-0.682205 0.109226 -0.140371 2 
-0.967828 0.520734 -0.736943 2 
0.0370686 -0.490639 -0.802865 2 
-0.373084 -0.128364 -1.00533 2 
0.275092 0.0408571 -0.380123 2 
0.898545 -0.57115 0.206068 2 
-0.265824 -0.747096 -0.170775 2 
0.073536 -0.474267 0.588128 2 
-1.13166 -0.231126 -0.639704 2 
-0.305869 -0.818727 0.321372 2 
0.000328617 -0.00750698 -0.52422 2 
-0.104361 -0.713976 0.670841 2 
-0.0573553 -0.545758 0.576717 2 
-0.848147 0.375768 -0.0775894 2 
-1.08481 0.892101 -0.55255 2 
-0.114286 0.125317 0.0919481 2 
-0.347062 0.280693 -0.137771 2 
0.158591 -0.45206 -0.13222 2 
-0.0760443 -0.580496 -0.289569 2 
0.281532 -0.781144 0.614525 2 
-0.539402 0.40861 -0.436628 2 
-0.4024 -0.0438698 -0.514738 2 
0.0296092 -0.493939 -0.224231 2 
-0.169353 0.665091 0.332177 2 
-0.0985117 -0.319678 -0.156008 2 
-0.896877 -0.734919 -0.537682 2 
-0.998244 1.04669 -1.02419 2 
-0.465082 0.508554 -0.871077 2 
-0.116612 -0.415579 0.160559 2 
0.248861 -0.78496 -0.035445 2 
0.146178 -0.929082 -0.133101 2 
-0.404974 0.95751 -0.045096 2 
0.0763445 -0.120972 0.110252 2 
-0.649782 0.10483 -0.739108 2 
-0.896418 0.429215 -0.554239 2 
1.05796 -1.53057 -0.0550257 2 
0.488853 0.149719 -0.19233 2 
0.0204414 -0.362743 -0.331966 2 
0.150266 0.388722 -0.195178 2 
-0.611373 1.26048 -0.680115 2 
-0.399278 0.301732 0.0618544 2 
-0.22047 -0.440601 -0.0620946 2 
-0.40351 -0.456902 0.211477 2 
0.625776 -0.890109 0.0689614 2 
0.234654 -0.759825 -0.402341 2 
-0.239818 -0.441991 0.00670171 2 
-0.602403 0.137348 -0.494541 2 
