-0.276497 -0.311491 2.11514 
-0.212103 -0.154131 1.04431 
0.264805 0.394424 1.47692 
0.428536 0.105594 0.49625 
0.0601189 0.126032 0.837097 
0.0291228 0.12753 0.467278 
0.0691289 -0.0249089 0.653072 
0.00406885 0.249539 0.354924 
0.42454 -0.0291388 1.41583 
0.562542 0.291975 1.0368 
0.717921 -0.0409331 1.70058 
0.286869 -0.280441 1.49767 
-0.192046 0.26895 1.73716 
0.121645 -0.0820479 0.0995495 
0.22028 -0.220464 1.63279 
-0.299113 0.163874 0.999906 
0.0688368 -0.304379 0.733822 
0.834959 0.0231008 1.44846 
0.418634 -0.206975 0.896708 
0.233597 -0.064386 1.15084 
0.434241 0.0283391 0.965977 
0.396582 -0.369591 0.63105 
0.241557 -0.606181 0.394046 
0.63611 -0.487471 0.700057 
-0.0112799 -0.0914307 0.0629352 
0.112382 0.384067 -0.0986098 
0.301906 0.091396 -0.450053 
0.704136 -0.285493 0.966567 
0.139129 -0.574578 0.389232 
0.00460565 -0.119463 0.289716 
0.529643 -0.456809 1.31399 
0.614503 -0.444799 1.38104 
0.163174 0.0161498 0.457299 
0.708914 -0.0992829 1.35907 
0.259159 -0.120836 0.467126 
-0.112527 -0.120295 0.855437 
0.294245 -0.620817 0.765168 
0.553967 -0.72322 0.201735 
-0.196815 -0.248147 0.635027 
-0.0345155 -0.498968 0.346261 
0.162513 -0.362776 0.179077 
0.299344 0.0592077 0.324591 
0.532257 0.204147 1.52646 
0.344786 -0.166835 1.72034 
0.653035 -0.579994 0.439109 
0.578989 -0.618401 0.310119 
0.444928 -0.384702 0.93322 
0.298967 -0.0148545 0.638528 
0.485566 0.235594 1.71997 
0.441786 -0.16724 0.788241 
0.395616 0.200816 1.11323 
0.173555 0.268157 0.668474 
0.171899 0.122095 -0.0580958 
0.190418 -0.0159816 0.289843 
0.477698 0.0839334 0.174139 
0.538681 -0.342831 -0.332818 
0.649623 -0.676612 0.936329 
0.637145 0.00702366 0.60249 
0.420636 0.335961 -0.359939 
0.33889 -0.0228089 1.17871 
0.429559 -0.189912 1.34 
0.479588 -0.0254384 -0.723921 
0.432382 -0.275017 -0.0574237 
0.747238 -0.318883 1.63234 
-0.18645 -0.118324 0.0395493 
0.0558632 -0.0396194 0.796826 
0.384788 -0.33345 0.51647 
0.438818 0.013974 1.31663 
-0.0390904 0.101415 1.13698 
0.233534 -0.23675 0.496771 
0.376865 -0.0570604 0.959374 
0.115833 -0.00814265 0.661314 
0.404739 -0.457618 1.6568 
0.31086 -0.459829 0.725934 
0.529984 -0.188483 0.856025 
0.570353 -0.326787 0.782592 
0.558125 -0.0517992 1.01233 
0.618358 -0.187784 0.77799 
0.126695 -0.353906 0.886007 
-0.0600901 0.0121406 1.17805 
0.206665 -0.253325 1.39835 
0.473668 -0.100228 0.907072 
0.379747 0.0338899 -0.109718 
0.121248 0.19381 1.53 
0.141003 -0.618416 1.34997 
0.0564048 -0.225496 1.03963 
-0.0427684 -0.02332 0.17534 
0.232444 0.706156 0.503795 
0.173444 -0.297674 1.66972 
0.321714 -0.239712 1.82816 
-0.0398177 0.145413 -0.0169605 
0.721406 -0.094022 1.99816 
0.405826 -0.47889 1.25521 
0.250404 0.0400682 0.880669 
0.618865 -0.273981 1.71008 
0.723084 -0.237658 1.01582 
0.596002 0.215758 2.29185 
0.841029 -0.495156 3.11395 
0.41415 -0.352735 1.70635 
0.652188 -0.605459 2.27079 
0.416499 -0.251747 1.9956 
0.347085 -0.419826 1.53062 
0.27823 -0.194124 1.96685 
0.501171 -0.200983 0.990551 
0.502742 -0.562884 1.19997 
0.406371 -0.124103 1.08098 
0.755764 -0.37955 2.23414 
0.386561 -0.601951 0.842317 
0.788329 -0.613875 1.23279 
0.208131 0.159382 -0.586839 
0.422334 -0.186107 1.34441 
0.728213 -0.605423 1.0472 
0.481769 -0.416639 0.458096 
0.363981 -0.388671 0.778467 
0.657854 -0.554134 2.25839 
0.309623 -0.208958 0.806139 
0.699077 -0.154832 2.18507 
0.525728 -0.386881 0.287554 
0.275232 -0.536969 1.37705 
0.423599 -0.477039 1.13695 
0.1634 -0.457929 2.43452 
0.0906051 -0.236732 1.37794 
0.687861 -0.606143 1.12482 
0.698713 -0.413316 1.58277 
0.742069 -0.263681 0.864448 
0.603882 -0.166285 1.25314 
0.904078 -0.643522 1.55823 
0.168125 -0.391876 -0.861148 
0.17432 -0.0842233 0.568374 
0.260637 -0.170653 0.437818 
0.413906 -0.0686989 0.207768 
0.159251 -0.223018 -0.272361 
0.828552 -0.209795 -0.719454 
0.191389 -0.258826 -0.0532276 
-0.0318821 0.208027 -0.910304 
0.600149 -0.498858 0.071561 
0.428674 -0.199247 -0.425994 
0.217832 -0.242098 0.444513 
0.0545193 -0.223643 -1.3558 
0.425475 -0.0844756 0.682091 
0.444119 -0.168481 0.675668 
0.222339 -0.000732726 0.278395 
0.66681 -0.27783 1.31165 
0.562644 0.0415237 1.82246 
0.233001 -0.436132 0.87148 
0.35733 -0.525396 0.983118 
0.192212 -0.210572 0.887847 
0.201984 0.0435493 0.0368227 
0.142216 -0.472857 0.394082 
0.32905 0.0261881 -0.180851 
0.0495753 0.0983115 0.33168 
0.124168 -0.385617 0.747421 
0.220417 0.162224 0.260166 
0.365342 -0.896977 0.713592 
0.171954 -0.429627 0.610864 
0.476848 -0.310133 0.661718 
0.827561 -0.694589 0.134064 
0.484025 -0.597241 0.385522 
0.596543 -0.339994 1.34212 
0.583065 -0.116468 1.06293 
0.0564205 -0.500681 -0.999857 
0.372448 -0.14024 0.576879 
0.345872 -0.298232 0.716256 
0.26197 -0.0031343 1.08188 
0.288503 -0.360706 -0.243896 
0.51513 -0.292767 1.48232 
0.400163 -0.203526 0.372722 
0.000350355 0.113215 -0.428897 
0.499654 -0.431142 0.0577952 
0.0919978 -0.400894 -0.987865 
0.612902 -0.303559 -0.534792 
0.31349 -0.58937 -0.355153 
-0.00795368 0.168266 -0.925304 
0.529838 -0.649259 -0.0921453 
0.344594 -0.369808 -0.911985 
0.308628 -0.373166 -0.678268 
0.510105 -0.0995998 0.164764 
0.440594 0.0402957 0.375547 
0.464937 -0.264311 0.533775 
0.338274 0.0879459 -0.664649 
0.839808 0.0517564 1.50542 
0.373763 -0.381267 0.461936 
0.295949 -0.649058 -0.508294 
0.971724 -0.362881 -0.512332 
0.91693 -0.297957 0.356294 
0.174751 -0.272676 0.248671 
0.253658 -0.515021 -0.664045 
0.5582 -0.804515 -1.26288 
0.904126 -0.0267636 1.11497 
0.292196 -0.518127 0.641343 
0.614676 -0.197307 -0.812565 
1.14061 -0.16927 0.459534 
0.284454 -0.294415 0.725127 
0.351048 0.161613 1.16349 
0.106987 -0.266245 0.153319 
0.89433 -0.403809 0.192641 
0.434492 0.422397 0.31483 
0.428371 0.207651 0.407611 
0.683908 -0.369254 0.133999 
0.62008 -0.0202925 0.877286 
0.373964 -0.360632 0.219331 
0.319101 -0.425266 -0.929015 
0.577979 -0.293382 1.71954 
0.594454 -0.103868 1.94889 
0.432266 -0.388257 -0.233622 
0.158497 -0.384339 0.721539 
0.079845 -0.314675 1.42793 
0.19009 -0.0678496 -0.0350286 
0.13027 -0.0912693 -0.297567 
0.0239763 -0.343996 0.208826 
0.19696 -0.323449 0.0759971 
0.375301 -0.163076 0.331485 
0.914138 0.0388074 1.19558 
0.419888 -0.418926 -0.43608 
0.312255 -0.133629 0.606646 
0.0855816 0.0275385 -0.877288 
0.205895 -0.136923 -0.0926134 
0.424492 -0.435809 1.37533 
0.460101 -0.42336 1.02679 
0.182488 -0.288551 2.20273 
0.38586 0.126248 2.03639 
0.364719 0.0805475 1.10227 
0.686188 -0.433986 0.721994 
0.349174 0.124904 -0.625968 
0.346132 -0.622351 -0.190703 
0.180984 -0.370206 -0.758226 
0.51381 -0.166514 0.750803 
0.509211 -0.380987 0.00747816 
0.439041 0.0877908 -0.382649 
0.381458 -0.299132 -0.308981 
0.167314 -0.0932515 -0.066371 
0.57819 -0.249735 0.329463 
0.0517214 -0.182776 0.958778 
0.565634 -0.368222 0.415895 
0.214893 -0.300713 0.87985 
-0.095728 -0.103225 2.10106 
0.257123 -0.534642 0.37846 
0.367887 -0.400359 0.514969 
0.025559 -0.868304 1.21845 
0.306018 -0.758081 -0.727842 
0.327989 -0.331228 -0.10325 
0.388744 -0.0449751 -0.21746 
0.307198 0.0889848 1.00631 
0.100587 -0.255264 0.515553 
0.0275274 -0.234479 1.17476 
0.478518 -0.146777 -0.618023 
0.316408 -0.0902771 -0.338708 
0.0542076 -0.117628 -0.390014 
0.365284 -0.0117681 0.642988 
0.47443 -0.436485 -0.249246 
0.28366 0.162914 -0.883285 
0.570748 0.0336069 1.72915 
0.363485 -0.109779 1.36531 
0.345649 0.111575 0.766897 
0.63823 -0.272708 0.55184 
0.108903 -0.123215 0.792483 
0.255881 -0.420056 -0.620899 
0.63188 0.0208977 0.225615 
0.104948 -0.370089 0.568415 
0.0137132 -0.509921 1.00052 
-0.30239 -0.175222 -0.0797614 
0.537495 -0.331491 0.782099 
0.0703854 -0.158165 1.01805 
0.426713 -0.0129109 0.265922 
0.316701 -0.225428 1.66613 
0.143425 -0.571942 -0.161291 
0.400115 0.039883 -0.11865 
0.110795 0.0132786 0.414039 
-0.024432 -0.258622 -0.342309 
0.343281 0.131424 -0.226124 
0.297346 -0.459933 0.201083 
-0.159362 -0.0862442 -0.004054 
0.0865392 -0.151309 1.92243 
0.381445 -0.356472 0.801137 
0.411548 -0.421092 -0.264486 
0.186118 -0.0862364 -0.108124 
0.231315 -0.317587 1.28888 
0.197874 0.074495 -0.659791 
0.586971 -0.674694 -0.0228848 
0.0671143 -0.392879 0.655872 
0.399519 0.303463 -0.618855 
0.332593 -0.678494 -0.0303744 
0.394095 0.0299628 -0.259695 
0.00674121 -0.545862 -0.00718459 
0.714544 -0.3219 -0.741901 
0.220316 -0.245124 0.192393 
0.208038 -0.446014 -0.279263 
0.309367 -0.0204169 0.206309 
0.814157 0.0564216 -1.11022 
0.169023 -0.00926724 -0.928664 
0.448706 0.0878155 0.0266113 
-0.149593 0.100552 0.049587 
0.170024 -0.223201 0.20982 
0.0778223 -0.358207 0.146483 
0.247432 -0.141725 -0.940112 
0.203707 -0.0667704 -1.20953 
0.450108 -0.315249 1.54337 
-0.0551285 -0.363385 -0.274528 
0.277334 0.0253913 -0.740799 
0.0677873 -0.159687 -0.295298 
0.273325 0.145017 0.000751786 
0.669812 -0.0681205 -0.0421769 
1.03293 0.0443506 -0.852129 
0.586857 0.163334 -0.551955 
0.320686 -0.415699 0.746349 
0.268304 -0.463609 -0.788377 
0.256825 -0.663851 -0.0364803 
0.415145 -0.0912242 0.480952 
0.0569656 -0.229121 -0.453924 
0.050735 0.14509 -0.373743 
0.948929 -0.668102 0.170006 
0.450928 -0.256118 0.597227 
0.410364 -0.488444 1.21791 
0.0629853 -0.75125 0.782356 
0.746136 -0.146987 -0.685099 
0.178849 -0.0247357 0.335116 
0.444038 -0.155987 0.113074 
0.37672 -0.292208 0.0812423 
0.491498 0.178467 -1.19097 
0.0390144 -0.863057 0.518261 
0.407109 -0.206364 -1.32324 
0.441153 -0.535026 -0.201544 
0.467355 -0.134171 0.388872 
0.22211 -0.272956 -0.71982 
0.117003 -0.535956 0.349847 
0.00273744 -0.0773169 0.278782 
0.0242432 -0.495898 -0.0557736 
0.537139 -0.13543 -0.0716511 
0.103542 0.00751362 -0.850457 
-0.0635089 -0.508828 -0.57198 
-0.22343 0.0904681 0.255485 
0.0639152 -0.540073 0.0707692 
0.177755 -0.463345 0.493858 
-0.180835 -0.378911 -0.225467 
-0.0805941 -0.340458 0.0898553 
0.609406 -0.192949 -0.539532 
0.393328 -0.589861 -0.667184 
0.614479 -0.0501949 -0.113078 
0.0138661 -0.0526561 -2.09362 
0.299214 0.109681 -1.26464 
0.381694 -0.374481 0.649772 
0.415351 -0.336975 0.0544854 
-0.0292397 -0.362167 -1.64513 
0.256193 -0.454269 -0.246387 
0.607975 -0.0389275 -0.127813 
0.533651 -0.286523 0.749895 
0.0461409 -0.284888 -0.488093 
0.424597 -0.104056 -0.345978 
0.133629 -0.687176 -0.17343 
0.239656 -0.235658 -1.10983 
0.259228 -0.76763 -0.592643 
0.236064 -0.405642 0.637753 
0.395621 0.122433 -0.893256 
0.291533 -0.555129 -1.49804 
0.556741 0.155182 0.0279538 
0.33756 -0.247911 0.182434 
0.117664 -0.142915 -1.02047 
0.265169 -0.0818929 -0.191281 
0.490802 -0.429275 1.24713 
0.369648 -0.0666645 -0.817347 
0.297779 -0.330219 -1.76325 
0.5335 0.216528 -1.46408 
0.20566 -0.33367 -0.901669 
0.363936 -0.383679 -0.283373 
0.404138 0.420648 -0.802311 
0.227982 0.138412 -0.440924 
0.281522 -0.19255 -0.548741 
0.584556 0.0777539 0.550418 
0.25481 -0.125605 0.469658 
0.250828 0.17375 -0.532235 
0.0593702 0.128698 0.165869 
0.106007 0.141469 -0.966342 
-0.0128127 0.0798199 -1.02159 
0.469527 0.158791 -0.14844 
0.518128 -0.104483 -0.488248 
0.413258 0.231194 -0.655359 
-0.135027 -0.29542 -0.764023 
0.00607805 -0.242995 -1.63338 
0.198074 0.233099 -0.848033 
0.423999 -0.241334 -0.103988 
0.0592893 -0.248714 -1.21068 
-0.106884 0.140517 0.239498 
0.0482682 -0.324052 -0.927058 
-0.275939 -0.263585 0.267453 
0.455452 -0.166608 0.287213 
0.0954424 -0.507814 -0.111635 
0.224129 0.288612 -1.23235 
0.334786 -0.167097 -0.248427 
0.499913 -0.134358 0.279041 
0.25095 -0.123936 -0.521273 
0.214612 -0.106771 -1.07198 
0.255412 0.143511 -0.205728 
0.656731 0.0433567 -0.361233 
0.558668 0.210317 -0.910914 
0.738041 -0.110565 -0.142326 
0.107613 -0.194433 -0.714816 
0.449046 0.0433309 0.428013 
0.312277 -0.247084 -0.608135 
0.67759 -0.21796 -0.614397 
0.0977318 0.0356542 0.252426 
0.407584 -0.281473 -0.517017 
0.291663 -0.00584933 -1.12009 
0.167528 0.0935824 0.225104 
0.0616874 -0.189264 -1.17261 
0.40696 0.175631 -2.40292 
0.156531 -0.139671 -1.34651 
0.424873 0.0260134 -0.0333853 
0.341017 -0.230383 -0.68019 
0.291536 -0.323301 -1.16997 
0.375212 -0.157574 -0.31632 
0.00533127 0.0785901 -0.490709 
0.0308118 0.045864 -0.0308175 
0.190061 -0.106353 -0.449076 
0.0891198 -0.257861 -0.726798 
0.177654 -0.114647 0.0672099 
0.266201 -0.347999 1.10779 
0.136272 -0.562484 -0.894037 
0.471324 -0.00656164 -0.937416 
0.765602 0.305356 -0.0628556 
0.0562876 -0.250165 -0.00750182 
0.627632 -0.374998 -0.280381 
0.223266 -0.468962 0.105791 
0.311577 -0.1438 0.487304 
0.473643 -0.644957 -0.511614 
0.706816 -0.311495 0.444185 
0.0525653 -0.703433 0.00588537 
0.0915544 -0.422596 0.0856082 
0.401978 -0.0857193 -0.311781 
0.136576 -0.181829 -0.321582 
0.21332 -0.498922 0.304317 
0.108932 -0.442185 0.747854 
0.672445 -0.128648 0.317475 
0.318936 -0.0743673 -1.48304 
-0.0932084 0.411181 -1.30147 
0.556574 -0.246429 0.0121361 
0.373949 0.176523 -0.885006 
-0.137639 0.307571 -2.04728 
-0.136925 -0.159603 -1.74457 
0.414099 0.247332 -1.73084 
0.160531 -0.188681 -2.48483 
0.361013 -0.585157 -0.461527 
0.464654 -0.166524 -0.133242 
0.0639485 -0.44402 -0.94613 
0.0427812 0.0408413 -0.305226 
0.402847 0.239459 1.11664 
0.0245735 -0.363281 -1.39056 
-0.0857273 0.000274568 -0.341161 
-0.153065 -0.317376 -3.08854 
-0.0339226 -0.52208 -2.12928 
-0.460293 -0.599643 -0.462423 
0.0352358 0.126013 -0.567885 
-0.305773 0.0653508 -1.13179 
-0.466437 -0.266482 -2.11159 
0.123132 -0.795268 -0.111384 
0.00621882 -0.673983 -0.50083 
0.100198 -0.186697 -1.0199 
-0.114095 -0.392027 -0.36004 
0.255023 -0.333296 -0.591274 
0.0537322 -0.137224 -0.273627 
-0.0350612 0.23358 -0.652848 
-0.407059 -0.157792 -0.440798 
0.0571865 -0.109706 -0.34904 
0.242043 -0.297551 -0.710351 
-0.0945081 0.148004 -1.10123 
-0.0841257 -0.0701514 -1.45541 
-0.0427789 -0.184063 -1.68927 
-0.369531 0.31918 -1.4726 
-0.133531 -0.433074 -1.37015 
0.0341035 -0.39963 -0.54388 
-0.126326 -0.593453 -1.1566 
-0.0803305 -0.240833 -1.14218 
-0.0353815 -0.416126 -1.74712 
-0.169585 -0.514998 -0.815267 
-0.251295 -0.168818 -1.58623 
-0.0699114 -0.213506 -0.685997 
0.00265941 -0.455574 -0.991385 
0.311952 -0.186169 -0.338489 
0.173543 -0.115854 -1.03914 
0.537114 -0.570843 -0.313026 
0.147383 -0.184803 -1.57563 
0.173853 -0.38827 -1.00649 
0.094927 -0.425303 0.0594532 
-0.220367 0.132526 -0.848959 
-0.0420277 -0.417652 -0.447728 
0.350764 -0.213279 -0.316971 
-0.119446 -0.194654 -2.25479 
0.0902927 -0.415841 -3.12134 
-0.492219 -0.341407 -2.01571 
-0.126622 -0.294536 -1.18044 
0.159095 -0.190371 -1.43165 
-0.0951623 -0.256745 -2.33339 
0.163395 -0.0335399 -2.08535 
-0.128611 -0.530225 -0.816703 
-0.153938 -0.422857 -1.55237 
-0.144482 -0.352189 -2.23669 
0.0509854 -0.266139 -2.15556 
0.0712041 -0.286994 -0.856063 
0.463925 -0.103251 -0.974219 
-0.157774 -0.000741945 -1.47267 
-0.234294 -0.181517 0.00642021 
0.015099 -0.413523 -0.970556 
0.182745 -0.0797847 1.47372 
0.239247 -0.113179 -0.515231 
0.10059 0.0263959 -0.131674 
0.768517 0.0182194 -0.345724 
0.120949 -0.667348 -0.88373 
0.365361 -0.129958 -0.351104 
0.330658 -0.359613 -0.500826 
0.190289 -0.506239 -0.714123 
0.0143242 -0.131313 -0.966706 
-0.242081 0.321136 -1.70985 
0.455896 0.15658 -0.903305 
0.162206 -0.217919 -1.21795 
0.357482 -0.0416189 -1.58953 
0.591752 0.592915 0.111001 
0.0253287 0.128776 -1.43737 
0.362306 -0.440879 -1.41781 
0.067675 -0.311189 -0.502171 
0.191005 0.0410697 -0.917245 
0.386304 -0.683407 -1.29809 
0.138638 -0.00865873 -0.37874 
0.20466 0.0394161 -0.937139 
0.316484 -0.365026 -0.622127 
-0.201585 -0.0957698 -1.28056 
0.318933 0.0410881 -0.292542 
0.342242 -0.211266 0.15071 
0.499765 -0.479006 -0.231182 
-0.0196523 -0.0588513 -1.244 
-0.253816 -0.118051 -1.65669 
0.253085 -0.129958 -0.97406 
0.0815482 0.0399798 -0.506164 
-0.0573356 0.189682 -0.146015 
0.0490851 0.413866 -1.03935 
0.220952 0.150107 -0.814611 
0.127972 -0.172579 -1.62451 
0.545498 -0.0282464 -0.45595 
0.39623 -0.0614315 -1.81571 
0.42102 0.502916 -2.03421 
0.725755 -0.0775315 -0.150812 
0.0549707 -0.0918553 -2.43719 
0.209874 0.141534 -2.04187 
0.488902 0.209845 0.0802636 
0.392617 -0.141364 -1.92065 
0.541434 0.17678 -1.00818 
0.652797 0.221193 0.00372569 
0.521719 -0.192302 -0.989819 
0.483269 -0.213833 -1.20593 
0.221707 0.174859 -1.01705 
0.633948 0.384399 -1.2181 
0.45157 0.203069 -0.110844 
0.702286 0.232565 -0.314006 
0.73249 -0.198437 -0.00245009 
0.718706 -0.209902 -1.01055 
0.337061 0.181306 -1.06811 
0.442298 -0.383688 -2.02207 
0.875433 -0.280855 0.24413 
0.615438 -0.394675 -1.02374 
0.871313 -0.322707 -0.778302 
1.08282 -0.185948 -0.0838817 
0.934616 -0.0829611 0.407245 
0.843129 -0.166445 -1.23551 
1.15692 0.301831 -1.17918 
0.550462 -0.189069 -0.532145 
0.760566 -0.50379 -1.50413 
0.620332 -0.489349 -0.297564 
0.357931 -0.0331062 -1.73807 
0.945441 0.0359706 -1.74404 
0.620196 0.223858 -0.742999 
0.624309 -0.16154 -0.675433 
0.386317 -0.179307 -0.482785 
0.607528 -0.41488 -1.22889 
0.601109 -0.289613 -1.32528 
0.550417 -0.166199 -0.101933 
1.08873 -0.785738 -0.965282 
0.858284 -0.505551 -1.08763 
0.421563 -0.209595 -0.796809 
0.37132 0.124914 -1.63672 
0.740607 0.336691 -0.669636 
0.479149 0.144932 1.04505 
0.888623 0.568087 -1.74988 
0.841017 0.333505 -1.27878 
0.69214 -0.19935 -1.32646 
1.11908 0.455719 -1.41696 
0.556155 -0.00681873 -0.480138 
0.443929 -0.064747 -2.24751 
0.61437 0.553262 -1.68358 
0.811019 0.108189 -0.751736 
0.54881 -0.0451166 -0.138796 
0.753682 0.0498632 -1.60615 
1.3938 -0.340903 -1.22858 
0.104346 -0.787233 -0.615683 
0.65603 -0.472785 -0.982989 
0.974332 -0.12533 -1.21656 
0.988426 -0.22312 -1.11196 
0.570863 -0.263613 -1.3721 
0.69287 -0.208034 -1.65006 
0.440514 -0.134648 -0.120902 
0.553707 0.164868 -2.06167 
0.925534 -0.0986011 -1.28433 
0.287479 0.123459 -1.02389 
0.749624 0.244744 -1.62337 
0.83959 -0.0307535 -0.187597 
0.702444 -0.248785 -0.651352 
0.40974 -0.121435 -0.428728 
0.284776 0.0680617 -1.00607 
0.534327 -0.114977 -0.99338 
1.01657 -0.623594 -1.15565 
0.406489 0.160496 -0.597568 
0.342178 0.0105365 -0.377608 
0.356316 -0.313825 -0.671119 
0.228899 0.280676 -0.960209 
0.195043 -0.276093 -0.376751 
0.682591 -0.499735 -0.62797 
0.420319 -0.801656 -0.943908 
0.745206 -0.622931 -0.0578378 
0.453106 -0.437103 0.0843155 
0.445301 -0.635756 -0.413966 
0.0171156 -0.519821 0.361132 
0.278199 -0.375298 -0.140743 
0.394102 -0.00628464 0.164888 
0.632263 -0.455036 -0.16908 
0.250913 -0.540165 0.35155 
0.14946 -0.212846 0.613742 
0.544304 -0.335176 0.853508 
0.188476 -0.686425 -1.28036 
-0.119362 0.0407012 0.21934 
0.21508 0.0637603 -0.299836 
0.338043 0.0270076 -0.549148 
0.385641 -0.215351 0.070491 
0.206512 -0.303035 0.906615 
0.387974 -0.30637 -0.638459 
-0.158778 0.00964139 -0.450288 
-0.30505 -0.0668188 -1.14862 
-0.0658257 0.316193 -1.60933 
0.245812 -0.133751 -1.57021 
0.490274 0.280228 -1.59688 
0.0166723 0.380021 -0.863685 
-0.207341 -0.0862069 -0.526903 
0.21911 -0.15018 -0.517967 
0.12847 -0.355985 -0.698214 
0.0498774 -0.195628 -0.956252 
-0.258943 -0.00379843 -1.15189 
0.450138 -0.186154 1.21897 
0.249898 -0.16412 -1.4789 
0.401897 -0.451394 0.281848 
0.0553328 -0.616099 0.307404 
0.22348 -0.362179 -0.0359784 
-0.212904 -0.42066 -1.12057 
-0.0410945 -0.0517625 -0.518088 
0.432969 -0.486698 -0.0308527 
0.157466 -0.280757 -0.57565 
0.157555 -0.303138 -0.775038 
-0.0172438 -0.267135 -0.413384 
0.479279 -0.472691 -0.0972644 
0.394229 -0.508562 -0.289831 
0.148705 0.0227273 -0.944322 
0.136426 -0.00606437 -0.803204 
0.0294372 0.0239829 -0.298216 
-0.304929 -0.390646 -0.44684 
0.194867 -0.588549 -1.17853 
0.522559 -0.748187 0.682544 
-0.758623 -1.02351 -0.899518 
-0.249991 -0.124581 -0.223849 
-0.026029 0.151169 -1.27835 
-0.0843776 -0.459107 -0.962575 
-0.157286 -0.530219 -0.396521 
0.173915 -0.591545 -0.0762534 
0.189016 -0.543653 -0.062137 
0.127902 -0.395631 0.209636 
-0.380164 -0.670523 -0.33356 
-0.404062 -0.278648 -0.8933 
-0.218022 -0.619596 -1.32046 
-0.173884 -0.359846 -0.750074 
0.309387 0.0406088 -0.808781 
0.517737 0.0861881 -0.441834 
0.0666382 0.112175 -1.80177 
0.123776 0.0708021 -0.133562 
0.0731766 0.180788 -0.589012 
0.29908 -0.350863 -1.81012 
0.0616131 0.0835303 -1.27223 
0.260021 -0.0509526 -2.0911 
0.136666 0.0138764 -0.30468 
0.281516 -0.0978973 -0.940506 
0.388192 -0.00754068 0.0231694 
0.0247354 0.146559 -1.3231 
-0.0300869 -0.334211 -0.276979 
0.117583 0.184618 -1.17715 
0.182277 -0.418664 0.616332 
0.359171 -0.380642 -1.12664 
0.122352 -0.184614 -1.1589 
0.00172324 -0.0849903 -0.971254 
-0.12374 -0.143224 -0.962473 
0.262573 0.102162 0.714662 
-0.246847 -0.29812 -0.495363 
0.383366 -0.210776 -0.0388771 
0.29529 -0.50751 -0.719693 
0.0932779 -0.461692 -0.962612 
0.533332 -0.662041 -0.779739 
0.249221 -0.188127 -0.0621372 
-0.185715 0.16434 -0.788447 
-0.0200188 -0.333989 -0.512647 
-0.0545599 -0.993266 0.409498 
-0.0548573 -0.345372 -1.23415 
0.023172 -0.191904 -0.669244 
0.0507274 -0.498448 -0.15875 
-0.151772 -0.364869 -0.357725 
0.117123 -0.214103 -0.853644 
0.0576427 -0.478574 0.409651 
-0.294709 -0.000932141 -0.797579 
-0.108908 -0.592637 -0.676841 
0.0322009 -0.325099 0.187802 
0.0331514 -0.262901 -0.196755 
-0.238782 -0.466042 -0.746912 
0.149193 -0.43167 -3.06617 
-0.203764 -0.703208 -0.295433 
-0.252473 -0.336279 -0.892185 
0.299795 -0.24944 -0.203711 
-0.103618 -0.0954678 0.432955 
-0.161281 0.188753 -0.601767 
-0.273566 -0.284837 0.677701 
-0.185646 0.489105 -0.511406 
0.299606 -0.0113781 -0.491184 
0.133551 0.00111288 -0.295221 
-0.117731 -0.217447 -0.789447 
-0.145892 0.0337236 -0.967681 
-0.316345 0.326835 -0.566128 
0.233959 -0.106812 0.420368 
-0.179368 0.150631 -0.227586 
-0.241959 -0.178217 0.15237 
-0.173464 -0.0666901 -1.95957 
-0.0718722 0.165959 -1.58278 
0.0808543 -0.126049 -0.415378 
0.0159011 -0.138336 1.27993 
0.312455 -0.100059 1.04418 
0.225167 -0.385673 0.512852 
0.0388213 -0.0432193 0.429531 
-0.189539 0.125676 -1.66473 
-0.305038 0.170522 -1.12221 
0.0615705 -0.119449 -1.27343 
-0.173042 -0.0427709 -2.2738 
-0.0384199 -0.33568 -0.857027 
0.0770656 -0.177169 -0.436189 
-0.151043 -0.223096 -1.15357 
0.0865821 0.209067 -0.917087 
0.344857 -0.0260182 -0.990697 
-0.0290062 0.0947917 -2.1731 
-0.0754847 -0.406661 -1.67294 
0.0064385 -0.249685 -1.50347 
0.128509 -0.54888 -0.299587 
0.127243 -0.681397 0.945259 
0.115637 -0.39295 -0.150303 
-0.112706 -0.318439 0.684647 
0.0630586 -0.164034 0.13474 
-0.138905 -0.0557938 -1.15587 
0.218551 0.120871 -1.23172 
0.122959 -0.476889 -0.734488 
-0.0207768 -0.36188 -0.481919 
-0.0252596 -0.500695 0.816258 
-0.0446324 -0.014493 0.131745 
-0.430489 0.0340472 -1.58391 
-0.120928 -0.053951 -0.0316181 
-0.128599 -0.364347 -0.0380073 
0.0320109 -0.522876 -0.423837 
0.0860852 -0.234602 -0.496905 
-0.0440695 -0.130042 -0.89048 
0.202174 -0.275429 -1.02779 
0.472076 -0.694198 -0.798199 
0.759674 -0.377645 -0.255728 
-0.114092 0.0705015 0.0826694 
0.0757133 -0.164455 -1.87935 
0.0887633 0.172351 -0.965173 
-0.251771 -0.353114 1.52586 
-0.157025 0.0671962 -0.366632 
0.0389591 -0.354448 0.558089 
-0.0123579 -0.305154 -1.14544 
-0.261651 -0.0397447 -2.88545 
-0.380538 -0.218459 -1.76483 
0.197302 0.095718 -0.735902 
0.296996 -0.0522716 -0.239636 
0.616264 -0.561333 0.365197 
0.0594505 0.0403004 -1.07317 
0.0459625 -0.408999 -0.398029 
0.245768 -0.662896 0.285819 
0.0825956 -0.329555 -0.434472 
0.411649 -0.0373444 -1.71783 
0.263958 -0.508332 2.11599 
-0.0917913 0.0963146 1.11103 
0.0556658 0.200408 -0.856263 
0.612896 -0.537395 -0.0740848 
0.796321 -1.0986 -0.493321 
0.247547 -0.678491 -1.66648 
0.128132 -0.210374 -0.235527 
0.441358 -0.198157 -0.257015 
0.552803 -0.760571 0.604639 
-0.109703 -0.349248 -1.03469 
0.123335 -0.411618 -0.722957 
0.291143 -0.619027 0.385512 
-0.171475 -0.355345 -1.4161 
-0.369265 -0.106369 -0.638202 
0.225053 -0.291763 -0.108245 
0.640963 -0.181434 -0.39338 
0.324486 -0.100318 -0.132517 
-0.0427374 -0.417075 -0.283621 
0.0179159 -0.441755 -1.3097 
-0.0278558 -0.23134 0.324844 
-0.0755318 -0.189086 -0.369912 
-0.232092 -0.156698 -0.548234 
0.061093 -0.465588 -0.284251 
0.118132 0.259218 -0.559707 
0.313591 -0.667242 -0.33903 
0.0181734 -0.422244 0.121794 
0.0418599 -0.818823 -0.416195 
-0.394829 -0.0860698 -0.937602 
-0.262462 -0.0744738 -1.52006 
0.252811 -0.493405 -0.725328 
0.768353 0.0187461 -0.967683 
0.524656 0.172802 0.276353 
0.480346 -0.0894278 -0.0128159 
0.668049 -0.368698 -0.501212 
-0.132568 0.00360309 0.103569 
0.145241 -0.415957 0.756944 
0.320825 -0.744856 0.494938 
0.77511 0.0687908 0.696202 
0.545476 0.0317485 -0.671587 
0.610685 -0.240809 0.20626 
0.122568 -0.168437 -0.559873 
-0.275222 0.547738 -0.655383 
0.0992439 -0.377932 -1.01369 
0.100272 -0.0944063 0.0112515 
0.407097 -0.171995 0.386071 
0.131926 -0.149166 0.709711 
0.0955077 -0.45316 -0.393768 
0.397667 0.372072 -0.778679 
0.662869 -0.151982 0.962273 
-0.179184 0.255991 -1.19244 
-0.199401 0.0164936 -0.319472 
-0.147528 -0.706791 -0.240774 
0.384002 -0.429559 0.369506 
0.567288 0.0690759 -0.0733707 
0.38519 -0.342813 -1.59022 
0.202728 0.0100207 -0.445521 
-0.211832 0.10964 -0.795249 
0.569071 -0.272883 -1.85788 
0.504055 0.257535 -0.417138 
0.192233 -0.208417 0.38899 
0.675558 -0.303053 -0.227422 
0.429517 -0.370956 -0.28051 
0.54531 0.228343 0.268713 
0.722369 -0.0813432 0.168171 
0.39827 -0.18223 -1.59405 
0.379328 0.135139 -0.30964 
0.404392 -0.0341194 -0.316005 
0.320922 -0.109539 1.55844 
0.344218 -0.343594 -0.42882 
0.525619 -0.365233 -0.210296 
0.371228 -0.280778 0.0837241 
0.805411 -0.195961 -0.350582 
0.104518 -0.271768 -0.770144 
0.0861038 -0.140856 -0.255961 
0.544232 -0.40536 -1.14714 
0.751083 0.0690333 1.16413 
1.27254 -0.393644 -0.159138 
0.997076 -0.274092 -0.404908 
0.6484 0.0890535 0.431388 
0.39234 0.176618 0.0876807 
0.600228 0.0111894 0.409829 
0.735603 0.152682 0.069212 
0.657164 -0.269491 0.873691 
0.334089 -0.257152 1.13415 
0.650685 -0.355607 0.940109 
0.527546 -0.29366 0.713748 
0.35881 -0.386568 -0.933267 
1.11537 -0.126125 -0.18182 
0.445357 -0.492736 -0.733176 
0.0379464 -0.21255 0.181604 
0.0966126 0.00502061 -0.629919 
0.250437 -0.313992 -0.351079 
0.375259 0.0108114 0.73351 
0.274429 -0.0790932 0.92003 
0.30874 -0.110906 0.350659 
0.187683 -0.147017 0.427075 
0.212652 0.00079769 1.03609 
0.365912 -0.20902 0.732524 
0.553262 -0.682955 0.563857 
0.468778 -0.506235 0.170787 
0.317295 -0.285741 0.333336 
0.578863 -0.216206 0.480541 
0.411573 0.010172 -0.208217 
0.285817 0.128045 0.145599 
0.710923 -0.212196 -0.10154 
0.662328 -0.260839 1.38391 
0.428604 -0.594836 0.806489 
0.731086 -0.895747 -0.38126 
0.552867 -0.263335 1.04846 
-0.184829 -0.106308 1.13296 
0.191029 -0.19974 0.376955 
0.257204 0.0515357 0.249364 
0.521628 -0.399734 0.171549 
0.700792 -0.741334 1.10866 
0.506604 -0.466828 0.359871 
0.115779 0.0943713 -0.450099 
0.326481 -0.416351 -0.461784 
0.261693 -0.258483 0.336961 
0.871123 -0.772466 -0.23924 
0.575722 -0.0830034 -0.245624 
0.485193 -0.183893 -0.136522 
-0.533631 -0.0522503 -1.62933 
-0.183817 -0.436887 -0.092315 
0.27739 -0.462939 -0.64943 
0.208176 0.570849 -1.17575 
0.462156 -0.483042 0.303676 
0.446861 -0.318135 0.443534 
0.602996 -0.351821 0.509752 
0.35826 0.144347 0.520273 
0.0792238 0.363589 -0.879908 
0.106423 0.367986 -0.542322 
-0.0343664 0.598713 -0.70761 
0.187595 0.327013 1.31374 
0.562172 -0.512209 0.716462 
0.108591 0.234702 0.233252 
0.286623 -0.0622497 0.518363 
0.122237 0.0274581 0.438723 
-0.0168589 0.0375607 0.105908 
-0.360908 0.309512 0.341986 
0.18189 0.222846 0.409355 
0.350326 0.121358 0.114223 
-0.126732 0.307487 0.0663847 
0.019588 0.0431976 -0.40884 
-0.0559969 0.0482758 -0.494105 
-0.0924271 -0.397114 -0.0970113 
-0.113831 -0.0459745 0.567974 
0.170487 -0.0323372 -0.127992 
0.195193 0.0351387 0.926774 
0.18824 0.199345 0.906987 
0.19468 -0.494186 0.594181 
0.580778 0.0156761 -0.0244892 
0.127611 0.285219 0.364226 
-0.148914 -0.0722614 0.897453 
-0.320586 0.229876 -0.871829 
0.290395 -0.406498 0.00468865 
-0.135245 -0.370801 0.30575 
0.510256 -0.741472 1.41639 
0.161505 -0.202264 -0.0401512 
0.137347 -0.222854 0.589873 
-0.351142 -0.17619 -0.77605 
-0.0403568 -0.213266 -0.0187755 
0.256357 -0.460214 0.593118 
0.00665086 -0.214947 -0.80011 
0.156045 -0.120422 -0.848292 
0.393535 -0.207658 -0.0823974 
0.256188 -0.287286 -0.649543 
0.527637 -0.291497 -0.0610979 
0.161901 -0.359795 -0.949894 
0.415265 -0.415421 -0.454313 
0.00652662 0.0955116 -0.450458 
0.188632 -0.541745 -0.487692 
0.476642 -0.492952 -0.208517 
0.140888 -0.172322 -0.0269951 
0.180753 -0.255211 -0.119629 
0.268089 -0.0654267 1.21512 
-0.120891 0.265753 0.0501261 
0.242819 -0.533629 0.524076 
-0.23089 0.199599 0.0627125 
0.312141 -0.465633 1.26121 
0.243549 -0.0271885 0.377663 
0.227271 -0.141732 -0.326658 
0.0354707 -0.0996675 1.12008 
-0.372023 0.366051 -0.380107 
0.31026 -0.231494 0.426277 
-0.18129 0.0932913 1.1693 
0.0962801 -0.255561 1.61362 
0.0910123 0.311691 0.193456 
0.126237 -0.325053 -0.457557 
-0.0917431 -0.287158 -0.105585 
0.133848 0.319564 -0.160011 
-0.0571605 -0.156341 0.475084 
-0.22819 -0.0207931 -0.457684 
0.628829 -0.916771 1.04046 
-0.142884 0.435916 0.703344 
0.225574 -0.308137 1.14676 
-0.01117 0.00560151 -0.628057 
0.258765 0.285556 -0.579939 
-0.0504576 0.0707993 -1.27483 
-0.241673 -0.0624353 0.536554 
-0.210901 -0.125945 -0.461773 
-0.0468141 0.0289638 -0.33917 
0.155656 -0.525944 0.920708 
-0.245151 0.204674 0.0667312 
0.116222 -0.45933 0.0392918 
-0.409919 0.397916 -2.56721 
0.171923 -0.145397 0.0195901 
0.315356 0.0145916 -0.0251947 
0.0131791 -0.35748 -0.473154 
0.322458 -0.510994 0.700977 
0.340152 -0.144691 0.130866 
0.202919 -0.450025 -0.368647 
-0.419226 0.128959 0.657816 
-0.40223 -0.180293 -0.242587 
-0.22598 0.019644 0.44147 
-0.213372 -0.622992 1.56146 
-0.0913338 -0.153002 0.569919 
-0.17679 0.170032 0.0247863 
0.0919061 -0.204371 0.409947 
0.161674 -0.692036 0.253734 
-0.0999125 0.361998 -1.12806 
-0.21841 0.417768 0.220445 
0.0698575 -0.183705 1.09816 
0.0493799 0.0240802 0.486352 
-0.1796 0.344509 0.764461 
0.0868013 -0.0569846 0.607551 
-0.175139 0.210834 0.159626 
-0.114522 0.0478272 0.36267 
0.284071 -0.245771 1.50546 
-0.119132 0.146963 -0.940944 
-0.213158 -0.12216 0.662302 
0.311524 -0.487201 0.433293 
-0.324726 0.334204 -0.584074 
0.0488188 0.375365 0.513033 
0.0534757 0.256122 -0.484207 
0.084658 0.708053 0.141855 
-0.142055 0.198234 0.718667 
0.0613306 0.0212439 0.0826653 
-0.525565 -0.0152585 1.31366 
-0.311501 -0.346893 -0.137694 
-0.0964036 -0.646111 0.663528 
-0.126265 -0.263104 0.312452 
-0.366025 -0.465335 0.934331 
-0.0267751 -0.22716 0.012412 
0.238426 -0.397201 -0.109422 
-0.38017 -0.436704 -0.704457 
-0.113352 0.321043 0.239625 
0.204691 -0.216745 -0.0536439 
-0.0804093 -0.103441 0.138882 
0.453066 -0.400582 0.851018 
0.347153 -0.0873515 0.232358 
0.320107 0.250937 1.40566 
0.505509 -0.1698 0.128471 
0.48113 -0.368014 -1.56444 
0.125811 -0.21434 0.353806 
0.295753 -0.276917 -0.0451401 
-0.388705 -0.409532 -0.577248 
-0.0589333 -0.373439 1.28953 
0.169057 -0.201071 0.789703 
0.111387 -0.59136 -0.336368 
-0.0646357 -0.0673739 -0.46849 
-0.0763345 -0.549369 0.536348 
0.0363781 -0.33679 -0.605341 
0.108166 -0.27051 0.0214979 
-0.107326 -0.0503448 -0.289753 
0.517766 -0.117161 -1.01255 
0.212681 -0.163986 -1.00868 
0.250694 -0.116438 -0.0989497 
0.180991 0.246716 0.0176039 
0.161634 -0.265949 -0.679094 
0.177718 -0.108234 -0.47603 
0.177831 -0.350852 1.03261 
0.452932 -0.33442 -0.0989209 
-0.0068012 0.149162 -1.48687 
0.467031 0.00156179 -0.0534938 
0.0143315 0.00770228 0.303336 
-0.292119 0.737978 -1.83555 
0.136357 -0.0330287 -0.389387 
0.392523 0.145012 0.179099 
0.120613 0.416244 0.243029 
0.321866 -0.458338 0.136493 
-0.10744 -0.0135295 -0.336298 
0.0216955 0.180025 0.619702 
0.168883 0.0781618 -0.130895 
0.0377088 0.0093858 0.0562085 
0.0301059 0.331857 0.375599 
-0.222143 -0.112878 -0.234095 
-0.223813 -0.0781971 -0.0185987 
-0.132493 -0.334499 -0.128732 
-0.0684562 0.362772 0.231691 
0.0274299 -0.266707 0.588791 
0.110009 -0.105065 0.120623 
-0.0813827 -0.537485 -0.391008 
-0.112505 0.353764 -0.0926081 
0.162082 0.100517 -0.102692 
0.291783 0.0642923 0.375202 
0.0286205 0.235653 -1.24394 
0.241204 -0.0100111 -0.415978 
0.33931 -0.382819 -0.0587668 
0.341142 -0.427153 -0.625558 
0.560849 -0.185571 -0.11654 
-0.101033 -0.411745 -1.21571 
-0.113392 -0.144533 -0.549233 
0.021998 -0.300093 1.27413 
0.68452 0.102407 0.327307 
0.239005 0.116461 0.923149 
0.412303 -0.364092 0.550003 
-0.0533679 0.231419 -0.257557 
0.12005 0.00111674 -0.337904 
0.150367 -0.441879 -1.11745 
-0.0981088 0.0258496 -0.10338 
-0.109522 0.414117 0.0899111 
-0.403948 0.268357 0.607842 
0.187367 0.150972 0.748031 
-0.255842 0.0727927 -0.305087 
0.0683079 -0.0613326 -0.503334 
0.359431 0.296056 1.87664 
-0.105941 -0.0656035 2.21858 
0.284034 0.373166 -0.704144 
0.533662 0.0756426 0.825311 
0.317958 0.275121 0.509348 
-0.115918 0.411812 1.88071 
-0.0747592 0.565008 0.943257 
0.0082487 0.265223 1.28192 
-0.11943 0.0514898 1.30895 
-0.0444184 0.195689 1.9967 
0.0360992 0.147323 0.40887 
0.145105 0.235264 1.69473 
0.210829 0.149346 0.875651 
0.0977903 0.160558 1.10121 
-0.420299 0.00985665 0.76641 
-0.0852492 -0.00804235 0.559778 
-0.209519 0.0931846 0.535801 
0.0487643 -0.36421 0.442319 
-0.0231157 0.0409955 1.66619 
0.36578 -0.14123 1.08652 
0.278246 -0.00245974 0.998344 
0.251146 -0.092733 0.156277 
0.257015 -0.114903 0.788227 
0.0845105 -0.415241 0.129075 
0.298209 -0.0750553 0.998991 
0.317471 0.298718 0.596564 
-0.00575013 0.406394 1.17255 
-0.145078 0.337611 1.04703 
0.301498 0.00257392 0.504935 
0.234884 -0.0704734 1.02502 
0.287832 0.262981 1.52233 
0.260063 -0.0327864 1.37489 
0.252303 0.239956 0.876738 
0.543064 -0.0397794 1.01109 
0.356322 -0.00565885 1.45169 
0.156725 -0.0344736 0.9767 
0.067738 -0.361697 1.25331 
-0.0686187 -0.241452 1.55056 
0.508544 -0.124096 1.28611 
0.762223 0.378816 1.48473 
0.21059 -0.320493 0.331061 
0.33435 -0.732619 0.962854 
-0.325368 -0.0496544 -0.080325 
-0.00234168 -0.0476824 0.738076 
0.142809 -0.368103 1.22433 
0.181426 0.0133047 0.619922 
0.24298 -0.223232 0.827357 
-0.165606 -0.0656382 0.472357 
0.296462 0.394927 0.148613 
0.224733 0.375621 1.35316 
0.110915 0.0632728 0.603334 
0.30028 0.256684 1.79505 
0.28793 -0.199949 1.45375 
-0.269864 0.0454544 0.987503 
-0.0751228 0.350876 0.949267 
-0.241022 -0.0167774 0.944858 
0.0707155 0.332278 0.982777 
0.474722 -0.207771 1.28125 
0.169164 0.107734 0.632823 
0.0984771 -0.24717 1.12549 
0.120727 0.0187688 0.719727 
0.266512 0.429081 -0.072069 
0.440476 0.00150808 1.01009 
-0.0222675 -0.349455 0.329672 
-0.295087 0.249705 -0.0184008 
0.0375889 -0.0246546 -0.00682024 
-0.0246994 -0.0745634 0.445872 
0.16248 0.0897491 0.230397 
0.334806 -0.213541 0.785904 
0.407096 -0.349155 0.895269 
0.250658 0.100905 0.783285 
-0.041627 -0.0879892 0.3946 
0.285419 -0.40519 0.133819 
-0.00949286 0.140543 1.52119 
0.296224 -0.094939 1.63843 
0.115769 -0.273244 0.623864 
0.202023 -0.131997 0.772821 
0.342164 0.26687 0.777733 
-0.202509 0.344455 0.601337 
0.247087 -0.0994038 1.21115 
0.328978 -0.0539035 2.07071 
0.068091 -0.0396847 1.58932 
0.0943867 -0.159247 0.627157 
0.488965 -0.146113 0.20679 
0.282852 -0.359796 -0.217282 
0.695867 0.0346441 0.876656 
0.105316 -0.480395 0.515428 
0.335119 -0.163614 1.02445 
-0.082867 0.0747121 0.417926 
0.0667733 0.327937 0.0293044 
0.249192 -0.313313 0.951524 
0.292585 0.188448 0.271327 
-0.0369435 0.0902037 1.05345 
0.398704 -0.226766 1.02201 
-0.18983 -0.120356 0.673193 
0.160216 -0.441118 0.667378 
0.401138 0.0248955 0.261292 
-0.0589051 -0.121074 0.324327 
0.153558 -0.0340339 0.286116 
-0.192213 0.22462 -0.460033 
0.12564 0.353466 0.691901 
-0.195466 0.0488882 -0.286095 
0.105774 0.265055 -0.526529 
-0.409396 0.541695 0.148435 
0.0481319 0.0528876 -0.781194 
0.00543637 0.0607359 1.13744 
0.0145423 0.161626 0.512508 
0.160212 0.395076 0.270069 
-0.0243546 0.330434 -0.780998 
-0.271173 -0.0400171 -0.526555 
-0.0690169 0.457932 0.592163 
-0.168163 0.252636 1.33983 
0.419126 0.18006 1.23109 
0.394715 -0.0480333 2.5528 
0.119254 -0.0416477 1.53678 
0.18645 0.255425 -0.108666 
0.0659792 0.0967496 1.36465 
0.407056 0.248677 0.675145 
0.160233 -0.20458 0.256962 
0.0714334 0.124491 0.708627 
0.207986 0.109737 -0.0454541 
0.0633729 0.32773 -0.215844 
0.157694 -0.271773 1.10616 
0.0153108 -0.128487 1.6011 
-0.0156602 -0.246017 0.351897 
0.240506 -0.132334 0.0489741 
0.0270667 -0.109508 0.308038 
0.600892 0.168663 0.890222 
0.339875 -0.0491563 0.260735 
0.16189 -0.126356 1.5578 
0.349266 -0.0729225 0.174518 
0.0707522 -0.296559 0.622264 
0.175572 0.0437607 0.42612 
0.327427 0.0753803 1.20353 
0.0655216 -0.284094 0.735829 
0.274809 0.112351 1.4285 
0.0281097 -0.279255 -0.18954 
0.0733388 -0.0207796 0.386887 
0.634428 -0.160133 1.48942 
-0.0839574 -0.19503 -0.599617 
0.431617 0.0189116 0.867009 
0.310667 -0.171834 0.357028 
0.141408 -0.103851 0.128968 
0.451492 -0.429254 0.135368 
0.447158 -0.112974 1.08352 
0.0170394 0.0169753 1.16436 
0.218336 0.287477 0.369869 
0.00685369 -0.14308 -0.233805 
-0.123895 0.10351 -0.00034373 
-0.56688 0.347984 0.702396 
0.0529658 0.213489 0.71085 
0.145105 -0.0615627 1.41008 
0.37 -0.132321 1.11159 
0.23531 0.260556 2.01361 
0.0683824 0.0441691 0.959016 
0.238907 0.0165441 0.368354 
-0.016493 -0.185916 -0.12688 
-0.0560738 0.0381472 0.731716 
0.0981975 0.29216 -0.142626 
-0.0621744 0.234834 0.613443 
0.181356 -0.342563 1.45587 
-0.139514 0.0381697 0.1792 
0.13483 0.0713653 0.989491 
0.0996571 -0.0779143 1.5962 
-0.0298773 0.126475 -0.602752 
0.210466 0.0588206 0.2575 
0.229601 -0.0308594 1.24448 
0.0170246 0.665237 0.673739 
0.459256 0.122874 0.710021 
0.465473 0.304389 0.64528 
-0.190008 0.83882 -0.761858 
0.592729 0.209362 2.04397 
0.365598 -0.0857375 1.23691 
0.269756 0.153237 0.908258 
0.579242 0.0206472 2.09714 
0.247523 -0.0403893 0.626789 
-0.0490385 0.0806778 0.379154 
-0.0890957 0.0462164 0.37322 
-0.061034 0.164746 0.31218 
0.141594 0.0747385 1.28879 
0.344334 -0.123813 0.926456 
0.171515 0.574509 -1.25726 
0.606594 0.0510817 -0.30465 
0.218454 -0.215061 0.88273 
0.224334 -0.467826 -0.107382 
0.379715 0.0897036 0.32303 
0.20953 0.137648 -0.290129 
0.31033 -0.0784071 0.376825 
0.263379 -0.0870257 0.239084 
0.691144 0.0816339 1.06322 
0.172649 -0.00247847 0.305177 
0.877253 -0.768779 2.75823 
0.670382 -0.232932 1.96045 
0.276047 -0.586748 0.957886 
0.0982039 0.0969044 0.316358 
0.0278668 0.456795 0.418238 
-0.19367 0.488146 0.820095 
0.357929 -0.040452 -0.0361639 
0.629266 -0.0012743 0.710778 
0.418611 0.00664738 0.2555 
0.073091 -0.162627 0.580948 
-0.212868 0.539201 -0.678214 
0.374668 0.31777 0.428825 
0.137202 0.203536 -0.115731 
0.347934 -0.077954 0.234674 
-0.0846199 0.19833 -0.946117 
-0.19356 0.436678 -1.33339 
-0.274897 0.0574947 0.0727698 
0.277846 0.351497 0.348281 
0.0326394 -0.0386237 0.266692 
-0.0743185 -0.0835844 0.400969 
-0.258098 -0.13914 -0.608891 
-0.321828 -0.0694398 -0.659332 
0.127031 0.289279 0.7206 
-0.0873291 -0.0384921 1.04723 
-0.222466 -0.084038 0.405778 
-0.729236 -0.052193 0.064888 
0.00962105 -0.0722079 -0.478627 
0.274194 0.00964594 0.249914 
0.065558 0.240721 0.911887 
-0.0533005 0.124783 -0.0453603 
-0.173483 0.0882975 1.23438 
0.0475012 -0.251921 -0.427902 
0.231533 0.20074 0.908073 
0.287359 0.110041 1.30762 
0.426421 -0.471059 -0.202118 
0.356701 0.489778 0.574585 
-0.223156 0.496859 0.251837 
0.184285 -0.326889 0.30872 
0.376059 -0.0315048 1.40554 
0.586172 -0.0684537 0.895249 
0.326581 0.150601 0.449347 
0.747562 -0.372714 1.46027 
0.183 -0.0498445 0.303062 
0.403815 -0.289029 0.471656 
0.410054 -0.149067 0.890237 
0.17069 0.0493289 0.492289 
0.0289309 0.326185 0.570322 
0.661619 -0.327403 0.675571 
0.50357 -0.244253 1.08106 
0.393082 -0.549519 1.77009 
0.37715 0.254553 0.170101 
0.405839 0.00239341 -0.534967 
0.664824 0.223196 0.630725 
0.450494 -0.0670228 -0.754531 
0.474738 -0.119284 1.48627 
0.246226 0.463881 0.319725 
0.097941 0.261998 -0.504993 
-0.0419694 -0.40389 -0.560263 
0.420096 -0.428283 0.288861 
0.305125 -0.0391214 1.20986 
0.458703 0.00638318 0.0148329 
0.490247 -0.345414 0.680028 
0.0615065 -0.180185 1.26087 
0.0817085 0.0945537 -0.539244 
0.135258 0.294362 0.349467 
0.041193 -0.121818 1.30448 
0.290243 -0.361655 0.260849 
0.193934 -0.263695 -0.13295 
0.368473 -0.16296 0.395016 
0.120249 -0.11028 0.245488 
-0.121459 -0.0405239 -0.352365 
0.328615 0.0661592 0.186516 
0.349092 0.461086 0.679439 
0.199174 -0.154299 0.399217 
0.0023995 -0.227465 1.0211 
0.249488 -0.253695 1.02791 
0.198714 0.0345113 1.84438 
-0.0327928 0.190885 0.564921 
0.382183 -0.266803 1.71968 
0.374357 0.193058 2.32886 
0.0267584 -0.0899629 0.299197 
0.179745 0.157969 1.29322 
0.237207 0.076064 0.292817 
0.475394 0.0741474 0.926 
0.312347 -0.1723 1.61761 
0.103581 -0.343901 1.41367 
0.22692 -0.0514101 1.18995 
0.377783 -0.633742 1.86339 
0.401088 -0.16196 0.343652 
0.221015 -0.149891 0.730301 
0.681242 -0.0120077 0.241921 
0.753395 -0.131573 0.49954 
0.425514 0.0505445 -0.018819 
0.0768459 -0.216301 1.00535 
0.668427 -0.0257215 1.38745 
0.561707 -0.372822 0.387638 
0.444202 -0.178805 -0.653435 
0.521261 0.0452981 0.726479 
0.589569 0.178567 0.146992 
0.526748 0.256409 0.624747 
0.478168 0.46627 0.74304 
0.644315 -0.338577 0.422759 
0.0339115 0.128996 -0.0733562 
0.544739 -0.113408 0.924621 
0.801854 -0.312341 1.33123 
0.137002 0.510024 0.587193 
0.602741 -0.111731 0.887442 
0.610942 -0.302704 1.27012 
0.0538132 0.0779534 -0.20736 
0.905309 -0.128391 0.31475 
-0.229982 -0.433864 -0.684508 
0.602006 0.106786 0.759096 
0.799942 0.106165 0.816554 
0.822942 -0.366803 0.559738 
0.484519 -0.173247 -0.248196 
0.153617 -0.402875 0.0799437 
0.255653 -0.123868 -1.19576 
0.268982 0.164539 -0.0668544 
0.372106 -0.742207 0.917714 
0.279572 0.041835 -0.354477 
0.648905 -0.377828 0.496108 
0.190314 -0.195645 0.572698 
0.898231 -0.00102185 0.452878 
0.384416 0.526102 -0.79404 
0.5549 -0.43899 -0.446078 
-0.00994902 -0.191136 -0.408301 
0.443024 -0.301394 0.82794 
-0.0820551 -0.00785445 0.0672816 
0.665656 0.0218268 0.0992516 
0.676274 -0.0325512 -0.458954 
0.382349 -0.372491 -0.291817 
0.3038 0.155301 0.265667 
0.297399 -0.250327 0.0500568 
0.230774 -0.130709 0.21644 
-0.126409 -0.146151 -1.58581 
0.135111 -0.204783 -0.776448 
0.238373 -0.572788 -1.09484 
0.29604 0.119965 0.113002 
0.323043 -0.00708562 0.381646 
0.416127 0.141123 0.556387 
0.520252 -0.338078 0.912828 
0.0287366 0.0840602 -0.544296 
0.338773 -0.343301 1.02629 
-0.119807 -0.208775 0.030708 
0.80222 -0.0545049 -0.215421 
-0.0649056 -0.010208 -0.465185 
0.140704 -0.177477 -0.544737 
0.304781 0.169563 0.771172 
0.418802 0.348346 -0.0253639 
-0.172036 0.0675304 -0.449682 
0.117158 0.132882 -0.875727 
0.172543 0.0620791 -0.0525968 
0.114806 -0.188545 0.367413 
0.610802 0.223092 0.827525 
0.529344 0.460382 0.0590059 
0.0346971 0.140889 0.918166 
0.33432 0.114692 0.201162 
-0.0693348 0.157454 0.30044 
-0.0800189 0.282153 0.65358 
0.120285 0.158735 0.100258 
-0.113954 -0.0806237 0.357225 
-0.153724 0.268639 -0.992357 
0.581466 0.200708 0.355969 
0.0656225 -0.33452 0.897867 
0.303413 0.171018 0.545856 
0.245536 0.0905033 0.923564 
0.074526 0.345109 -0.500704 
-0.0268605 -0.12145 0.747498 
0.180199 -0.0740542 0.82381 
0.345568 -0.309799 0.538764 
0.0620259 0.0158991 0.372088 
0.34673 0.01291 0.0731013 
0.184319 0.146343 0.364454 
0.501601 0.493226 0.205679 
-0.0309633 -0.062152 0.65428 
0.134965 -0.301907 0.833212 
0.0705692 0.101529 1.31692 
0.178941 -0.273507 0.110365 
-0.323459 0.0280468 1.43496 
-0.0701069 -0.329538 0.80106 
-0.518548 0.441118 -0.0216511 
-0.0360249 0.145656 0.688379 
-0.0472375 -0.0887968 0.561709 
0.177474 -0.23813 1.05973 
-0.145921 0.204652 0.166946 
0.105209 0.284579 -0.164236 
-0.202241 0.0584068 0.159018 
0.236605 -0.0234669 0.223525 
0.249481 -0.251859 0.662632 
0.187888 -0.171457 0.103298 
0.18216 -0.321533 0.124575 
0.113992 -0.21206 0.0489381 
0.211256 -0.120869 0.977527 
0.112097 -0.377787 0.860523 
0.27017 0.0388714 0.12806 
0.283796 -0.326104 1.03228 
0.135164 0.0879874 0.434636 
0.170943 -0.116254 0.157158 
0.161628 -0.0454791 0.643286 
-0.0956417 -0.018136 1.36878 
0.204228 0.0925838 0.0285691 
0.206042 -0.140417 0.317741 
0.789678 -0.05296 1.03955 
0.251033 -0.219098 0.755939 
0.386159 0.129435 0.563774 
0.289491 0.363012 -0.153475 
-0.248424 0.0481118 0.773981 
-0.053812 0.0446571 -0.273322 
0.175512 0.16989 -0.0194797 
-0.0245893 0.27635 -1.13961 
0.332625 0.505007 0.674656 
0.682905 0.515711 1.08471 
0.488986 -0.0337108 1.19745 
-0.11746 -0.0758436 0.33244 
0.189343 0.0268003 0.927433 
0.238575 -0.0819536 0.314915 
-0.142234 -0.00532836 0.92986 
0.244245 -0.166339 0.462894 
0.298507 -0.0639471 1.20495 
0.534071 -0.345665 2.40595 
0.385554 -0.225075 0.996234 
0.397094 -0.112866 0.361241 
0.156239 0.521299 0.99595 
0.0706341 0.171921 -0.00699032 
0.160763 -0.29204 0.856388 
0.63049 -0.348921 1.11065 
0.420732 0.102236 0.133329 
0.440031 -0.0375367 -0.102626 
0.617595 -0.0936688 1.3685 
0.402536 -0.241595 0.6401 
0.488106 0.132437 0.100948 
0.617186 -0.194203 -0.545781 
-0.014159 -0.160118 -0.609199 
0.229969 -0.0624202 0.343272 
0.300577 0.075938 0.75117 
0.547441 -0.518826 0.306617 
0.387671 -0.408558 0.714958 
0.309087 -0.0935804 1.32273 
0.411431 -0.207057 0.853395 
0.514875 -0.154612 0.464336 
0.226272 0.0607767 1.11305 
0.409519 -0.233581 0.706302 
0.385619 -0.25611 0.733024 
0.283203 -0.0995921 0.145617 
0.304013 -0.346317 0.958329 
-0.31476 -0.365145 -0.0231225 
0.0358304 0.0305509 -0.645306 
0.224124 0.100167 -0.144084 
0.418361 0.271443 1.30903 
0.647077 0.143421 1.29662 
0.562505 -0.141136 0.252908 
0.378949 0.307803 0.299874 
0.513955 0.119353 0.907888 
0.773219 -0.108561 0.822064 
0.902987 -0.483493 0.499318 
0.463493 -0.408928 1.1864 
0.676947 0.0512665 0.671918 
0.502389 -0.0798655 0.676968 
0.706467 0.193698 1.4268 
0.534512 0.142066 1.31059 
0.206831 -0.167441 0.492742 
0.330924 0.082836 0.276365 
0.460678 0.54011 0.0477215 
0.312128 0.160615 1.28041 
0.611992 0.0186492 -0.309756 
0.723919 -0.180559 0.201545 
0.935588 -0.268694 1.49397 
0.529002 -0.259907 1.21652 
0.534389 -0.03573 1.30374 
0.0217855 -0.268336 0.434682 
0.0326696 0.365232 0.522763 
0.685135 -0.170074 -0.392289 
0.314107 0.00266578 0.917361 
0.373122 -0.327218 0.122537 
0.499428 0.0508273 1.61287 
0.486948 0.238147 1.30179 
0.760211 0.0229017 2.41268 
0.449853 0.314767 0.244134 
-0.0137997 0.110758 -0.212649 
0.271113 0.170009 0.141852 
0.0841403 0.100475 -0.172272 
0.3738 -0.269614 0.819787 
0.301746 0.00255196 1.08688 
0.571421 0.102513 1.14297 
0.865526 -0.349498 1.21458 
0.333748 -0.0861766 2.44374 
0.370931 -0.064507 0.757056 
0.672715 0.420318 1.56703 
0.61458 -0.198226 1.12822 
0.706143 -0.404545 1.6273 
-0.075151 -0.256864 -0.583825 
-0.060874 -0.00216848 -0.0772876 
0.374429 -0.406345 1.24963 
0.37823 0.0339429 -0.117911 
0.18316 0.0776321 0.0432934 
0.567841 0.150663 0.651807 
0.283501 -0.202488 -0.0901211 
0.368375 -0.466409 1.44791 
0.174485 -0.260385 1.18938 
0.525173 -0.0916134 1.51429 
-0.0360909 0.107089 0.0808804 
0.0842538 0.482151 0.77873 
0.267946 -0.0841537 0.701155 
0.173664 0.412716 0.28766 
0.530403 0.104893 -0.226274 
0.243211 0.0579767 -0.654676 
0.164434 0.155249 -0.156477 
0.122242 0.109417 -0.186661 
0.533524 0.0508288 0.549421 
0.264303 -0.367618 -0.827798 
1.04555 -0.20859 0.257485 
-0.0650889 0.0502653 -1.20424 
0.334156 0.500264 -1.76967 
0.159052 -0.0414192 0.84808 
0.188811 -0.433873 -0.372045 
0.131765 0.193646 -0.518959 
0.155199 0.428785 0.360342 
0.299764 -0.109692 0.0627164 
0.144883 0.0299908 -0.134436 
0.463054 -0.129649 0.103838 
-0.0138672 -0.208366 0.345142 
0.196313 0.178791 -0.785902 
0.834719 -0.652047 0.00436283 
0.374074 -0.595651 0.424684 
0.367711 -0.352929 1.83285 
0.431158 -0.024972 1.35127 
0.262748 -0.119896 -0.00899377 
0.391443 -0.213143 0.968227 
0.301422 -0.483138 0.318888 
0.206105 -0.359164 -0.362736 
0.302903 -0.0296031 1.72345 
0.364318 -0.236062 0.133232 
0.816082 -0.244922 2.02572 
0.293335 0.048821 1.25464 
0.303382 0.0565204 -1.14082 
0.256519 -0.468652 -2.19127 
-0.016753 -0.185088 -1.3231 
0.305793 0.113858 -0.131882 
0.76246 -0.28221 -0.161033 
0.505303 -0.096759 -0.330884 
0.401339 -0.553896 -0.74302 
-0.112305 -0.311786 -0.936426 
0.449106 0.203784 -0.919646 
0.161231 0.281509 0.825247 
0.258226 0.103312 -0.618927 
0.0106557 0.0353983 -0.543976 
-0.471434 -0.145411 -0.333323 
0.50992 0.441604 -0.128254 
0.121356 0.326664 -1.32351 
0.362894 0.181653 -0.308755 
0.512209 0.221951 -0.184504 
0.240004 0.108965 -1.28002 
0.0458706 0.0344362 -1.96089 
0.412367 -0.0464642 -1.97405 
0.492353 0.0828605 -1.6563 
0.0747836 -0.161741 -0.216614 
0.324244 -0.260442 -1.05687 
0.228522 -0.0856746 -0.728234 
-0.0878253 0.41038 -0.795126 
0.367292 0.623306 -0.459491 
0.306321 -0.265662 -0.818119 
0.211084 0.0784759 -1.02002 
0.281668 -0.525767 -0.818432 
0.504643 -0.263132 -1.00164 
0.247317 -0.437573 -0.406726 
0.160864 -0.0589027 -0.421304 
0.652339 0.173239 -1.40528 
0.164373 0.108579 -0.263185 
0.386293 -0.506565 -0.673404 
0.532341 -0.320459 -1.50428 
0.319585 -0.635345 -1.26266 
0.231446 -0.125566 -1.08901 
0.331391 -0.245642 -2.27386 
0.176328 0.227527 -1.16152 
0.496886 -0.154443 0.0584448 
0.213515 -0.0459402 -2.15324 
0.452331 -0.327623 -1.42087 
0.499385 -0.367121 -0.285242 
0.367312 0.253713 0.136768 
0.438809 -0.3748 -0.466804 
0.747355 0.0749581 -1.07748 
0.28001 -0.0787446 0.0490479 
0.538122 -0.357748 -0.5908 
0.403717 -0.42615 -1.23839 
0.515983 -0.333234 -0.230697 
0.707436 -0.33315 0.334121 
0.575314 -0.506351 -0.415421 
0.485859 -0.224517 -0.980488 
0.576922 -0.569677 0.150301 
0.46899 -0.853534 -0.333678 
0.601716 -0.646162 -1.08343 
0.394993 -0.399297 -1.02569 
-0.0569035 -0.234237 -1.3098 
-0.185936 -0.222508 -0.920438 
0.0344733 -0.31843 -2.36774 
0.240199 0.408213 -0.0943797 
0.0385056 0.0952633 1.62495 
0.0856072 0.324025 0.66116 
0.149505 0.0653599 -1.45709 
0.649669 0.0639515 -0.595899 
0.476643 0.0519048 0.395933 
0.292698 -0.257123 0.233064 
0.518435 -0.180121 -0.424682 
0.849827 0.272645 -0.939669 
0.697841 0.601894 -0.103639 
0.58965 0.269174 -0.212888 
0.404006 0.104197 0.953505 
0.535992 -0.111056 -0.594241 
0.198637 0.202414 0.074012 
0.24451 -0.217119 0.847031 
0.0978339 0.0882668 -0.84407 
0.232283 -0.157798 -0.0848714 
0.624677 0.196722 0.818083 
0.0379015 -0.469596 -0.256208 
0.600817 -0.0500263 -0.892484 
0.821568 -0.255683 -0.250007 
0.619051 -0.00672814 -0.495168 
0.789106 -0.461049 0.619942 
0.21106 -0.729941 -0.903943 
0.317401 -0.366233 -0.828527 
0.187417 0.038333 -1.14909 
0.360138 -0.300871 -0.623094 
0.884238 -0.241816 -0.30894 
0.418674 -0.366356 0.602399 
0.358532 0.284315 -0.450368 
0.617682 -0.0792399 -0.667308 
0.717096 -0.0400707 -1.17841 
0.157164 -0.232141 -0.557571 
0.75146 -0.419989 0.313403 
1.02171 -0.278737 -1.0277 
0.420563 -0.743015 -0.594834 
0.702257 0.279051 -1.61958 
0.376537 0.0228362 -1.10622 
0.580218 -1.01879 -0.567388 
0.587228 -1.09177 -0.180959 
0.733271 -0.122655 -0.431383 
0.35638 -0.503863 -0.0104011 
0.660385 -0.0699743 -1.90721 
0.887335 -0.261002 -1.27276 
0.381163 -0.11858 -0.818452 
0.297814 -0.356084 0.602223 
0.674124 -1.11794 0.917544 
0.095893 -0.148069 0.154272 
0.554052 0.134776 -1.68259 
0.49322 0.0101258 -1.50905 
0.485022 -0.241775 -0.509403 
0.381657 -0.281604 -1.3547 
0.564509 -0.0504036 -1.09465 
0.20314 0.0830162 -0.450928 
0.208135 0.00111807 -1.55651 
0.545101 0.384448 -0.378763 
0.321118 -0.00372178 -1.44245 
0.407241 -0.146591 -0.546031 
-0.0170898 -0.716846 -0.0986812 
0.381223 -0.679943 -0.542588 
0.689976 0.149896 -0.294429 
0.470374 -0.27464 -0.909469 
0.15987 -0.258509 -1.48724 
0.396344 -0.115062 0.193333 
0.265486 -0.506001 -0.38623 
0.36938 -0.298144 -0.679877 
0.691632 -0.617707 -0.651468 
0.27621 -0.181752 -2.02547 
0.706507 -0.0570271 -1.59755 
0.403095 -0.185628 -0.439893 
0.500907 -0.468773 -0.603931 
0.694275 -0.629318 -0.558123 
0.200214 -0.581807 -2.19968 
0.286338 -0.886898 -2.49666 
-0.0622125 -0.587104 -0.724594 
0.806815 -0.329001 -0.814983 
0.33378 -0.394152 0.233204 
0.41044 -0.0756577 -0.692952 
-0.0167629 -0.262182 1.02463 
0.0136525 -0.355334 0.0500683 
0.491267 0.0881002 -0.318371 
0.203651 -0.321459 -0.858885 
0.22697 -0.721548 -0.750891 
0.666115 -0.590173 0.151517 
0.274584 -0.64262 -0.35818 
0.523251 -0.429551 -0.997821 
0.443291 -0.417601 -0.789904 
0.0965475 -0.630371 1.04875 
0.474785 -0.869048 -0.507711 
0.390848 -0.700316 -0.590853 
-0.409432 -0.495964 0.128717 
-0.079395 -0.301291 -0.0476313 
0.252354 -0.630797 -0.157279 
0.0341122 -0.445046 -0.913757 
0.210038 -0.26528 -0.494537 
0.830525 -0.591085 -0.772382 
0.0794652 -0.0291655 -0.169166 
-0.356543 -0.0885758 0.28423 
-0.11021 -0.282328 -0.710796 
0.203888 -0.356856 -0.238656 
0.718856 -0.11803 -1.14193 
0.42625 -0.448323 -0.579813 
0.303656 -0.268678 -0.351656 
0.397213 -0.3295 -2.2342 
-0.36078 -0.448307 -0.862417 
0.6447 -0.0300354 -0.380143 
0.40307 -0.172441 -1.1333 
0.502692 -0.319156 -1.14099 
0.271789 -0.462275 -0.726042 
0.39885 -0.442859 -2.00413 
0.280881 -0.44923 -1.29699 
0.02189 -0.18221 -0.0752361 
0.0522999 -0.193669 -0.935971 
0.0333774 0.0975024 0.0117448 
-0.271153 0.00837117 0.180368 
-0.109162 -0.295835 -0.722798 
0.276309 -0.184295 -0.677887 
0.507084 -0.445803 -0.902758 
-0.0508612 -0.427106 -1.34872 
0.320886 -0.965548 -0.977535 
0.0127623 -0.779873 -1.14849 
0.0591658 -0.310427 -1.35531 
-0.027821 -0.115666 -0.518529 
0.170406 -0.368655 -0.891793 
-0.0791973 -0.590277 0.286237 
-0.0406621 -0.0342258 -1.61622 
-0.175421 -0.262723 -1.45381 
0.485677 -0.169287 -0.531124 
0.661152 -0.318972 -0.396123 
0.125788 -0.588303 -0.354763 
0.193984 -0.475498 -1.45567 
-0.0630832 0.115871 -1.01411 
0.572621 -0.800022 0.1499 
0.553391 -0.836419 0.513484 
0.124437 -0.529284 -1.16253 
0.279896 -0.138209 0.226764 
0.201283 -0.815709 -0.452584 
0.036435 -0.580414 -0.779188 
0.581341 -0.306019 0.0608815 
0.306416 -0.0720422 -0.90373 
0.258027 -0.588743 0.19051 
0.053478 -0.592733 -1.72608 
0.336673 -0.475827 -0.308713 
0.424181 -0.325692 -0.665682 
0.323495 -0.0123075 -1.46468 
0.176013 -0.0829797 -0.442384 
0.185459 -0.336794 -1.15526 
0.468894 -0.08157 -0.0857745 
0.692912 -0.112987 -1.55994 
0.569018 -0.306795 -1.25148 
0.259453 -0.650832 -1.05748 
0.224592 -0.102855 -0.996484 
0.0780544 -0.192459 -1.24184 
0.532566 -0.387128 -0.264472 
0.184616 0.0384954 -1.41359 
0.505562 -0.513465 0.0157896 
0.782386 -0.451872 0.0133137 
0.361418 -0.197882 -1.52186 
-0.0530208 -0.386838 -0.763106 
0.0829075 -0.136482 0.059421 
0.0156975 -0.129538 0.150484 
0.0736055 -0.295485 -0.869865 
0.674322 -0.811456 -0.584905 
0.346837 -0.54999 -0.125423 
0.132342 0.0647836 0.134135 
0.0578956 -0.51346 -0.0746405 
-0.387288 -0.296446 -1.4113 
0.558667 -0.703631 0.834891 
0.146313 -0.0205283 0.616986 
0.1029 -0.474562 -1.25645 
-0.0774301 -0.431391 -1.01745 
0.0805203 -0.668657 -0.11896 
0.622149 -0.950274 0.879415 
0.198223 -0.874065 1.94712 
-0.124657 -0.499266 0.0352588 
0.254209 -0.897806 0.759124 
-0.0693954 -0.449863 -0.374966 
0.290498 -0.183436 -0.988595 
0.141903 -0.876092 -0.117396 
0.414171 -0.719889 0.503285 
-0.0579544 -0.524058 -0.148446 
0.221432 -0.795963 0.293601 
0.114468 -0.680046 0.496906 
-0.133445 -0.703355 0.836533 
0.181861 -0.598166 0.167959 
-0.110312 -0.901589 -0.742308 
0.407438 -0.766426 0.153297 
0.107061 -0.396759 0.292398 
0.356013 -0.521874 -0.487518 
0.0733712 -0.427493 0.669572 
0.199778 -1.05476 1.3229 
-0.172323 -0.420629 0.461054 
-0.183384 -0.70495 -0.363754 
-0.234996 -0.290893 -1.22166 
0.468604 -0.631177 0.310263 
0.299081 0.172382 0.0939068 
0.262928 -0.274969 -1.1229 
0.316093 -0.138202 0.196256 
0.350425 -0.202689 0.76711 
0.217243 -0.391548 -0.530768 
-0.00795301 0.453598 -1.06109 
0.190032 -0.556514 0.122374 
0.215825 -0.855593 0.894582 
0.279212 -0.599515 0.61206 
0.0813406 0.0646759 -1.65706 
0.435126 -0.115733 0.591228 
0.564784 0.427679 -0.458988 
-0.0847188 -0.196589 0.0424514 
0.117692 0.163691 0.102745 
0.275387 -0.483043 0.0506847 
-0.0239431 0.258354 -0.417074 
0.0638529 -0.0486061 -0.694503 
0.130606 -0.453811 -0.535351 
0.0729369 -0.204335 -0.605247 
0.0385116 -0.0457576 -0.102909 
0.0298726 -0.798502 -0.567586 
0.0963932 -0.356601 0.10819 
0.0748848 -0.425975 0.31095 
-0.196101 0.393003 -0.0894214 
-0.221621 -0.454066 -1.5439 
-0.10999 -0.347176 0.0200485 
-0.22893 -0.309478 -1.9469 
-0.0522158 -0.150967 -0.658067 
0.721574 -0.233101 0.956311 
-0.155657 0.273233 -0.860851 
0.444116 -0.359911 0.523619 
0.0457184 -0.7907 -0.221271 
-0.134036 -0.140807 0.0588034 
-0.103925 -0.0498269 -0.529366 
0.0643187 -0.380477 -0.958563 
0.215782 0.0127355 -1.6519 
0.402038 -0.122643 -1.32158 
0.357257 -0.352267 -0.407678 
0.192357 -0.639496 -0.294313 
-0.0301056 -0.0403655 -0.0442988 
0.0756383 -0.0399614 -1.02301 
0.447967 -0.438673 0.846321 
0.588819 -0.395433 1.22185 
0.540716 -0.374116 0.159343 
0.134786 -0.432969 0.126623 
-0.0225106 -0.253111 0.0309158 
0.195822 -0.217351 0.362208 
0.571597 -0.59647 0.0202932 
0.535878 -0.399722 0.793175 
-0.143633 -0.0293211 0.449042 
0.182109 0.136891 0.186477 
0.427148 -0.504163 -0.418521 
-0.122799 -0.203695 -0.423589 
0.755376 -0.299557 0.937377 
0.367249 0.0713941 0.205677 
0.446717 0.205047 -0.94175 
0.466953 0.0874954 -0.0656801 
0.0763664 -0.18627 0.249346 
0.299552 -0.239824 1.1991 
0.207743 -0.0149728 1.22042 
0.0399346 -0.424266 0.617184 
-0.00950881 0.0105654 0.0857226 
-0.284263 -0.386872 -0.217989 
-0.112303 -0.0634808 0.957477 
0.344356 -0.26185 0.487558 
0.544538 -0.390042 0.964203 
0.653179 -0.580295 0.881726 
0.602805 -0.521063 0.743469 
0.391171 -0.389671 0.191279 
-0.112384 -0.0810591 -0.356665 
0.476565 -0.264516 0.441165 
0.564074 -0.283901 1.62853 
0.499176 0.202395 0.803976 
0.155732 0.272381 0.166275 
-0.0605708 0.105006 -0.0685088 
-0.212633 -0.0585346 -0.511479 
0.158727 0.226573 -0.147306 
-0.0184246 -0.309454 -0.339543 
0.312851 -0.472747 1.03186 
0.45163 -0.302114 0.560303 
0.193542 0.204104 -0.216645 
0.658648 -0.216158 -0.157819 
0.73451 -0.509801 0.539159 
0.586897 -0.231365 0.84048 
0.328842 -0.0443032 -0.194483 
0.407788 0.254589 0.146352 
0.64778 -0.372753 0.129755 
0.366785 0.26686 -0.362769 
0.0596722 0.40041 -1.08354 
0.254268 0.0441679 -1.15374 
0.560495 -0.155383 0.301026 
0.94752 -0.128139 0.717303 
0.622439 -0.11139 0.548488 
0.0800174 -0.213161 0.80454 
0.729974 -0.284168 0.834993 
0.518133 -0.403029 0.667109 
0.685685 -0.492591 0.736182 
0.664358 -0.745167 0.380309 
0.362802 -0.334807 0.0584283 
0.401735 -0.0519222 -0.0332256 
0.603209 -0.26725 0.486995 
0.391137 -0.505153 1.00414 
0.327323 -0.0127003 0.542815 
0.386506 -0.0926075 0.759561 
0.754277 -0.35926 1.67406 
0.342085 -0.393659 0.355546 
0.703229 -0.301027 0.221601 
0.518608 -0.299472 0.282218 
0.204205 -0.36216 2.8809 
0.17956 -0.91453 1.44327 
0.855842 -0.65848 1.56211 
0.333814 -0.7806 2.18565 
0.359585 -0.824453 1.25098 
0.0963252 -0.110297 0.449187 
0.409978 -0.50852 -0.151927 
-0.0999864 -0.0329766 0.100811 
0.794715 -0.572215 1.15663 
0.582558 -0.323754 0.584696 
0.895993 -0.428147 0.506382 
0.491259 -0.826079 1.14427 
0.0568076 -0.491434 1.36099 
0.638772 -0.324303 0.771374 
0.922652 -0.263153 0.91478 
0.62638 0.0158551 -1.60813 
0.805214 -0.729845 1.41607 
0.259465 -0.186328 -1.12048 
0.43565 -0.630911 0.701119 
0.498313 -0.293196 -0.287587 
0.415369 -0.0747194 -1.22708 
0.466611 -0.0165032 -0.157945 
0.0323341 -0.0810125 -0.487981 
-4.06018e-06 -0.43729 -0.176949 
0.267408 -0.616124 0.671181 
0.379828 -0.462574 0.73074 
0.526975 -0.324348 1.375 
-0.0102087 -0.730727 0.311709 
0.688843 -1.32295 0.258623 
0.413056 -0.415523 -0.133116 
0.438141 0.0329577 -0.158172 
0.223081 -0.183897 -0.019191 
0.354504 -0.634287 0.240358 
0.53342 -0.345359 0.811475 
0.127608 -0.489817 0.0533717 
0.191949 -0.0654444 0.257565 
0.339591 -0.793957 0.188642 
0.330151 -0.498586 0.892631 
0.351818 -0.274029 0.657969 
0.0240311 -0.770874 -0.0723146 
0.557196 -0.350314 1.69521 
0.444234 -0.440072 -0.0471159 
0.552627 -0.048218 0.298917 
0.400607 -0.403143 0.467205 
0.707939 -0.277017 -0.32375 
0.454695 -0.622797 -0.07635 
0.453103 -0.647691 -0.626758 
0.208427 -0.342935 -0.337545 
0.433471 -0.287022 0.0997798 
0.0173466 -0.121414 0.498093 
0.404964 -0.209484 0.0147953 
0.341158 0.0833119 0.226525 
0.105706 -0.95248 0.00857276 
0.113596 -0.212834 0.458341 
0.597995 -0.259045 0.263929 
0.41603 -0.632537 1.60475 
0.413388 -0.573126 1.22509 
-0.235466 0.00501838 0.692465 
0.208334 -0.440308 -0.0544793 
0.000809547 -0.555314 0.0616806 
0.0647731 -0.520808 1.91605 
0.441746 -0.2901 0.613962 
0.714257 -0.447751 0.297195 
0.258692 -0.314534 -0.820264 
0.249547 -0.367013 0.554553 
0.0741383 -0.0741864 1.24753 
0.13969 0.120512 1.24662 
0.0952298 -0.733702 0.0668199 
-0.0101813 -0.392395 0.0338943 
-0.249778 -0.392586 -0.444322 
0.0958911 -0.802036 0.105561 
0.20033 -0.789041 0.516652 
0.0548363 -0.165424 0.107627 
0.0507621 0.120904 -0.348322 
0.0894468 0.0197977 0.44355 
0.221764 -0.698187 -0.347932 
0.283187 -0.26349 0.532745 
0.146628 -0.174008 1.19027 
0.125202 0.0806918 0.428827 
0.309137 0.0124874 0.954032 
0.492306 0.0657711 -0.351803 
0.209786 -0.0735952 0.673429 
0.423559 -0.627013 1.50309 
0.2184 -0.326371 -0.508291 
0.186554 0.00502339 1.29231 
0.307157 -0.563676 0.130555 
0.133517 -0.411833 1.05641 
0.796497 -0.476128 -0.109648 
-0.0558385 -0.105671 1.80779 
0.461568 -0.187607 1.67086 
0.283538 -0.295462 -0.23897 
0.145675 -0.506791 1.23367 
-0.145562 -0.0591206 0.393427 
0.288561 0.239072 0.333836 
0.286008 0.115858 0.195942 
0.223201 0.114253 -0.546122 
0.32045 -0.11801 0.489534 
0.519837 -0.0570646 1.66127 
0.45463 0.0772938 -0.135661 
0.64297 -0.323923 0.906327 
0.28562 -0.515954 -0.358997 
0.599193 0.14764 0.977135 
0.694949 0.135777 0.881582 
-0.397566 0.00985308 1.37654 
0.304433 -0.168606 -0.0244745 
-0.0724503 0.629009 0.50124 
0.471083 -0.43259 1.73054 
0.25485 -0.200275 0.912009 
-0.0189334 -0.298165 0.322684 
0.1967 0.273637 0.6098 
0.568533 0.0150505 0.0132384 
0.40202 -0.144313 0.576783 
-0.0324983 0.108006 0.555618 
0.043862 0.0470353 1.56327 
0.0173089 -0.298828 1.22734 
0.0467171 0.194156 0.318477 
0.202016 -0.17517 -0.543843 
0.44201 0.159415 -0.287875 
-0.100448 -0.309223 0.0836347 
0.333795 0.171667 0.114695 
0.568625 -0.523652 0.902629 
0.514602 -0.164338 0.553859 
0.238762 0.220185 0.139791 
1.01187 0.0634575 -0.541527 
0.450291 -0.472659 -0.0639218 
0.403252 0.154092 -0.445411 
0.57265 -0.41387 1.6945 
0.260692 -0.294202 0.28252 
0.378193 -0.0191068 -0.333117 
0.3121 -0.107255 0.224983 
0.384369 -0.210406 0.379412 
0.581923 0.00897836 0.6579 
0.104112 -0.508623 2.10644 
0.387694 -0.416007 -0.546057 
0.184552 0.0525368 0.500253 
0.479979 -0.435472 0.298178 
0.29542 0.0771344 0.674262 
0.209229 0.325488 -0.206838 
0.0411981 -0.0267265 0.392568 
0.576765 0.0138027 0.729573 
0.0610162 -0.33392 1.25013 
0.386597 -0.0441673 2.50167 
0.16182 0.0724976 2.62002 
0.051924 0.0376651 0.998743 
-0.21288 0.22436 2.02687 
0.364157 0.152654 0.797487 
0.47113 0.0346786 1.04008 
0.573889 -0.183883 1.62926 
0.635825 -0.119781 1.24097 
0.339359 0.19524 0.530093 
0.122635 0.17558 0.219592 
0.100284 -0.00397737 0.356556 
0.457504 0.0120864 1.49571 
0.594067 -0.508118 0.976675 
0.618999 -0.390967 1.80181 
0.428362 0.0756304 0.851946 
0.167928 -0.350906 0.45492 
0.237063 0.000872336 0.387783 
0.560632 0.146499 1.38367 
0.590352 0.0244249 1.32848 
0.489703 -0.192075 1.04796 
0.700973 -0.444825 0.818616 
0.240452 -0.0374411 1.11826 
-0.239119 0.284327 0.313546 
-0.191359 0.519935 -0.326198 
0.218888 -0.127237 0.206922 
0.62935 -0.468825 3.14005 
0.450908 -0.289095 0.952403 
0.598338 0.294253 0.687078 
0.42987 -0.161188 1.15231 
0.10741 -0.062529 0.402262 
0.107143 0.0296783 0.716956 
0.222341 0.0897301 1.14446 
0.606271 0.0426997 1.13822 
0.7384 -0.0854282 1.8832 
0.369653 -0.0505608 0.647344 
0.805458 -0.051968 1.12788 
0.25526 -0.0843919 1.4675 
0.437905 -0.301355 1.07499 
0.324975 0.128544 2.46356 
0.483508 -0.167207 3.37058 
0.265415 -0.477411 1.21436 
0.718307 -0.297094 1.85679 
0.683756 -0.0646045 2.30059 
0.777078 -0.301753 2.52175 
0.747678 -0.280459 1.82579 
0.626157 0.157412 0.600502 
0.631188 -0.166928 1.98577 
-0.104577 -0.165019 0.953736 
0.295817 -0.179982 0.890256 
0.54911 -0.0745093 0.504515 
0.308744 -0.294373 1.09168 
0.283732 -0.355822 1.70578 
-0.0588436 0.195874 1.36706 
0.284143 -0.417127 0.514722 
0.0660266 -0.305798 2.30273 
0.426098 -0.276177 2.0979 
0.594366 -0.360538 2.69863 
0.333112 -0.303264 1.33301 
0.601567 -0.407751 2.0602 
0.319404 -0.163355 1.01902 
0.72205 -0.029567 0.0797466 
0.48756 -0.288083 -0.322801 
0.312156 -0.152564 1.33585 
0.640194 -0.239748 1.31458 
0.71113 -0.101312 0.859926 
0.514691 -0.194178 2.20494 
0.39447 -0.117776 2.40962 
0.57326 -0.421741 1.3352 
0.411144 -0.201822 1.15161 
0.546535 -0.0523962 1.49094 
0.73073 -0.405198 0.847591 
0.449866 -0.64418 0.637889 
0.397 -0.492499 0.904304 
0.817756 -0.585113 1.8764 
0.535604 -0.335314 1.09717 
0.816492 -0.120583 3.04222 
0.698384 0.223892 0.522051 
0.0964075 0.127979 0.401015 
0.0329103 -0.17758 0.947736 
0.618101 0.279216 1.09926 
0.483714 -0.243205 2.45973 
0.661428 -0.00879582 -0.326699 
0.860415 -0.400568 1.6112 
0.52522 0.124256 0.646696 
0.641002 -0.132336 0.366812 
0.441971 -0.219254 1.34781 
0.165213 -0.435201 -0.527205 
-0.106512 0.216439 0.131608 
0.655002 0.0135485 0.767352 
0.388806 -0.0895105 -0.356126 
0.174012 -0.235259 -0.258425 
-0.114693 -0.595987 0.851897 
0.698542 -0.129818 1.35824 
0.569053 -0.35537 1.19969 
0.185549 -0.49875 -0.523197 
0.179049 -0.205705 1.19408 
0.00236963 -0.0828837 0.739751 
0.00153357 -0.355004 0.955417 
-0.0515015 -0.274572 0.78795 
0.403034 -0.287956 2.244 
0.291573 -0.534088 0.977203 
0.144517 -0.811329 0.469726 
0.118209 -0.561227 -0.576548 
0.391586 0.249353 1.52116 
-0.210976 -0.108027 -0.0177292 
0.19902 -0.448272 0.744468 
1.04482 0.0943012 1.80457 
0.562292 0.0853912 0.14711 
0.142681 -0.146892 -0.285012 
0.328578 0.0114533 -0.669169 
0.0594218 0.174399 -0.109449 
0.0490544 -0.618515 1.94414 
0.576561 0.217237 0.0423136 
-0.143814 -0.39834 0.222594 
0.00510367 0.0706133 0.652607 
0.38152 -0.224085 -0.351742 
0.511419 -0.176524 1.21222 
0.141341 -0.340227 -0.299865 
0.0847072 -0.202265 0.023469 
0.172275 -0.657909 0.735716 
0.213706 -0.341863 0.13298 
0.438259 0.203157 -0.214053 
0.233398 -0.343493 0.411999 
0.213441 -0.151447 0.552409 
0.527564 -0.691252 1.45655 
0.42559 -0.0779682 0.567133 
0.640587 -0.191402 1.07221 
0.346951 -0.11858 0.515029 
0.081527 0.377402 0.913373 
0.0772464 0.224734 0.0385679 
0.129768 0.266736 -0.097224 
-0.107443 0.0319101 -0.874371 
0.296943 -0.230161 -0.195715 
0.881436 0.192963 0.619645 
0.717775 0.458516 1.31344 
0.545051 -0.00511147 -0.436987 
1.00446 0.209356 0.723352 
0.76984 -0.321766 0.978215 
0.156147 -0.236373 -0.214765 
0.651227 -0.0724399 0.485422 
0.732984 -0.192269 0.521043 
0.749293 0.0562482 0.681278 
0.0969131 -0.547622 0.0418812 
0.402829 0.00662818 -0.693474 
0.454978 -0.0366576 0.0287074 
0.289365 -0.177706 -0.737698 
0.672647 -0.346334 0.869233 
0.754135 -0.253057 0.211003 
0.770056 0.25121 1.343 
0.611135 -0.423184 0.173773 
0.534379 -0.659066 -0.0923938 
0.593575 -0.267921 0.478398 
0.304473 -0.340858 1.60079 
0.518603 -0.0989618 1.35381 
0.439123 0.0457256 0.601895 
0.637507 -0.0215544 0.848213 
0.776356 0.00494362 1.08522 
0.915441 0.0136912 1.15323 
0.694928 0.0615722 0.7027 
0.0870048 0.0615753 0.172875 
0.589084 -0.264292 1.02655 
0.240765 -0.272702 0.440303 
0.68825 -0.43772 0.902727 
0.824161 -0.127404 1.62638 
0.0876765 -0.0379835 -0.0854134 
0.302439 -0.551945 0.0771259 
0.787842 -0.0595682 0.92727 
0.87211 -0.462991 1.64731 
0.293113 0.0871181 0.148366 
0.235339 -0.0907637 -0.855256 
0.1771 0.323863 0.13653 
0.738508 -0.179022 0.411525 
0.300168 0.0941561 0.931858 
0.711222 0.0986283 1.40305 
0.38555 0.622692 -0.0537405 
0.584257 0.0518609 0.0399456 
0.407933 -0.00581404 -1.10243 
0.488 -0.0194591 1.06295 
0.35654 -0.210714 0.0889101 
0.111757 -0.0503515 0.158399 
0.125515 -0.0787196 1.61638 
0.462897 -0.156678 0.604708 
0.510456 -0.218063 0.473845 
0.600502 -0.347167 0.234965 
0.399026 -0.24439 0.581559 
0.828715 -0.0960653 1.106 
0.812473 -0.149147 0.18262 
0.3258 0.539024 0.535415 
0.118685 -0.203838 1.528 
0.372575 -0.649649 -0.189462 
0.92087 -0.518827 0.0260393 
0.307141 -0.838616 0.597552 
0.89711 -0.20662 1.79291 
0.277008 0.0262591 0.555867 
0.188528 0.0987465 0.484461 
0.0505618 -0.505359 -0.461946 
0.057773 0.562615 -0.39208 
-0.274662 0.0334192 0.512302 
0.364249 -0.0899867 0.736624 
0.943578 0.0134588 1.62354 
0.348173 -0.122261 0.735428 
0.78402 0.334803 0.559174 
0.3248 -0.224453 0.324783 
0.144501 -0.164108 -0.260722 
0.369205 -0.429718 0.170036 
0.551071 0.551418 1.46275 
0.559986 -0.160592 0.312086 
0.800314 0.0958896 -0.324401 
0.65544 0.561295 0.790847 
0.530435 -0.0374571 0.0319966 
0.514163 -0.301194 -1.24866 
0.662417 -0.304738 -1.63388 
0.372302 -0.0473252 0.120644 
0.683297 -0.36975 0.0563265 
0.401147 -0.301436 0.0404402 
0.307807 -0.184469 0.330678 
0.426667 0.0158725 -0.519917 
0.632143 -0.0613134 -0.254899 
0.637277 0.0311474 -0.257917 
0.476852 0.0122917 0.202275 
0.644522 -0.182148 0.00050699 
0.417317 -0.187438 0.0198801 
0.16679 -0.35226 0.649713 
0.413738 -0.031271 -0.902782 
0.307147 -0.0549585 0.234108 
0.334733 -0.269157 -0.384674 
0.0715524 -0.229038 0.375106 
0.494147 -0.423861 -0.0636898 
0.474116 -0.136112 -0.355823 
0.711471 -0.749559 -0.246841 
0.839519 -0.246884 -1.03492 
0.543772 -0.465047 -0.547586 
0.53617 -0.266042 -0.0406113 
-0.0143649 -0.704662 -0.273637 
0.60308 -0.375716 -0.243248 
0.696161 -0.298224 -0.946922 
0.394144 -0.254162 -0.440987 
0.567992 -0.611283 0.744288 
0.900404 -0.581203 -0.0936905 
0.720296 -0.674196 -1.26505 
1.02197 -0.512916 -1.31909 
0.650043 0.0562291 -1.14692 
0.0247048 -0.160288 -0.502095 
0.623124 0.185878 0.415675 
0.376046 -0.182816 -0.501374 
0.607782 -0.197896 -0.107593 
0.477565 -0.101129 -1.97898 
0.471828 -0.00948545 -1.60146 
0.741815 -0.0794681 -1.64168 
1.11719 -0.250271 0.26695 
0.668487 -0.16601 -1.42389 
0.684785 -0.107298 -1.75748 
0.346379 0.149433 -1.44064 
0.893488 -0.0447572 -0.655552 
0.723475 0.123633 -0.626464 
0.572533 0.0104024 -1.47366 
0.610928 0.181679 -1.34855 
0.87266 -0.0624971 -0.863464 
0.27412 -0.101161 -0.88524 
-0.348297 -0.171132 0.0491039 
0.18814 0.103406 -0.343911 
0.121046 0.0502471 -0.588056 
-0.2899 -0.262983 -0.836388 
0.76708 -0.50644 -0.760705 
0.780024 -0.102059 -0.923205 
0.497495 -0.240894 -0.148622 
0.439467 0.0105096 -1.09615 
0.539963 -0.209483 -0.634143 
0.15389 -0.110222 -0.631987 
0.5939 -0.130501 -1.15883 
0.247044 -0.0317442 -0.652727 
0.126442 0.107176 -0.623589 
0.413903 0.035083 -1.05443 
0.508814 -0.317151 0.0601865 
0.29212 -0.117521 -0.538518 
0.391193 -0.157792 0.0315323 
0.267404 -0.738118 0.276438 
0.810673 -0.613636 -0.409191 
0.618682 0.126036 -0.25518 
0.365879 0.0490348 -0.087874 
0.450149 0.108094 0.0552227 
0.801266 -0.145092 -1.65015 
0.812974 -0.534967 -0.258156 
0.469406 -0.198421 -0.0107986 
0.651988 -0.329119 -0.459821 
0.578863 -0.351969 0.457189 
0.000599596 -0.183503 -0.259648 
0.269936 -0.283006 -1.30884 
0.261732 0.0742807 -1.0775 
0.625586 -0.390429 -0.561746 
0.625473 -0.222431 -0.977512 
0.635429 -0.511762 1.79737 
0.522285 -0.196741 -0.224409 
0.210095 -0.576263 -0.781618 
0.466808 -0.284997 -0.513202 
0.707517 -0.417367 0.249111 
0.485152 -0.228025 -0.8913 
0.0793931 -0.0575923 -1.18101 
0.354277 -0.285752 -0.801132 
-0.111194 -0.547871 -0.378455 
0.476671 -0.657003 -0.823607 
-0.0385513 -0.637875 -0.846756 
0.605263 -0.489195 -0.863031 
-0.0727083 -0.528313 0.319814 
0.105328 -0.316149 -0.458749 
0.468694 -0.1439 -0.915233 
0.105739 -0.0209922 -0.399959 
0.281215 0.443896 -1.0165 
-0.0945479 0.313055 -0.754743 
0.537581 -0.189321 -1.9426 
0.00390298 -0.114959 -1.54014 
0.390847 -0.246696 -1.1726 
0.069912 -0.0836715 -1.48214 
0.268524 -0.172621 -1.24545 
0.282369 -0.0263983 -2.62503 
0.218257 0.00833724 -2.13895 
0.32964 -0.162986 -0.824173 
0.00362182 -0.145457 -0.801502 
0.292053 0.31401 -0.24907 
0.531645 0.174989 -1.21148 
0.152246 -0.480284 -0.923352 
0.224985 -0.109872 0.429903 
0.528524 0.0521932 -1.14818 
0.463649 -0.0115715 -1.46688 
0.359855 -0.681496 0.158404 
0.0668266 -0.515845 -0.709348 
0.213945 -0.39419 -0.999408 
0.0442333 -0.156484 -0.742784 
0.0855861 -0.29723 0.358071 
0.00997993 -0.107684 -1.14143 
-0.0817092 -0.560989 0.366512 
-0.203269 -0.0278745 -1.6447 
0.177985 0.145618 -1.8896 
0.461966 -0.291537 -1.16765 
0.181692 -0.53235 -1.51206 
-0.0103779 -0.177862 -0.678099 
-0.22661 0.548094 -2.40416 
0.411883 -0.0384589 -0.431911 
-0.0978345 -0.235404 -1.42218 
-0.0955077 -0.0334542 -0.181775 
-0.0122594 -0.202845 -0.573695 
0.454284 -0.448203 0.588323 
0.229639 -0.503363 0.652672 
0.0411685 -0.227008 1.27988 
0.402146 -0.273756 0.355238 
0.0478109 0.304824 0.137373 
-0.143779 -0.177728 0.181883 
0.0215867 -0.0482498 -0.000914918 
-0.031529 -0.183183 0.630198 
0.434065 -0.158213 -0.222471 
0.55976 -0.819446 -0.386184 
0.514877 -0.364361 -0.166336 
0.378013 -0.112152 -0.683495 
1.05591 -0.274418 -0.963982 
0.10627 0.516085 -1.47038 
-0.161029 -0.318028 -0.432004 
0.291866 -0.119147 0.163704 
0.373832 -0.309739 -1.40369 
-0.0271296 -0.0244027 0.484252 
0.479271 -0.205523 -0.887159 
0.351243 -0.0541206 -0.453033 
0.604992 -0.00683976 -0.363835 
0.659994 -0.138103 0.3313 
-0.209097 -0.0869785 -0.395207 
0.00696636 0.0712228 -0.997843 
0.333025 0.191373 0.128497 
0.819509 -0.273754 0.343224 
-0.101214 -0.218411 0.26984 
0.0613432 -0.637793 0.160916 
0.0302109 0.0382996 -0.757725 
0.619716 -0.35878 0.936098 
0.961972 0.0182722 -0.877803 
0.668306 -0.695943 1.15222 
0.150819 -0.194518 0.481434 
0.192955 0.0698691 -0.275874 
0.524862 -0.332705 -0.307447 
0.422457 -0.360325 0.593832 
0.658082 -0.461588 0.315697 
-0.286631 -0.116626 -0.431399 
0.105854 -0.320853 -0.615293 
-0.00728222 -0.523387 0.155277 
0.198494 -0.906148 0.642584 
0.0967279 -0.139699 -0.505476 
0.0769491 -0.134757 -0.384498 
0.354456 -0.532017 1.34406 
0.596874 0.0665048 -0.881183 
-0.0185407 -0.326064 -1.02957 
0.0210369 -0.406465 -0.302028 
-0.139647 -0.314467 -1.14264 
0.492057 -0.342859 -0.677074 
0.545089 -0.969584 1.1274 
0.208873 -0.531952 -0.130893 
0.522825 -0.185129 -1.05641 
0.306835 -0.295263 -1.47219 
0.327125 -0.515855 -0.692479 
0.39189 0.211177 -1.27361 
-0.420915 0.201253 0.0369525 
0.295032 -0.00746875 -0.390147 
0.490927 -0.47469 -0.180301 
0.494395 -0.617882 -0.129536 
0.474635 -0.383226 0.0133687 
0.464673 -0.066099 -0.829211 
0.197264 -0.00206801 0.835902 
0.161256 -0.198563 0.105313 
-0.198613 -0.241265 -0.370113 
0.521362 0.111552 -0.657077 
0.0966584 -0.6336 -1.03922 
0.302337 -0.0196327 -1.0571 
0.514524 -0.0850238 -0.760558 
-0.443001 -0.151116 -1.02905 
0.412803 -0.141271 -0.728174 
0.367194 0.0277875 -1.01904 
0.687952 0.518047 -1.83354 
0.671471 0.0445385 -0.929218 
0.402594 0.347898 -1.68242 
0.323083 0.25223 -0.789421 
0.195187 0.270717 -0.822983 
0.0550387 0.185047 -0.493316 
0.0262562 -0.0410147 0.104969 
0.124058 -0.18759 -0.998145 
0.566619 0.099135 0.17449 
-0.0999627 -0.274019 1.21337 
-0.0540767 0.106681 -0.869102 
0.466196 -0.251062 -0.701551 
0.525053 -0.300552 0.0220275 
0.701041 -0.20665 -0.763475 
0.0575673 -0.530795 -1.08796 
0.107073 0.0663466 -0.59551 
0.803972 -0.0256057 -0.95061 
0.19726 -0.0316417 -0.325767 
0.694587 -0.24114 -0.32906 
-0.157869 -0.0541145 -0.196258 
-0.253862 -0.174822 -0.594196 
0.0316566 0.393167 0.652961 
-0.0822772 -0.155967 -0.596337 
-0.279136 0.0865159 0.106512 
0.145362 -0.456263 -0.0231191 
0.338682 -0.142363 -1.18621 
0.268621 -0.636958 0.46979 
0.282463 -0.538163 -0.888861 
0.235455 -0.409782 -0.937819 
0.0263607 -0.442492 -1.76724 
0.104687 -0.437284 -0.463136 
0.259704 0.0355479 -0.826381 
0.261855 -0.353108 -0.271723 
0.198597 0.371518 -0.201184 
-0.174042 -0.168094 -0.600744 
0.426335 -0.0724632 -0.365266 
0.181567 -0.401742 -0.951968 
-0.112768 -0.67897 0.358963 
-0.0185864 -0.735892 0.102931 
0.121495 -0.534143 -0.652321 
0.14329 -0.218162 0.267202 
0.173724 -0.224974 0.220447 
0.105924 -0.294583 0.326975 
-0.359253 -0.42777 -0.713895 
-0.462513 -0.316303 -0.568232 
0.0983585 0.283994 -0.704307 
0.583378 -0.0476069 -0.0366005 
-0.164614 0.0127483 -0.823504 
0.0097802 0.0505369 0.013805 
0.0677763 0.0976823 0.149582 
0.229403 0.0683707 -0.0931643 
0.0993766 0.218409 0.274661 
0.195119 0.369925 0.8422 
0.258186 -0.22968 1.24353 
0.307178 -0.689265 1.26987 
0.360479 -0.0334445 1.02043 
0.10996 -0.46696 0.148738 
0.19032 0.125075 0.0242746 
0.29969 0.139727 -0.780004 
0.108058 -0.616291 1.05537 
0.529453 -0.359973 0.476222 
-0.0152704 -0.17766 0.568711 
0.00322271 -0.267219 -0.515182 
-0.0513363 -0.287646 -0.794046 
-0.0698849 -0.0362416 0.587519 
-0.017204 -0.176653 1.26326 
0.539508 0.0923694 0.324741 
0.283682 0.303722 1.218 
0.344527 -0.00576948 0.31249 
0.475697 -0.216634 -0.538972 
0.0817696 0.0735664 -0.5832 
0.417446 -0.232672 0.886842 
0.221997 -0.0703651 0.228784 
-0.199891 -0.209717 1.45792 
-0.189832 -0.47273 0.70375 
0.135012 -0.756867 0.22561 
0.304365 -0.240782 0.507552 
-0.180016 -0.349816 1.08677 
0.153781 -0.733107 0.593607 
0.158897 -0.0751746 1.10327 
0.417863 -0.747994 1.71553 
0.399491 -0.459835 0.69953 
0.435348 -0.318938 1.29267 
0.535668 -0.223449 0.0862961 
0.337322 -0.479931 0.326127 
-0.118149 -0.456428 -0.0823892 
0.276238 -1.17935 1.61801 
-0.0379039 -0.8759 1.68372 
0.136014 -0.310531 1.50918 
0.0218746 -0.109506 0.833378 
0.121724 -0.296176 0.154822 
0.137665 -0.33909 0.994327 
0.00531667 -0.464726 2.14072 
0.273026 -0.588409 1.33852 
0.097434 -0.632726 1.81934 
-0.0634536 0.137026 0.632206 
0.178867 0.333397 0.560265 
0.26923 0.101415 1.07697 
0.208196 -0.308244 1.33578 
0.272736 0.0800698 1.06515 
-0.204645 -0.759203 0.795436 
-0.17275 0.2651 1.42867 
0.303812 -0.118229 0.744743 
0.456259 -0.0164921 0.94445 
0.195398 0.00885853 1.06812 
0.0126328 0.0877152 0.0555343 
-0.0301672 -0.268505 -0.285326 
0.502956 -0.720045 -0.142906 
0.307614 -0.552985 1.2479 
-0.0986584 -0.639208 0.57121 
0.300316 -0.758125 -0.0642197 
0.23765 -0.443915 -0.520204 
0.464164 -0.0940481 0.260654 
0.145971 -0.215471 0.136008 
0.0141384 -0.0997987 -0.107806 
-0.047008 -0.341788 -1.10788 
0.193273 -0.502298 -0.42491 
0.304084 -0.21648 0.325603 
0.0154146 -0.296941 0.899449 
0.12979 -0.508021 -0.5314 
0.0309413 -0.60174 0.255345 
0.0934748 -0.401926 0.890187 
0.21499 -0.428468 0.0354065 
-0.0518269 -0.137158 -0.203891 
0.475363 -0.24007 -0.411571 
0.249632 -0.342017 -0.0402165 
0.478989 -0.189232 0.595974 
0.355157 0.203082 -0.752964 
0.062728 -0.103259 -0.0311103 
0.41288 -0.275431 -0.119949 
0.236704 -0.356574 1.04379 
0.297759 -0.365646 0.819469 
0.576784 -0.559512 0.405062 
0.586781 -0.264896 -0.189816 
0.0487952 -0.181085 1.06054 
0.0143172 0.0281653 -0.716269 
-0.0497888 -0.230973 0.204119 
-0.16297 -0.637216 -0.391639 
-0.104688 -0.627713 -0.66466 
0.591587 -0.528713 -0.164428 
0.416868 -0.301773 0.0223576 
0.0182211 -0.431823 -0.672078 
0.234959 -0.351326 -0.123997 
0.331633 -0.34274 -0.510462 
0.231717 -1.12334 0.230579 
0.284751 -0.657169 0.545959 
0.231412 0.035844 -0.321005 
0.190246 -0.346029 0.462892 
0.535481 -0.0272957 -0.266601 
0.16566 -0.121819 -0.334859 
-0.10938 0.142487 -0.00580856 
0.226007 -0.0554708 1.32682 
0.209249 -0.217365 -0.667686 
-0.123672 -0.0973406 -1.53578 
0.198822 -0.115477 0.204492 
0.60556 -0.0577266 0.907689 
0.407543 -0.584506 -0.607743 
0.00894387 0.0408295 -0.761436 
0.378233 -0.0365957 0.475847 
-0.0781218 -0.193061 -0.0728513 
-0.305294 0.320253 -0.896237 
-0.231219 -0.357963 -0.200056 
-0.025873 -0.102661 -0.0744903 
-0.205282 0.621714 -1.44988 
0.424775 -0.429617 0.861656 
0.160649 0.124707 -0.572314 
0.19527 -0.52058 0.768375 
-0.0186319 -0.0964896 -1.54079 
-0.128356 0.286497 -1.81998 
-0.06544 -0.391332 0.250336 
0.0294114 -0.0779449 -0.567424 
0.210331 -0.133772 0.737233 
-0.032766 0.00358879 -0.0535684 
-0.0488929 -0.263335 -0.860558 
-0.01212 -0.206523 0.101144 
0.181383 -0.409001 -0.269519 
0.0854718 -0.416556 -0.471612 
0.107989 -0.438875 -0.252713 
-0.00197897 -0.0433044 -1.33075 
0.787776 -0.743854 -0.618611 
-0.542089 -0.232676 -0.596026 
-0.141549 -0.240911 -0.619234 
0.0277662 -0.703152 -1.00705 
0.203775 -0.425608 -1.70735 
-0.437298 -0.000543653 -0.683118 
0.140639 -0.519584 -0.367527 
0.182478 -0.320995 -0.165773 
-0.282364 -0.0050406 -0.405065 
-0.0766613 0.0665665 -0.199788 
-0.563159 -0.454088 -0.295117 
-0.202824 -0.174955 -1.0513 
-0.426385 -0.52231 -0.252373 
0.0358608 -0.492512 -0.679055 
-0.241034 -0.941004 0.186595 
-0.191079 -0.64961 -0.465076 
-0.293755 -0.566246 0.712621 
-0.122079 -0.163571 0.342889 
-0.0253924 -0.0137525 -0.18545 
-0.11887 0.170762 -0.908298 
-0.307092 -0.0519766 -0.848172 
-0.178268 0.121101 -0.293031 
-0.225342 -0.137812 0.531988 
-0.27212 0.170125 0.321441 
-0.0342805 0.161879 -0.633683 
0.0715435 -0.15549 -0.490773 
-0.288548 -0.411074 -0.453297 
-0.108852 -0.22598 -0.607956 
-0.123222 -0.0780803 0.928814 
0.000451691 -0.333204 -0.303541 
0.037813 -0.376671 -0.394059 
0.198968 -0.60152 -1.08759 
-0.137488 -0.340921 -1.10086 
-0.0865387 -0.0421641 -0.918454 
-0.401833 0.206687 -0.762852 
0.318922 -0.388179 0.22093 
0.42381 -0.365404 0.346909 
0.345715 -0.466668 0.417162 
-0.083739 0.0845152 -1.53862 
-0.18199 0.171344 0.0456591 
-0.0489247 0.0290714 -0.374613 
-0.00893266 0.150256 0.673592 
0.232657 -0.347013 1.32273 
0.149984 -0.197179 -1.00771 
-0.0466754 -0.274551 1.11683 
-0.2353 -0.0409253 -1.55241 
0.0747865 -0.427638 -0.603105 
-0.26054 0.283364 -1.36339 
0.183169 -0.225438 0.967801 
0.216577 0.231506 -0.338799 
-0.592829 -0.47984 -0.30475 
-0.219356 -0.406224 -1.27265 
0.00549034 -0.28645 -1.0855 
-0.0848932 -0.123562 0.251232 
0.505823 -0.203608 0.879207 
0.133309 -0.554401 1.14378 
-0.117212 -0.139774 -0.034828 
-0.343314 -0.444167 0.308077 
-0.328687 -0.248883 0.965594 
0.192482 -0.458073 -0.459654 
-0.389421 -0.404059 0.552033 
-0.354121 -0.216611 0.569746 
-0.41333 -0.270191 0.529888 
-0.273266 0.00961467 -0.403787 
-0.425389 -0.0510812 -0.362323 
-0.307411 -0.0303906 -0.287531 
-0.124208 -0.0752657 1.76147 
-0.0137545 0.161996 0.813689 
-0.07877 0.218875 0.761169 
-0.0205622 -0.0792901 -0.0354198 
0.115797 0.0910847 -1.23728 
0.154288 0.293283 -2.84101 
0.20625 -0.238984 0.215152 
0.0169975 0.113173 0.263959 
0.0628704 0.397198 -0.493632 
-0.252106 -0.395301 -1.56873 
-0.317563 0.144243 -0.940274 
-0.0482262 0.351559 0.486057 
-0.0530143 0.732742 -0.799056 
0.412188 -0.238543 -0.610762 
0.0572828 -0.337219 0.586094 
0.105169 0.417684 -0.455135 
-0.240895 0.099186 0.828854 
0.287178 -0.0771481 -0.459436 
0.000906906 -0.190792 0.494915 
-0.064562 -0.203536 -0.575133 
0.245476 0.16981 0.404737 
0.151178 -0.140473 0.795812 
0.235747 0.0155931 -0.262329 
0.160295 0.159069 0.112696 
0.15923 -0.0667868 -0.0752505 
0.193057 -0.0521953 -1.72183 
-0.0854775 -0.0155503 -0.0516519 
0.06617 0.189125 -0.2883 
0.330005 0.0353978 -0.460701 
-0.135997 0.313663 -0.320072 
0.133377 -0.356465 0.282171 
0.152214 -0.321072 1.15482 
0.105408 -0.162092 -0.369871 
-0.336691 -0.477505 -0.511683 
-0.133304 0.0760538 0.271553 
-0.242943 -0.0916525 1.36953 
-0.129897 -0.144437 0.322956 
0.360262 -0.529631 1.37185 
-0.232591 0.257367 0.044806 
0.0979015 -0.0177313 0.577535 
0.166481 -0.101187 0.261977 
0.070489 -0.239105 -0.864609 
-0.0677026 -0.0422174 1.14263 
0.34778 -0.195825 1.44236 
-0.0936594 0.0707965 1.14389 
0.289971 -0.0334563 0.627707 
0.232363 0.252412 0.584355 
0.0618798 0.0409952 1.35349 
-0.454577 0.000396978 0.76416 
-0.0993935 -0.221409 1.29259 
-0.234477 -0.441733 0.2177 
-0.341215 -0.126275 -0.894906 
0.278062 0.271899 0.418233 
0.451982 0.164443 -0.456443 
0.363096 0.378863 1.41306 
0.567294 0.445265 0.0385129 
-0.0561383 -0.327726 0.628968 
0.312676 0.709218 -0.677086 
0.436942 0.403184 -0.433394 
0.57215 -0.0615924 0.901288 
0.394475 -0.266582 1.49466 
0.2801 -0.157802 0.179826 
-0.0115205 0.0564424 0.308057 
0.174908 -0.127108 0.212638 
-0.0959772 0.302702 0.217856 
0.316196 0.357593 -0.714255 
-0.0253029 -0.0492779 0.758946 
0.100098 -0.0196081 0.84669 
0.0478781 0.113094 0.231804 
0.361658 -0.396002 0.0301415 
-0.000262608 0.0331625 0.39557 
0.291054 0.420702 1.53687 
-0.153705 -0.273363 1.5631 
-0.249347 -0.305302 1.19091 
0.0828782 0.27388 -0.0226929 
-0.125021 0.177192 0.0224862 
-0.126506 0.274097 0.209099 
0.322249 -0.523649 0.567446 
0.05354 -0.0885911 0.0263097 
-0.0774266 0.0521113 1.20926 
0.134868 0.0804191 1.14814 
-0.534458 0.147092 -0.444716 
-0.210151 -0.620073 0.17522 
-0.345869 0.224305 0.134495 
0.0468796 -0.538792 0.373915 
0.126693 -0.730346 1.30245 
0.431851 -0.207216 0.599091 
0.144983 0.165399 0.495537 
0.494076 0.22742 0.53379 
-0.0978219 -0.104639 -0.0114494 
-0.294718 0.0606333 0.478948 
0.340507 0.0142782 0.738782 
0.0640984 0.0610968 0.972485 
