-1.18216 1.07338 -1.44833 2 
-0.546035 0.507754 -0.776764 2 
-1.36743 0.361206 -0.637697 2 
-0.613865 0.245523 0.0628074 2 
-0.680241 0.261548 -0.43485 2 
-0.406961 0.095663 -0.246359 2 
-0.478261 0.31631 -0.321117 2 
-0.378772 -0.0635913 -0.201853 2 
-1.18577 0.746185 -0.47204 2 
-1.15436 0.35274 -0.140327 2 
-1.52427 0.963254 -0.397255 2 
-1.0454 0.955024 -0.631688 2 
-1.25847 0.442127 -1.16092 2 
-0.0876729 0.148368 0.0417131 2 
-1.1378 0.940557 -0.764132 2 
-0.63559 0.190587 -0.822093 2 
-0.390707 0.589727 -0.368035 2 
-1.43888 0.837269 -0.156007 2 
-0.728145 0.678777 -0.176767 2 
-0.887631 0.608235 -0.474661 2 
-0.905493 0.510799 -0.204075 2 
-0.447658 0.700004 -0.0411908 2 
-0.0832303 0.757106 -0.0306825 2 
-0.553935 0.901344 0.114368 2 
0.00864256 0.101464 -0.0455855 2 
-0.184465 -0.337225 0.148706 2 
0.118145 -0.177574 0.506515 2 
-0.878068 0.860414 0.015814 2 
-0.0453755 0.697504 -0.111479 2 
-0.143431 0.225502 -0.16372 2 
-0.94641 1.1013 -0.327405 2 
-1.04155 1.14444 -0.296923 2 
-0.409063 0.226852 -0.131206 2 
-1.25087 0.867111 -0.207182 2 
-0.392971 0.376982 -0.0585651 2 
-0.480684 0.429033 -0.586328 2 
-0.361408 0.941257 -0.202226 2 
-0.0432637 0.869628 0.335409 2 
-0.218905 0.420945 -0.527692 2 
0.0318033 0.562949 -0.228329 2 
-0.0190128 0.434601 0.0290874 2 
-0.405882 0.174714 0.0566218 2 
-1.43665 0.624741 -0.448099 2 
-1.28835 0.968424 -0.713148 2 
-0.332148 0.876063 0.279027 2 
-0.185449 0.832754 0.293173 2 
-0.675206 0.854301 -0.176418 2 
-0.587164 0.36999 -0.125166 2 
-1.56506 0.665185 -0.598059 2 
-0.684203 0.606033 -0.0951732 2 
-1.07816 0.413312 -0.320717 2 
-0.69168 0.102629 -0.244811 2 
-0.107413 -0.0779103 0.173851 2 
-0.288882 0.192151 -0.0121733 2 
-0.401757 0.143394 0.289128 2 
0.142378 0.3144 0.631948 2 
-0.628519 1.16678 -0.0111888 2 
-0.740807 0.43675 0.171615 2 
-0.129652 -0.31403 0.551304 2 
-0.980712 0.615641 -0.404854 2 
-1.05243 0.853646 -0.424112 2 
0.281822 -0.139593 0.809817 2 
-0.032501 0.34033 0.386012 2 
-1.34795 1.18158 -0.333883 2 
0.125656 0.0625549 -0.175003 2 
-0.564671 0.385369 -0.415043 2 
-0.380272 0.617371 0.0154213 2 
-1.14565 0.671797 -0.403042 2 
-0.828172 0.379114 -0.689158 2 
-0.341326 0.481178 -0.0966121 2 
-0.82847 0.564156 -0.247076 2 
-0.515804 0.319301 -0.287772 2 
-1.1239 1.20885 -0.627495 2 
-0.425087 0.79171 -0.165989 2 
-0.764389 0.678974 -0.0623896 2 
-0.661815 0.778699 0.0130004 2 
-0.958044 0.635844 -0.129781 2 
-0.753957 0.671893 0.0548319 2 
-0.500333 0.713344 -0.408799 2 
-0.800532 0.466653 -0.730038 2 
-0.95014 0.866178 -0.639719 2 
-0.817629 0.608001 -0.137851 2 
-0.128889 0.0378801 0.373292 2 
-1.23012 0.512753 -0.785519 2 
-0.695775 1.13928 -0.665327 2 
-0.639079 0.646886 -0.554961 2 
-0.0894505 0.0809287 -0.136258 2 
-0.831189 -0.324509 -0.101562 2 
-1.10066 1.00832 -0.823695 2 
-1.31482 1.06933 -0.794301 2 
-0.0432752 -0.143634 -0.0226861 2 
-1.70682 1.13483 -0.566436 2 
-0.832566 1.05868 -0.394459 2 
-0.760756 0.410185 -0.304769 2 
-1.36183 1.13754 -0.483574 2 
-0.946543 0.845743 0.00280014 2 
-2.00961 0.955329 -0.838536 2 
-2.34006 1.98309 -1.11383 2 
-1.21722 1.14256 -0.648461 2 
-1.59989 1.6672 -0.780513 2 
-1.47272 1.17821 -0.813755 2 
-1.02652 1.10628 -0.601597 2 
-1.41375 1.07558 -0.909957 2 
-0.837776 0.737633 -0.163667 2 
-0.798706 1.13633 -0.283444 2 
-0.893638 0.681503 -0.293297 2 
-1.7419 1.48897 -0.674812 2 
-0.470836 0.984975 -0.171497 2 
-0.936939 1.27883 -0.0693866 2 
0.225294 -0.321236 0.509069 2 
-1.05389 0.850084 -0.432554 2 
-0.781674 1.17572 -0.0111518 2 
-0.344666 0.693026 0.128301 2 
-0.524798 0.768592 -0.153011 2 
-1.62045 1.61968 -0.768722 2 
-0.609748 0.609978 -0.213363 2 
-1.79519 1.25884 -0.692702 2 
-0.262477 0.608949 0.262757 2 
-0.823171 1.12079 -0.571453 2 
-0.759604 1.0127 -0.311594 2 
-1.54816 1.46403 -1.27401 2 
-0.886888 0.808832 -0.72262 2 
-0.815601 1.19694 -0.0889471 2 
-1.2406 1.22727 -0.344824 2 
-0.836664 0.810102 0.105799 2 
-1.09022 0.848782 -0.231652 2 
-1.20668 1.47543 -0.163065 2 
0.720835 0.024179 0.634996 2 
-0.440603 0.362882 -0.186321 2 
-0.347552 0.407815 -0.0404168 2 
-0.315079 0.26938 0.217634 2 
0.226429 0.124155 0.287391 2 
0.200686 0.124191 1.09198 2 
0.0756539 0.256484 0.18694 2 
0.545455 -0.570276 0.50021 2 
-0.0906127 0.636346 0.448344 2 
0.188142 0.119422 0.596048 2 
-0.294236 0.459133 -0.0792153 2 
1.03652 -0.361674 0.82824 2 
-0.644482 0.48563 -0.0471205 2 
-0.605975 0.560495 -0.0281936 2 
-0.304545 0.18377 0.0204912 2 
-1.1049 0.987718 -0.214128 2 
-1.57503 0.897557 -0.594415 2 
-0.500516 0.809372 -0.313657 2 
-0.594259 0.969803 -0.276742 2 
-0.607888 0.610744 -0.356402 2 
-0.148276 0.0382568 0.143529 2 
-0.102672 0.613259 -0.111764 2 
-0.0500413 -0.000492895 0.373045 2 
-0.3072 0.0698289 -0.151284 2 
-0.385811 0.681551 -0.330747 2 
-0.374746 0.0358438 0.029461 2 
-0.218372 1.17749 -0.114398 2 
-0.291309 0.67613 -0.212814 2 
-0.539501 0.685808 0.00657604 2 
-0.146251 0.898086 0.597776 2 
-0.202029 0.81803 0.172095 2 
-1.05939 1.0329 -0.289081 2 
-0.972506 0.719967 -0.138685 2 
0.929242 0.0259278 0.624032 2 
-0.515895 0.473448 -0.029569 2 
-0.518872 0.659535 -0.131825 2 
-0.88499 0.535198 -0.411645 2 
0.213359 0.29262 0.376404 2 
-1.14143 1.02708 -0.436555 2 
-0.354235 0.450176 0.111064 2 
0.241551 -0.277146 0.248221 2 
-0.0660484 0.542601 0.374299 2 
0.851844 -0.0439872 0.64613 2 
0.22666 0.217968 0.809268 2 
0.396538 0.449338 0.461108 2 
0.564562 -0.53537 0.528406 2 
0.136184 0.675572 0.485606 2 
0.657583 0.0364275 0.80838 2 
0.513649 0.126795 0.643925 2 
-0.316759 0.306436 0.320991 2 
-0.501787 0.254378 0.142422 2 
-0.467695 0.589227 0.0708184 2 
0.25201 -0.253952 0.660243 2 
-1.49588 0.838079 -0.184978 2 
-0.312042 0.632169 0.03795 2 
0.543086 0.430944 0.535322 2 
0.0636746 0.38506 1.08908 2 
-0.550211 0.678037 0.542234 2 
-0.12015 0.390243 -0.00115641 2 
0.60398 0.238015 0.590849 2 
1.02101 0.325237 1.18552 2 
-1.2142 0.760492 0.0932143 2 
-0.32665 0.800592 -0.132318 2 
0.365377 0.0107081 0.971289 2 
-0.799537 0.677672 0.665075 2 
-0.496606 0.64171 -0.187069 2 
-1.07105 0.45477 -0.386137 2 
-0.0231808 0.3245 -0.00133028 2 
-0.370034 0.693296 0.618397 2 
-0.65303 -0.100508 0.172542 2 
-0.604327 0.120744 0.113913 2 
-0.242528 0.576405 0.480595 2 
-0.910508 0.57054 -0.00116343 2 
-0.153061 0.512612 0.178358 2 
0.710684 0.069227 0.797422 2 
-1.3382 1.14598 -0.522405 2 
-1.60437 1.08478 -0.64154 2 
0.149115 0.363345 0.487773 2 
-0.385376 0.6798 -0.287774 2 
-0.876395 0.893451 -0.7603 2 
-0.0347637 0.100027 0.17536 2 
0.190587 -0.00800393 0.278315 2 
0.019161 0.389765 -0.101153 2 
0.0157735 0.367833 0.116784 2 
-0.333895 0.390773 0.114615 2 
-1.30931 0.741127 0.0547854 2 
0.312661 0.30089 0.594709 2 
-0.510291 0.462371 -0.0958926 2 
0.55708 -0.366717 0.576972 2 
0.0332501 0.139751 0.221544 2 
-0.948027 1.07778 -0.44867 2 
-0.728273 0.931269 -0.218128 2 
-1.48269 1.22713 -1.12444 2 
-1.6807 0.862188 -0.862335 2 
-0.993257 0.50261 -0.339589 2 
-0.621635 0.879615 0.14255 2 
0.200521 -0.266139 0.646777 2 
0.282309 0.556418 0.392678 2 
0.631311 0.0526709 0.585992 2 
-0.694082 0.611119 -0.014761 2 
-0.061411 0.481309 0.411184 2 
0.00489279 -0.105347 0.57945 2 
0.181118 0.240157 0.489877 2 
0.0115266 0.101856 0.174893 2 
-0.388405 0.524602 0.281338 2 
-0.602195 0.5749 -0.512043 2 
-0.381635 0.658752 0.221129 2 
-0.567122 0.691409 -0.333272 2 
-1.36912 0.942732 -1.29268 2 
-0.116876 0.693863 -0.00897097 2 
-0.336396 0.669069 0.00249771 2 
-0.417902 1.26388 -0.683499 2 
0.747806 0.435161 0.670454 2 
0.0802307 0.338192 0.32732 2 
-0.0173739 0.0628989 0.442917 2 
-0.901972 0.43794 -0.331053 2 
-0.279049 0.46537 -0.215952 2 
-0.714663 0.702762 -0.656636 2 
0.270751 0.00859846 0.747727 2 
0.126612 0.0292635 0.453983 2 
0.30652 -0.0468877 0.26969 2 
-0.624736 0.388956 -0.0736307 2 
0.163981 0.410674 0.531209 2 
0.393413 -0.426332 0.742068 2 
-1.5097 0.867553 -0.533862 2 
-1.07865 0.775917 -0.492656 2 
-0.765189 0.329434 -0.161281 2 
-0.561885 0.655595 0.20178 2 
-0.544875 0.470994 -0.369253 2 
0.523801 0.175394 0.567721 2 
-0.481714 0.264949 0.385181 2 
-0.259066 0.587312 -0.242951 2 
-0.444118 0.861573 -0.567188 2 
0.295866 0.0266953 -0.200637 2 
-0.642766 0.772745 -0.0135259 2 
-0.665574 0.584258 -0.531074 2 
-0.390829 0.2498 0.194467 2 
-1.20635 0.987519 -0.704727 2 
0.336234 0.465227 0.210271 2 
-0.13582 0.0350522 0.395075 2 
-0.351366 0.195548 -0.148939 2 
0.384717 0.0706173 0.177945 2 
-0.0796094 -0.105493 0.410828 2 
-0.0511995 0.567267 0.126388 2 
0.126215 0.0247972 -0.127693 2 
-1.30973 0.963154 -1.0407 2 
-0.565889 0.755712 -0.151866 2 
0.197878 0.372359 0.488709 2 
0.0278027 0.0838967 0.214373 2 
-0.852693 0.882612 -0.556322 2 
0.325115 -0.282169 0.542871 2 
0.0725188 0.74348 0.492187 2 
-0.289759 0.632332 -0.32438 2 
0.0786594 -0.401236 0.683746 2 
0.205774 0.667877 0.288949 2 
-0.0290664 -0.017494 0.471698 2 
0.282742 0.466933 0.00965395 2 
0.330608 0.17693 1.01193 2 
-0.117549 0.356542 0.0685559 2 
0.321897 0.326942 0.331191 2 
-0.287112 0.196262 0.133176 2 
0.344092 -0.272485 1.30613 2 
0.570618 -0.331914 0.674759 2 
-0.286191 0.0694542 0.350753 2 
-0.012327 -0.109891 -0.15073 2 
-0.116105 0.330101 0.0174445 2 
0.0434039 0.391782 -0.0211767 2 
0.607971 -0.199836 0.745357 2 
0.779509 -0.3903 0.865424 2 
-1.14034 1.05265 -0.524903 2 
0.406456 0.179766 0.113714 2 
0.367686 -0.250458 0.654538 2 
0.255191 0.0330032 0.226018 2 
-0.210642 -0.0426477 0.222594 2 
-0.267355 0.240042 0.570936 2 
0.0613582 -0.0885883 1.33544 2 
0.0111751 -0.197242 0.797937 2 
-0.466959 0.765381 -0.169772 2 
0.657221 0.146064 0.674673 2 
0.240054 0.630208 0.230653 2 
-0.49519 0.403834 0.0607243 2 
0.407265 0.0226603 0.308886 2 
0.16159 -0.266302 0.257451 2 
-0.245176 0.926605 0.676033 2 
-0.509356 0.604693 0.0227069 2 
-0.803803 1.05255 -0.369193 2 
-0.191669 0.99146 -0.400866 2 
0.185158 0.0602518 1.00487 2 
-0.31031 0.215233 -0.0477848 2 
-0.218828 0.313393 0.296963 2 
-0.0930632 0.396759 0.260433 2 
0.49764 -0.507075 1.08953 2 
0.0625139 0.969216 -0.267759 2 
0.830121 -0.257861 1.09713 2 
0.197841 0.505285 0.476481 2 
-0.43454 0.417505 0.156556 2 
0.533992 -0.00231999 0.597349 2 
-0.0267461 0.641262 -0.106766 2 
-0.156557 0.184222 -0.158923 2 
0.282331 0.408896 0.0520235 2 
-0.146334 0.245871 0.479716 2 
0.539721 -0.332932 0.576117 2 
0.693566 0.176984 0.278826 2 
-0.114572 -0.0367178 -0.330005 2 
0.196898 0.511739 0.0112437 2 
-0.194976 0.657602 -0.140442 2 
0.442427 0.176273 -0.0172211 2 
0.152382 0.305624 -0.117707 2 
0.174756 0.120115 0.809156 2 
0.575495 0.342426 0.706632 2 
-0.199568 0.178417 0.566772 2 
1.48474 -0.830342 1.22159 2 
0.679874 -0.536289 0.975212 2 
-0.450858 0.70763 -0.064162 2 
-0.0704409 0.435393 0.307423 2 
1.35175 -0.389415 0.927152 2 
0.279287 0.362163 0.351479 2 
-0.191839 0.160631 0.569982 2 
-0.641488 0.719521 0.00195344 2 
0.465244 0.0528895 0.319805 2 
0.0851783 0.0702231 0.546466 2 
0.408911 0.555997 0.209295 2 
0.778907 -0.192929 0.83712 2 
0.681338 0.486223 0.554118 2 
-0.354239 0.685947 -0.176046 2 
0.365747 -0.362494 0.83919 2 
1.18925 -0.0667212 1.10387 2 
-0.375354 0.0444241 0.438132 2 
-0.16725 0.389644 0.169982 2 
0.7291 -0.271201 0.685919 2 
0.0445606 0.0687649 0.326948 2 
-0.894576 1.03805 -0.320453 2 
0.422882 -0.176227 0.774115 2 
1.25587 -0.369093 1.26227 2 
0.64827 -0.641945 1.28168 2 
0.70061 -0.0315712 0.689049 2 
0.21542 0.318179 0.460777 2 
0.144363 -0.577396 0.793566 2 
0.124184 -0.236046 0.440917 2 
0.343479 0.0183115 0.546931 2 
-0.71474 0.338586 0.158804 2 
-0.390131 0.38084 -0.0635771 2 
0.158541 -0.297903 0.512344 2 
-0.211713 -0.0229681 -0.0474398 2 
0.550591 -0.495721 0.645119 2 
0.67986 -0.501448 0.580101 2 
-0.210603 -0.0587386 0.468935 2 
0.138567 0.0386547 0.705028 2 
0.134596 -0.350531 0.716059 2 
0.753462 -0.107934 0.331483 2 
1.26466 -0.476125 0.949176 2 
0.37503 -0.497162 0.651853 2 
-0.013117 0.289397 0.406089 2 
0.945555 -0.277791 0.748241 2 
-0.186914 -0.0516503 -0.225663 2 
0.791415 -0.0973292 0.575296 2 
0.085375 0.256196 -0.37977 2 
-0.340827 0.399058 0.20561 2 
0.292259 0.416833 0.142413 2 
0.60237 -0.698463 0.89528 2 
0.0939063 0.138519 0.416789 2 
-0.37375 0.381211 0.246613 2 
0.304086 -0.0380681 0.506107 2 
0.698483 -0.294972 0.794807 2 
-0.0565553 -0.133439 0.327338 2 
-0.0950885 0.00653598 0.744701 2 
0.252049 -0.396722 0.982441 2 
-0.209258 0.254659 0.684504 2 
0.546802 -0.101612 0.501028 2 
-0.544239 0.276334 0.118989 2 
0.397864 0.0492616 0.60636 2 
0.206213 0.130397 0.90807 2 
-0.243364 0.104578 -0.0661738 2 
0.304601 0.145391 0.631457 2 
0.641988 -0.378767 0.88549 2 
-0.288667 0.064214 0.00657305 2 
0.887128 -0.312048 0.728192 2 
1.38876 -1.03899 1.72114 2 
0.936237 -0.399395 0.906111 2 
-0.200591 0.0901339 0.365988 2 
0.425424 0.0132253 0.671466 2 
0.840391 -0.127622 0.914219 2 
0.11646 0.113863 0.489024 2 
0.300148 -0.271951 0.288017 2 
-0.0173268 -0.043094 0.0429568 2 
0.274705 -0.0409318 0.414687 2 
0.597006 -0.0577764 0.492865 2 
-0.0760224 0.179397 0.106111 2 
-0.727648 0.842983 -0.423173 2 
0.847471 0.147135 0.628017 2 
0.425539 -0.247933 0.92649 2 
-0.492657 -0.0603005 0.661053 2 
0.10616 0.228058 0.0502663 2 
0.0781803 0.390482 0.674219 2 
0.0568181 0.512922 0.121026 2 
-0.421238 0.420748 -0.0274576 2 
0.455239 0.478923 0.682236 2 
-0.500597 0.66403 0.319977 2 
0.332022 0.621142 0.0394902 2 
0.112334 0.425492 0.0252187 2 
0.063025 0.0621383 0.50824 2 
0.250889 0.061417 0.297343 2 
-0.0616971 0.619054 -0.00185294 2 
-0.349438 0.725692 -0.34343 2 
-0.489075 0.443816 0.365179 2 
0.917638 -0.464401 1.11756 2 
0.744868 -0.927029 0.676292 2 
-0.157423 0.382013 0.447139 2 
0.342866 -0.411847 0.816737 2 
1.34193 -1.16477 1.07117 2 
1.37037 -0.636892 0.896764 2 
0.878175 -0.815964 1.33845 2 
1.75576 -0.834444 1.56741 2 
0.445227 0.415179 0.561378 2 
-0.0513198 0.225075 0.456174 2 
0.858755 0.00216829 0.599116 2 
0.171279 -0.150515 0.211352 2 
-1.10403 0.383771 -0.316789 2 
1.14758 -0.265486 0.8239 2 
0.280987 -0.169086 0.127265 2 
2.39972 -1.0711 1.66051 2 
1.77507 -0.457131 1.2032 2 
0.860319 0.182764 -0.108276 2 
0.314897 -0.336128 0.357033 2 
0.909579 -0.622543 0.404756 2 
1.84543 -0.797549 0.840057 2 
0.426367 0.671603 0.164862 2 
0.694277 0.369211 0.294592 2 
0.7599 -0.238627 0.671338 2 
0.510242 0.150843 0.115031 2 
0.458831 0.11321 0.549896 2 
0.235432 0.0186681 0.202022 2 
0.35378 -0.484961 0.348787 2 
0.591309 -0.171086 -0.0773382 2 
0.272303 -0.0355774 0.248435 2 
0.530154 0.0286749 0.60814 2 
0.740952 -0.617678 0.55948 2 
1.09588 -0.576375 0.772693 2 
1.29763 -0.564672 0.941622 2 
1.04888 -1.0023 0.549744 2 
1.24759 -0.24414 0.683091 2 
0.569312 0.124233 0.342232 2 
1.17721 -0.0147869 0.56552 2 
0.962777 -0.297328 0.594721 2 
1.45391 -0.387834 0.981095 2 
0.919491 0.0484856 0.332908 2 
1.32104 -0.596513 0.711911 2 
0.624437 -0.125992 0.339512 2 
0.926733 -0.0251822 0.575266 2 
0.178041 0.110233 0.45022 2 
0.70054 -0.285613 0.742312 2 
0.246711 0.517714 0.619229 2 
1.12428 -0.459691 1.0311 2 
0.817805 -0.0382687 0.723686 2 
0.130353 0.417828 0.0430903 2 
0.634823 -0.53588 0.310947 2 
0.54906 0.157419 0.224527 2 
0.157713 0.154067 0.469451 2 
1.73666 -0.816006 1.20597 2 
2.35277 -0.928035 1.87805 2 
1.82971 -0.700707 0.763589 2 
1.04013 -0.281145 0.579066 2 
1.02063 -0.390941 0.957423 2 
1.81158 -0.788575 1.27123 2 
1.39502 -0.79875 1.33882 2 
0.908031 0.0731317 0.367172 2 
1.3799 -0.335528 0.771774 2 
1.81752 -0.680807 1.17508 2 
1.6196 -0.662307 1.28768 2 
0.711307 -0.0924436 0.552971 2 
0.504734 -0.18271 0.941727 2 
1.10871 -0.665048 0.722573 2 
0.205076 0.0885685 -0.194891 2 
0.884346 -0.0487771 0.573376 2 
-1.08036 0.741955 -0.702805 2 
0.300121 -0.0482341 0.493065 2 
0.0286678 -0.0480095 0.158198 2 
-0.148391 0.0678733 0.826951 2 
0.901847 0.236801 0.609556 2 
0.131455 0.0726424 0.501093 2 
0.37163 0.196283 0.559327 2 
0.66589 0.190585 0.56809 2 
0.736732 -0.289317 0.570518 2 
1.15067 -1.06572 0.790888 2 
0.325324 -0.378048 0.894182 2 
0.883785 -0.276614 0.836424 2 
0.956165 -0.525742 1.21057 2 
-0.676179 -0.285514 0.418693 2 
0.926594 -0.706749 0.851576 2 
1.03923 -0.109891 1.11524 2 
0.477963 0.0759309 0.345515 2 
0.52582 -0.363726 0.686094 2 
1.06846 0.155461 1.06561 2 
0.200687 -0.110436 0.332067 2 
0.53382 -0.366602 0.708737 2 
0.466293 0.145742 0.617883 2 
1.04497 -0.515913 0.575771 2 
0.0254294 -0.0632031 0.429355 2 
-0.166247 0.346295 0.192141 2 
0.160683 0.462256 0.541441 2 
0.910226 -0.478048 0.703088 2 
1.34543 -0.670384 0.750582 2 
0.622858 -0.222503 0.769594 2 
0.293069 -0.22266 0.359143 2 
0.0328877 -0.241018 0.0376231 2 
0.489612 -0.776849 0.640873 2 
0.383044 -0.405165 0.6512 2 
1.1618 -0.496484 1.04351 2 
0.0631572 -0.00498378 0.708691 2 
1.10538 -0.592249 1.37293 2 
0.955365 -1.16047 1.51948 2 
-0.214242 0.219119 0.679384 2 
1.72489 -0.928852 1.45374 2 
1.25142 -0.91673 1.35161 2 
-0.406472 -0.000651422 0.352537 2 
1.22173 -0.568892 1.43065 2 
0.345892 -0.413965 1.0246 2 
-0.439996 0.00624636 0.530518 2 
0.532857 -0.0957216 0.997904 2 
0.714166 -0.179504 1.09146 2 
0.511536 -0.511213 0.768843 2 
0.339991 -0.65261 1.22145 2 
-0.250801 -0.086246 0.43255 2 
-0.248121 -0.122264 0.754573 2 
-0.259107 0.387104 0.599116 2 
0.458804 -0.0307143 1.17063 2 
0.486765 -0.503856 0.892484 2 
1.39283 -0.388984 1.52982 2 
-0.459993 0.603901 0.573213 2 
0.614343 0.0914064 1.09399 2 
0.278798 0.20899 1.16089 2 
-0.382187 0.446459 0.932056 2 
-0.705315 0.5204 0.527212 2 
0.53213 -0.125448 1.4022 2 
0.0961092 -0.409813 1.62568 2 
0.196802 0.102348 0.756788 2 
0.934641 0.0263119 1.49011 2 
0.152695 0.479118 0.678194 2 
1.05547 -0.595315 1.2968 2 
0.732925 -0.482169 1.77965 2 
0.0971282 -0.319469 0.93558 2 
0.246263 0.0405279 0.899877 2 
0.238592 0.0658608 0.594315 2 
0.772164 0.0201845 1.20612 2 
0.778278 -0.129613 1.25661 2 
-0.115888 0.263478 0.508056 2 
0.540255 0.592083 1.44639 2 
0.595774 0.231897 1.32908 2 
0.456382 -0.0296176 0.804605 2 
0.896572 -0.684212 1.24914 2 
-0.0719577 -0.349534 0.991423 2 
-1.0431 0.457438 -0.213144 2 
0.491192 -0.957698 1.73667 2 
0.306027 -0.572842 1.42549 2 
0.687514 -0.18039 1.33157 2 
0.201959 -0.652901 1.73226 2 
0.0637628 -0.0303431 0.731369 2 
1.38549 -0.756627 1.66147 2 
0.588355 -0.998763 1.47455 2 
0.0682314 -0.167184 1.09634 2 
-0.15165 0.143713 0.528054 2 
0.724348 -0.493224 1.54347 2 
0.34422 0.190921 1.84753 2 
0.784301 0.447248 0.441056 2 
0.605936 0.187571 1.10355 2 
0.432684 -0.11368 1.4983 2 
0.402883 0.0182925 1.44934 2 
0.812631 -0.180575 1.25899 2 
0.917988 -0.308688 1.51923 2 
-0.0644006 0.195748 0.429342 2 
1.08287 -0.842714 1.64362 2 
0.490507 -0.179589 1.49766 2 
0.510187 -0.450444 0.826462 2 
0.638062 -0.668729 1.55011 2 
-0.269007 0.197445 0.793537 2 
0.235619 0.148693 0.949714 2 
0.159373 0.0459326 0.582179 2 
0.52759 -0.396275 0.81396 2 
0.489286 -0.159753 1.01025 2 
0.625695 0.351623 1.49756 2 
0.133927 -0.267659 0.677128 2 
0.0891446 -0.0658329 0.497497 2 
0.454461 0.0931215 0.678706 2 
0.413725 -0.575902 0.741852 2 
0.309041 0.136449 0.376942 2 
0.358311 0.367737 0.919997 2 
0.864739 0.41576 0.888624 2 
-0.00809837 0.731519 0.64151 2 
-0.0584628 0.544998 0.320986 2 
0.39624 0.503626 0.602662 2 
0.00655176 0.602441 -0.194796 2 
0.153822 0.3454 0.308366 2 
-0.307406 0.191965 0.226263 2 
0.0392403 0.507235 0.613657 2 
-0.0921316 0.685443 0.00151843 2 
-0.393793 0.484806 -0.232833 2 
-0.694194 0.807932 -0.0492501 2 
1.15565 0.106617 0.893936 2 
-0.115236 0.0217344 -0.224193 2 
0.0703235 -0.116615 0.34883 2 
0.202707 -0.153254 0.593287 2 
-0.129537 0.329011 0.273928 2 
-0.580495 0.70215 -0.355582 2 
0.412088 0.109875 0.685658 2 
0.3887 -0.244708 0.130741 2 
0.989047 -0.516096 0.415077 2 
0.995557 -0.966793 0.876603 2 
1.04543 -0.471882 1.10828 2 
0.729786 -0.765212 1.32317 2 
0.400225 -0.68368 0.51288 2 
0.51571 -0.209184 0.135403 2 
0.331065 -0.0236579 0.478214 2 
0.608034 0.0500626 0.50845 2 
0.744915 -0.219208 0.593486 2 
0.936036 -0.55777 0.454588 2 
-0.979901 0.805698 -0.337352 2 
0.995168 -0.40627 1.05883 2 
-0.163903 0.624999 0.165012 2 
0.0747686 0.673778 -0.132552 2 
0.1009 0.361883 0.203154 2 
1.10595 -0.173551 0.474052 2 
0.409423 -0.185526 0.265962 2 
0.0576133 0.533134 0.37113 2 
0.469196 0.045698 0.461259 2 
0.620149 -0.0188606 0.576593 2 
0.435255 0.0501932 0.224897 2 
0.0739075 0.507008 0.44731 2 
0.269226 0.43154 0.489228 2 
0.575166 -0.371968 0.667231 2 
0.497363 -0.291652 0.575634 2 
0.181668 -0.13709 0.196412 2 
0.664818 0.0563898 0.00949077 2 
1.03085 0.0673959 0.840286 2 
-0.351174 1.08369 0.0318373 2 
1.53216 0.273695 -0.099033 2 
0.344615 -0.0616572 -0.0745864 2 
0.829277 -0.67442 0.717742 2 
0.951532 -0.0359554 0.487591 2 
0.628317 0.241126 0.100876 2 
0.271733 0.526835 0.185992 2 
0.229715 0.496204 0.190154 2 
-0.00632031 0.465303 -0.01682 2 
0.766965 0.321517 -0.117385 2 
0.96858 -0.256703 0.186688 2 
1.35074 -0.0885156 0.585425 2 
0.796133 -0.0584089 0.291713 2 
0.39152 -0.282525 0.719992 2 
0.00811926 -0.105416 0.677878 2 
1.16957 -0.833319 1.09593 2 
-0.00436559 -0.0799692 0.178208 2 
0.28267 -0.380668 0.400204 2 
1.29864 -0.370703 1.29043 2 
0.816397 -0.587782 0.785723 2 
1.36012 -0.757478 1.42099 2 
0.138255 -0.0992256 0.287646 2 
0.568789 -0.227428 0.773396 2 
-0.204697 0.131741 0.303364 2 
0.837804 -0.674164 0.785039 2 
0.38074 0.16118 0.135565 2 
0.670099 -0.617833 0.776428 2 
-0.305894 0.672101 -0.207552 2 
0.806088 -0.0401293 0.94436 2 
0.845082 -0.292219 0.769769 2 
0.722306 -0.334689 0.562865 2 
0.808323 -0.318422 0.455413 2 
-0.682635 0.290831 -0.198874 2 
0.622336 -0.0260274 0.0849348 2 
-0.0542609 0.278462 0.335294 2 
0.618407 0.220588 0.656989 2 
0.864849 0.019123 0.632576 2 
0.622011 0.398685 0.885938 2 
0.0168257 0.209346 0.23928 2 
0.558942 -0.527416 0.304242 2 
0.540488 0.0649744 0.280014 2 
0.25201 1.00729 -0.281241 2 
1.06831 -0.238769 0.668671 2 
0.555467 -0.109767 0.405782 2 
0.342552 0.375701 0.133162 2 
0.51331 0.117319 0.0829485 2 
0.649328 -0.140246 0.589041 2 
-0.068709 0.599529 -0.189774 2 
0.704439 -0.422012 0.220584 2 
0.832567 0.191261 0.302398 2 
0.0200625 0.367181 -0.0822882 2 
0.256567 0.152577 0.14079 2 
0.88076 0.01464 0.23693 2 
2.29314 -0.873754 1.89422 2 
0.669708 0.418059 0.00451465 2 
0.922352 -0.16171 0.309737 2 
0.122364 0.21748 0.362388 2 
-0.202352 0.2329 -0.334831 2 
0.403679 -0.46264 0.216264 2 
-0.19183 0.447482 -0.614988 2 
0.197898 -0.689407 0.144148 2 
0.200973 -0.107436 0.528415 2 
0.139754 -0.0852372 0.279636 2 
0.722528 -0.18031 0.360294 2 
0.731836 -0.478893 0.440347 2 
0.384497 -0.612192 0.0691331 2 
-0.354995 0.337815 -0.0520984 2 
0.170528 -0.278135 -0.0147986 2 
0.105083 0.144777 -0.285516 2 
1.49103 -0.817748 0.991235 2 
1.05734 -0.828649 0.856322 2 
0.315393 -0.0423936 0.306096 2 
-0.831976 0.661072 -0.726924 2 
-0.833735 0.617477 -0.348658 2 
-0.27175 0.61311 -0.112736 2 
-0.297446 0.229067 -0.216624 2 
1.19371 -0.863568 0.807679 2 
0.848363 -0.708459 0.399819 2 
0.921763 -0.41429 0.786378 2 
1.69832 -0.970149 1.17323 2 
0.791374 -0.0837409 0.464077 2 
0.358149 -0.00844209 0.315035 2 
0.996649 -0.338363 0.543601 2 
0.490958 -0.538757 0.600796 2 
0.5355 -0.291281 0.854096 2 
1.48567 -1.0029 1.23255 2 
1.41702 -0.376718 0.90549 2 
1.17706 -0.415705 0.874375 2 
0.42849 0.382914 0.278045 2 
-0.373431 1.01915 -0.442604 2 
0.250158 0.308131 0.181244 2 
-0.259103 0.527085 -0.487744 2 
-0.0410427 0.215998 -0.0264355 2 
0.906104 -0.479139 0.554837 2 
0.69106 -0.556061 0.890363 2 
0.698391 0.136829 0.524923 2 
0.53373 0.101568 0.261632 2 
-0.300661 0.764648 -0.492471 2 
-0.0625761 0.0544906 -0.112578 2 
1.30376 -0.822779 0.564346 2 
0.109823 -0.00302737 -0.0803974 2 
0.277912 0.258094 -0.0829636 2 
0.549835 0.279698 0.27113 2 
0.425722 0.0179683 0.357493 2 
0.711694 -0.275762 0.478806 2 
0.760575 -0.135525 0.759113 2 
0.681837 0.400264 0.846625 2 
-0.0031367 0.44241 0.767711 2 
-0.0375888 -0.0596641 -0.140886 2 
1.36178 -0.626071 1.14819 2 
0.542418 -0.526836 0.630373 2 
-0.760768 0.868843 -1.0875 2 
0.299679 -0.258378 0.0838113 2 
-0.227194 0.549924 -0.290828 2 
0.964489 -0.223326 0.652069 2 
2.16853 -1.2561 1.45451 2 
1.53558 -0.667463 0.709696 2 
0.367711 -0.33251 0.586403 2 
0.0473617 0.032529 0.380872 2 
-0.271832 0.818068 0.291749 2 
0.70048 -0.467732 0.668884 2 
0.466235 0.197071 0.267596 2 
0.0195904 0.761508 0.0353179 2 
0.432669 0.12456 0.318554 2 
1.01687 -0.567187 1.32893 2 
-1.34923 1.40334 -1.00782 2 
-0.781281 0.356901 -0.717163 2 
0.46819 -0.514982 0.540407 2 
0.024793 0.611985 0.542939 2 
0.516112 0.971543 0.934961 2 
1.39239 -0.0448284 1.16535 2 
0.209575 0.119528 0.240706 2 
0.0630928 0.193257 0.508715 2 
-0.30529 1.07058 0.10155 2 
0.957963 -0.16797 0.508615 2 
0.656531 0.0858316 0.518564 2 
-0.0952197 0.779292 0.0147123 2 
1.25851 -0.341374 0.678694 2 
0.684189 -0.286857 0.0676159 2 
0.114416 0.271624 0.246213 2 
0.0509545 0.181041 0.750418 2 
-0.0164539 0.126904 0.34138 2 
0.43432 0.22566 0.129082 2 
1.13472 -0.166226 0.771728 2 
-0.0943128 0.326507 -0.210514 2 
0.393545 -0.0158003 0.152205 2 
0.579191 -0.165084 0.127538 2 
0.408285 0.297888 0.214169 2 
0.19951 -0.42221 0.419947 2 
0.425304 0.522898 0.45187 2 
0.123206 0.418552 -0.0555768 2 
0.691988 0.539543 0.274749 2 
0.895838 -0.437657 0.219832 2 
1.23171 -0.652912 0.664546 2 
0.636137 0.193485 0.625584 2 
0.286485 -0.193936 1.18636 2 
-0.542283 0.124131 0.268357 2 
-0.183031 0.21425 0.399363 2 
0.20938 0.304332 0.834855 2 
-0.00860689 0.000966434 -0.168044 2 
-0.387294 0.717834 -0.319057 2 
-0.121685 0.941968 -0.0243245 2 
-0.906532 0.464236 0.230019 2 
0.183118 -0.147019 0.833328 2 
-0.322923 0.474859 0.379075 2 
0.417622 -0.0543483 0.423663 2 
0.312812 -0.826822 0.154285 2 
0.854495 -0.0723655 0.666972 2 
-0.00895308 0.115503 0.0753163 2 
-0.383244 0.430817 0.109006 2 
-0.485023 0.465318 -0.302617 2 
0.46144 0.251465 0.30556 2 
0.15605 -0.527752 0.774625 2 
-0.923356 0.731874 -0.0153773 2 
0.79111 -0.773772 0.543109 2 
0.313796 -0.207712 0.0219708 2 
0.605449 0.460833 0.0188058 2 
-0.227595 0.637783 0.0997365 2 
-0.265369 0.0788078 0.505311 2 
1.098 -0.259584 1.23358 2 
0.206022 -0.13543 0.422967 2 
0.604807 -0.491155 0.286863 2 
1.1581 -0.377256 1.53835 2 
-0.0905993 -0.246001 0.652438 2 
-0.260054 0.399314 -0.068007 2 
-0.0196581 0.365322 0.682711 2 
0.174368 0.327995 0.512634 2 
-0.575772 0.079456 0.289627 2 
-0.433733 0.355396 0.492225 2 
1.01151 -0.394961 1.24646 2 
-0.0409656 -0.133036 0.488521 2 
0.0382154 0.0168477 0.512652 2 
-1.19278 0.844183 -0.639029 2 
0.306293 0.216839 0.528766 2 
0.0746814 0.381193 0.550464 2 
-0.097963 0.386369 0.254517 2 
-0.0529975 0.260421 0.859864 2 
0.626857 -0.0594823 0.530487 2 
0.208901 0.0388391 0.218224 2 
0.741452 0.0275257 1.10722 2 
-1.22207 0.653471 -0.0600854 2 
-0.316619 0.649357 1.13036 2 
-0.0697489 0.361623 1.04766 2 
-0.668933 0.297893 0.279708 2 
-0.3467 0.00220848 0.269457 2 
-0.589889 0.341246 0.252863 2 
-0.491564 0.117138 0.56023 2 
-0.798061 0.793695 0.0311743 2 
-0.826502 0.796383 -0.383011 2 
-0.796971 0.893495 -0.0125066 2 
-0.609502 0.708636 0.0178679 2 
0.674055 0.0460853 0.832282 2 
-0.360607 0.363713 1.01523 2 
0.545864 0.246924 0.787235 2 
-0.0363989 0.269804 -0.0740171 2 
0.390171 -0.240201 0.442976 2 
0.283146 0.196212 0.407303 2 
-0.704627 0.410601 -0.11782 2 
-0.738841 0.536025 -0.307918 2 
-0.341184 0.334295 0.0492185 2 
-0.316054 0.361324 -0.0937357 2 
-0.830547 0.497912 -0.425418 2 
-0.586117 0.595856 -0.124877 2 
-0.316954 0.987042 0.1255 2 
-0.0911212 0.645257 0.283787 2 
-0.243286 0.479442 0.0662135 2 
-0.511682 0.559533 0.194553 2 
-0.0635474 0.0263021 0.456202 2 
-0.309416 0.0364755 0.149054 2 
-0.172021 0.350847 0.638799 2 
-1.16198 1.00218 -0.25956 2 
-0.470272 0.976336 -0.116479 2 
0.365605 0.825308 0.816951 2 
-0.871796 0.8308 -0.154958 2 
-0.646186 0.512121 -0.805756 2 
-0.255507 0.38646 -0.0620328 2 
-0.328427 0.137143 0.0657228 2 
-0.172681 0.570009 0.326471 2 
-0.7411 1.30989 -0.0690558 2 
-0.262423 0.702175 0.205347 2 
0.208882 -0.235544 0.354665 2 
0.375604 0.260082 0.533349 2 
-0.232302 0.441048 0.0187479 2 
0.133387 0.820973 0.849121 2 
-0.0707521 0.139319 0.611768 2 
-0.0502603 0.2447 0.47483 2 
1.43108 -0.798583 0.506442 2 
0.380615 0.281028 -0.0966263 2 
0.555179 0.206571 0.601765 2 
0.42536 -0.921379 0.84954 2 
-0.192739 0.679235 0.201564 2 
-0.367899 0.592075 0.108235 2 
-0.474249 0.695246 0.197359 2 
-0.615797 0.201478 -0.00842355 2 
0.389036 -0.657792 0.573299 2 
0.137149 -0.511633 0.400343 2 
0.203741 -0.820775 0.38101 2 
-1.18031 0.327456 -0.60637 2 
-0.516032 0.907436 0.0445524 2 
-0.33782 -0.0708811 -0.0462296 2 
-0.472587 0.35646 -0.065774 2 
-0.381604 0.197169 -0.153872 2 
-0.0850684 0.00727885 -0.0749794 2 
-0.219734 -0.229072 -0.492189 2 
-0.491225 0.0350877 -0.0882197 2 
-0.315993 0.0482266 0.219831 2 
-0.141954 -0.273426 -0.141786 2 
0.254038 -0.202971 0.252324 2 
0.348524 -0.265644 0.239938 2 
0.318132 0.272161 -0.019339 2 
-0.317221 0.244159 -0.421217 2 
0.0216948 0.0246914 0.213104 2 
-0.763108 0.417348 -0.376472 2 
-0.830369 0.266198 -0.370707 2 
-0.257661 0.731229 -0.184626 2 
-0.278752 0.149137 0.488062 2 
-0.464874 -0.0534987 -0.106422 2 
-0.516773 0.394678 -0.640307 2 
0.650361 -0.658772 0.242391 2 
0.062112 0.436878 0.234247 2 
0.0440676 0.406075 -0.287104 2 
-0.861867 1.38259 -0.402422 2 
0.0521933 0.204595 0.154996 2 
-0.365941 0.479752 -0.228918 2 
0.807584 -0.279523 0.162091 2 
0.14294 0.162923 -0.0220767 2 
-0.304974 0.720017 -0.133685 2 
0.667061 -0.149912 0.467951 2 
0.578061 -0.206721 0.617707 2 
-0.0304628 0.260531 0.36875 2 
0.475324 0.0496329 0.58453 2 
-0.0686497 0.381267 0.465862 2 
0.76948 -0.0424607 0.681219 2 
0.325901 0.288849 0.601476 2 
0.262687 -0.26919 0.265725 2 
0.526603 0.315662 0.435843 2 
0.163468 0.476851 0.50947 2 
0.0377912 0.178318 0.130567 2 
0.125512 0.222321 0.216645 2 
-0.949151 0.646399 -0.483674 2 
-0.111987 -0.242741 -0.127622 2 
-0.212169 0.749916 -0.10482 2 
-0.0322186 -0.213483 -0.224655 2 
-0.797162 1.02196 -0.474373 2 
-0.370873 0.254469 -0.0195862 2 
0.18885 0.0519053 0.374283 2 
-0.749769 0.566588 -0.61855 2 
0.261774 -0.584228 -0.0838337 2 
-0.332744 0.469892 0.00674568 2 
-0.776132 0.357335 -0.823876 2 
-1.04487 0.925683 -0.854234 2 
-0.340912 -0.158833 -0.0375679 2 
0.424873 0.123991 0.36751 2 
0.267175 0.174502 -0.0138249 2 
-0.11894 -0.301337 0.201716 2 
-0.223501 0.316612 -0.321277 2 
0.443942 -0.242385 0.0783775 2 
-0.567397 1.41021 -0.0883488 2 
-0.645634 -0.12072 -0.523177 2 
-0.755299 0.813092 -0.47885 2 
0.441983 -0.271997 0.35395 2 
0.13041 -0.411431 0.546397 2 
0.880306 -0.611317 0.695777 2 
-0.223413 0.207018 -0.50737 2 
0.492376 -0.148815 0.0948484 2 
0.245539 -0.181262 0.157867 2 
-0.450378 0.884025 -0.405226 2 
-0.0305753 -0.22039 -0.238615 2 
0.151423 0.444866 0.0721215 2 
1.79404 -1.54171 1.14955 2 
-0.0240392 0.184045 0.128962 2 
-0.146167 0.0707695 0.271889 2 
0.508505 0.111586 0.284273 2 
-0.387033 0.828539 -0.142098 2 
-0.185608 0.280264 0.201908 2 
0.389025 0.291303 0.378685 2 
-0.318795 0.0410425 -0.722349 2 
0.461851 -0.0670841 -0.187979 2 
-0.206939 0.101377 -0.439598 2 
-0.665748 1.12659 -1.07675 2 
-0.274623 0.343422 -0.403983 2 
-0.017275 -0.187968 -0.158586 2 
-0.227079 0.374788 -0.161987 2 
0.0987108 0.747978 -0.0147543 2 
0.65221 -0.814004 0.570576 2 
-0.261071 -0.330527 -0.305653 2 
-0.708201 0.639653 -0.577816 2 
-0.377076 0.19839 -0.240855 2 
-0.623127 -0.0276109 -0.588467 2 
-0.438662 0.329942 -0.280382 2 
-0.133423 -0.165803 -0.235186 2 
-0.221564 0.0772845 -0.303099 2 
-1.06731 0.927741 -0.638472 2 
0.641566 -0.556771 0.446727 2 
-0.294755 0.319536 -0.556794 2 
-0.206618 0.692424 0.0037218 2 
0.397409 -0.628543 0.0726684 2 
-0.576334 -0.091709 -0.256737 2 
0.180333 -0.40708 0.323544 2 
-0.505748 -0.522188 -0.0129234 2 
-0.534385 0.0897204 -0.531359 2 
-0.0991563 0.0347739 0.00225791 2 
-0.650612 0.408569 -1.18825 2 
0.429296 0.14681 -0.174582 2 
-0.0836962 0.803964 -0.462234 2 
-0.020522 0.319239 -0.283651 2 
-0.232589 0.682516 -0.838785 2 
0.121548 0.19198 -0.0290231 2 
0.162901 0.365498 0.257806 2 
0.906024 -0.0347558 0.0970181 2 
-0.276747 -0.20828 -0.231015 2 
0.0476868 0.224194 0.198034 2 
-0.00404093 0.123092 -0.145897 2 
-0.613562 0.8358 -0.122259 2 
-0.289595 0.275833 0.14895 2 
-1.2711 0.47073 -0.551375 2 
-0.252949 0.349999 0.338221 2 
1.0454 -0.198594 1.29696 2 
-0.199477 0.369839 -0.101867 2 
0.0275929 0.306453 0.267424 2 
0.807279 -0.00714495 0.0165165 2 
-0.680552 0.844373 -0.793534 2 
-0.532653 0.554472 -0.318561 2 
0.484577 0.398781 0.285336 2 
0.394433 -0.158312 0.218081 2 
-0.0544891 0.673571 -0.372338 2 
0.578822 0.0452171 0.379617 2 
0.0706412 0.273124 0.075834 2 
0.281793 -0.110523 0.079923 2 
0.512027 -0.170864 1.00782 2 
0.684619 -0.219905 0.756639 2 
0.00493462 0.132862 0.261762 2 
-0.229037 -0.150233 0.137509 2 
0.531866 -0.00921641 0.524459 2 
0.300645 -0.0543173 0.420196 2 
-0.629794 0.787538 -0.451817 2 
0.016929 0.379936 0.426769 2 
0.966647 -0.754586 0.853975 2 
-0.194827 0.115195 0.412013 2 
-0.223254 0.125106 -0.163657 2 
1.04877 -1.49077 0.822725 2 
0.221812 -0.0946963 0.33636 2 
-0.394465 0.0677654 0.216759 2 
-0.44409 -0.218823 -0.0420713 2 
-0.0189902 0.546062 0.183734 2 
0.295452 -0.161672 0.106737 2 
-0.53693 0.11249 -0.340532 2 
-0.0323744 -0.0717317 0.213473 2 
-0.0628379 0.0267931 -0.00172302 2 
-0.448523 -0.117723 -0.192559 2 
0.331956 -0.0677057 -0.0459405 2 
0.164185 -0.00739521 -0.171876 2 
0.327937 0.193231 -0.0336948 2 
-0.314932 -0.234023 -0.189794 2 
-0.288134 0.484175 -0.317984 2 
-0.0847964 0.17349 0.0200356 2 
0.590587 0.272264 0.159626 2 
-0.0616153 -0.375662 -0.0382673 2 
-0.0602424 -0.0810709 0.19162 2 
-0.440157 0.189369 0.0211946 2 
0.734629 -0.716124 0.742446 2 
0.176603 -0.0943933 0.437285 2 
0.0700673 0.404478 0.310843 2 
0.488462 0.204899 0.639986 2 
-0.100867 0.277052 0.525012 2 
1.11247 -0.187867 0.620334 2 
0.514804 -0.140602 0.224972 2 
-0.747649 0.799114 -0.718592 2 
-0.620903 0.253468 0.369349 2 
-0.824156 0.359152 -0.338626 2 
-0.401587 0.665918 0.0184885 2 
0.0874556 -0.32248 0.10534 2 
0.176299 -0.107192 0.293293 2 
0.93467 -0.0459253 0.768671 2 
0.107624 -0.0947949 -0.0202938 2 
-0.221842 -0.349829 -0.141344 2 
-0.363183 -0.0949055 -0.680993 2 
-0.693839 0.240622 -0.279531 2 
0.302716 -0.26673 -0.0323992 2 
0.349815 -0.138561 0.346704 2 
-1.64328 0.641634 -0.791552 2 
-1.46563 0.956815 -1.36895 2 
0.159661 -0.531196 0.638816 2 
-0.880721 0.44074 -0.0416332 2 
-0.655516 0.0727847 -0.0349933 2 
-1.47016 0.402625 -1.18178 2 
-0.913683 -0.110312 -0.606277 2 
-1.03736 0.313676 -0.734319 2 
-0.882947 0.470252 -0.854125 2 
-1.47546 0.657915 -1.19049 2 
-0.379752 0.0562328 -0.206902 2 
-1.37852 0.553526 -0.861277 2 
-0.7939 0.302619 -0.334161 2 
-0.901437 0.354129 -0.55679 2 
-0.332902 0.188449 -0.786 2 
-0.345182 0.216705 -0.393156 2 
-0.318947 0.0828652 -0.480698 2 
-0.146045 0.512571 -0.215903 2 
-1.17517 0.658006 -0.982047 2 
-0.868581 0.686432 -0.329623 2 
-0.834971 0.504369 -0.350074 2 
-0.186029 0.219906 0.114591 2 
-0.619576 0.506164 -0.245935 2 
0.0816326 0.435352 -0.00565623 2 
-0.807938 0.572816 -0.334159 2 
-0.728434 0.0890536 -0.085808 2 
-1.02661 0.142537 -0.682516 2 
-0.834344 0.107297 -0.723646 2 
-0.503942 0.299675 -0.0458737 2 
-0.79712 0.560974 -0.400875 2 
-1.34292 0.499816 -0.645154 2 
-1.07374 0.683156 -0.582584 2 
-0.861867 0.237744 -0.300946 2 
-0.955903 0.620537 -0.141354 2 
-1.18914 0.720819 -0.548436 2 
-0.743127 0.48655 -0.436722 2 
-0.72404 0.856795 -0.669238 2 
-0.926302 0.838011 -0.952331 2 
-1.08776 0.798092 -0.328507 2 
-1.61136 0.52592 -0.236327 2 
-0.170923 0.476517 -0.0195405 2 
-0.462 1.13209 -0.283778 2 
0.242994 -0.0880244 -0.21906 2 
-0.490579 0.350273 -0.428575 2 
-0.737669 0.872453 -0.591226 2 
-0.530399 0.303048 -0.210321 2 
-0.584216 0.611293 -0.280008 2 
-0.214554 0.205433 -0.40819 2 
-0.454213 -0.187876 0.155998 2 
-1.25132 0.3134 -0.59885 2 
-0.50958 0.232255 -0.258268 2 
-1.53662 0.6235 -0.792651 2 
-1.05665 0.867884 -0.605433 2 
-0.580436 0.295598 -0.791056 2 
-0.807453 0.0756724 -0.610047 2 
-0.532857 0.339615 -0.74287 2 
-0.89359 0.149102 -0.510417 2 
-1.02452 0.857713 -0.353295 2 
-0.581967 0.223868 -0.227785 2 
-0.708829 0.714062 -0.570265 2 
-0.572946 0.322229 -0.317546 2 
-0.302588 -0.318786 0.259131 2 
-0.925628 0.554191 -0.22449 2 
-0.0396444 0.431453 -0.208746 2 
0.0305353 -0.309624 -0.230149 2 
-0.00116248 0.029458 0.0346145 2 
-0.26126 0.243897 -0.277902 2 
-0.287894 0.0682216 -0.000606254 2 
-0.605714 0.6129 -0.181116 2 
-0.648214 0.796623 -0.18535 2 
-0.724086 0.317193 -0.248265 2 
-0.210093 0.228826 -0.262076 2 
-0.0264236 0.488528 0.155539 2 
-1.13174 0.515802 -0.887108 2 
-1.24401 0.857922 -0.705422 2 
-0.353079 0.530807 -0.266175 2 
-0.572746 0.497978 -0.281902 2 
-0.851002 0.199822 -0.170388 2 
-0.49764 -0.102918 -0.512862 2 
-0.918474 0.667609 -0.498518 2 
-1.58375 1.01411 -0.928585 2 
-1.12505 0.722019 -0.863184 2 
-0.403482 0.428102 -0.285527 2 
-0.311731 0.357675 0.279446 2 
0.197074 0.301338 0.356408 2 
-0.97591 0.545738 0.0610416 2 
-0.165388 0.65972 -0.212021 2 
-0.798438 0.670414 -0.318756 2 
-0.289745 0.0868743 -0.309211 2 
-0.222439 -0.24894 0.0375457 2 
-0.627768 0.742532 -0.346716 2 
-0.431818 0.0395318 0.0818965 2 
-0.765036 0.354272 -0.639121 2 
-0.795727 0.742454 -0.265464 2 
-0.314862 0.329509 -0.544055 2 
-0.319108 0.706231 -0.255062 2 
-0.394382 0.207833 0.176275 2 
-0.135339 0.222521 -0.235551 2 
-0.258714 0.19509 -0.0400959 2 
0.301396 -0.443046 0.109092 2 
-0.728247 0.0250786 -0.297451 2 
0.271819 -0.220288 0.00588751 2 
0.179421 -0.416953 0.390684 2 
-0.179862 -0.523863 -0.419867 2 
0.495368 -0.359222 0.490864 2 
-0.829618 0.427436 -0.653093 2 
-0.448929 0.0810976 -0.284402 2 
-0.47173 -0.17753 -0.0253901 2 
0.388248 -0.618643 0.431603 2 
0.523317 -0.267634 0.083116 2 
-0.615803 -0.164319 -0.398632 2 
-0.983966 0.296286 -0.911742 2 
-1.16157 0.48762 -0.369664 2 
-1.95658 1.23119 -1.15363 2 
-1.11265 0.71686 -0.791069 2 
-0.147899 -0.209125 0.214957 2 
-1.03709 0.510039 -0.735031 2 
-0.80203 0.191631 -0.0581346 2 
-0.153817 0.33103 -0.0177961 2 
-0.595189 0.212262 -0.351352 2 
-0.127777 -0.0512644 0.195989 2 
-0.0491638 -0.352771 0.176486 2 
-0.711981 0.744656 -0.510767 2 
-1.06141 0.787387 -0.913064 2 
-0.111723 0.354085 -0.216202 2 
-0.0853063 0.205605 0.167938 2 
-0.172504 0.231352 -0.155984 2 
-1.00734 0.40828 -0.0242988 2 
-0.325505 0.252846 0.126607 2 
-1.10486 0.810998 -0.76843 2 
-0.257612 0.239792 0.18411 2 
-0.317647 0.536723 -0.301984 2 
-0.407613 0.193773 -0.103066 2 
-1.04295 0.538486 -0.428559 2 
-0.400913 0.572194 -0.371901 2 
-1.19328 0.585647 -0.60154 2 
0.262439 0.168128 0.132506 2 
-0.296275 0.202188 -0.163807 2 
-1.27381 0.95187 -0.343315 2 
0.561462 -0.10972 0.278117 2 
-0.83011 0.47652 -0.149005 2 
-0.315223 0.389775 0.0471094 2 
-0.106819 0.185301 0.0408337 2 
-0.0974157 0.559238 0.290157 2 
-0.92136 0.685171 -0.261486 2 
-0.831662 0.479711 -0.659183 2 
-0.514943 -0.0260598 -0.0356541 2 
0.233822 0.0264659 0.140749 2 
0.0083418 -0.125756 -0.100897 2 
-0.38958 -0.171937 -0.868603 2 
-0.633416 0.131405 -0.367706 2 
-1.02658 0.688395 -0.696733 2 
-0.892797 0.690585 -0.340673 2 
-1.6593 0.692669 -0.972011 2 
-0.727469 0.385408 -0.498585 2 
-0.384578 0.211686 -0.0179925 2 
0.192652 0.101162 0.0598884 2 
-0.503695 0.25803 -0.468742 2 
-0.099324 -0.281152 0.162576 2 
-0.51921 0.0379113 -0.40535 2 
-0.931887 0.959312 -0.693622 2 
-0.0758675 0.00104217 -0.217433 2 
-0.795719 0.394676 -0.461982 2 
-1.12582 0.767079 -0.841405 2 
0.371316 -0.370553 0.324057 2 
-0.314708 0.120405 0.0228816 2 
-0.968413 0.617645 -0.532051 2 
-0.822244 -0.28215 -0.37558 2 
-0.787522 0.329666 -0.0357014 2 
-0.838774 0.148712 0.00679727 2 
0.19519 -1.09573 0.285369 2 
-1.83131 0.855695 -0.697915 2 
-1.00226 0.70199 -0.416706 2 
-0.847914 0.330521 -0.304926 2 
-1.76465 1.0358 -0.739654 2 
-0.540311 0.371636 -0.160358 2 
-0.28246 0.0755395 -0.259195 2 
-0.240714 0.0906657 -0.28845 2 
-0.272952 -0.0282373 -0.230267 2 
-1.01017 0.519545 -0.629481 2 
-0.754952 0.597868 -0.254592 2 
0.498663 -0.969677 0.866746 2 
-0.1138 0.00876343 0.671081 2 
-0.615002 0.620253 -0.33203 2 
0.204821 0.422704 0.245128 2 
-0.460321 0.171838 0.123105 2 
0.0282392 -0.177529 0.338689 2 
-0.377009 0.317902 0.0353908 2 
-0.252953 0.253445 0.076704 2 
-1.12827 0.582432 -0.0506595 2 
-0.297756 0.181729 -0.0355373 2 
-1.9683 2.07899 -0.878642 2 
-1.58363 1.22288 -0.586268 2 
-0.504738 0.987603 -0.328482 2 
-0.319856 0.0790718 -0.102746 2 
-0.541568 -0.20758 -0.219035 2 
-0.729027 -0.131559 -0.632109 2 
-0.13125 0.126019 0.312969 2 
-0.808378 0.487014 0.102587 2 
-0.389594 0.226244 0.193881 2 
-0.358865 0.405247 -0.276191 2 
0.302278 -0.810537 0.218363 2 
-0.649253 0.0192721 0.0578294 2 
-0.0918352 -0.182269 0.178856 2 
-0.296441 0.268983 0.148249 2 
0.601634 -0.592707 0.47788 2 
0.8038 -0.992167 0.61286 2 
0.0557216 -0.100536 -0.266377 2 
-0.562296 -0.0722992 0.0253844 2 
-0.182841 0.154873 -0.127535 2 
-0.200615 0.217995 -0.292433 2 
0.625469 -0.213361 0.141381 2 
0.656447 -0.313273 0.118538 2 
-0.715963 0.0925742 -0.312906 2 
-0.669451 0.446987 -0.676638 2 
-0.130329 0.176309 -0.416099 2 
0.342864 -0.145047 -0.632554 2 
0.367214 -0.136325 0.284533 2 
-0.315663 0.178341 0.0792683 2 
-0.794305 0.196271 -0.473646 2 
-0.00610543 -0.141893 -0.0172706 2 
-0.822948 0.391279 -0.855122 2 
0.405492 0.0503214 0.28612 2 
-0.853302 0.278345 -0.336008 2 
-1.11375 0.540577 -0.521423 2 
0.172607 0.445823 0.464792 2 
-0.830874 -0.0722914 -0.0410915 2 
-0.3214 -0.386551 -0.327672 2 
-0.138966 0.464784 -0.0280904 2 
-1.15333 0.72946 -0.505651 2 
-0.881472 0.609281 -0.0392163 2 
-0.553705 0.156889 0.00672756 2 
-1.20002 1.15553 -0.234147 2 
-0.277018 0.224527 -0.0258678 2 
-0.381226 0.566126 0.056853 2 
-0.749182 0.623861 -0.180028 2 
-0.454346 0.215346 -0.1453 2 
-0.58123 -0.0313995 -0.306082 2 
-0.631864 0.761429 0.149339 2 
-0.879999 0.813468 -0.214032 2 
-1.15005 1.33176 -0.7025 2 
-0.436954 -0.0344953 0.209417 2 
0.171864 -0.106017 0.64041 2 
-0.885578 0.271536 0.177878 2 
0.339063 -0.125465 0.803772 2 
-1.2135 0.867996 -0.471797 2 
-0.584516 -0.19005 0.0160905 2 
0.169812 -0.407615 0.371843 2 
0.620665 0.0983587 0.289628 2 
-0.189727 0.61355 0.175807 2 
-0.97737 0.632663 -0.450412 2 
-0.240978 0.13729 0.365719 2 
-0.540783 0.727734 0.00692517 2 
-0.819691 0.70251 -0.678688 2 
0.28803 -0.283294 0.378397 2 
-0.463046 -0.0652615 -0.0916504 2 
-0.870185 0.664751 -0.720475 2 
-0.140088 0.506013 0.0860423 2 
0.132667 0.227921 0.235102 2 
-0.375012 0.415334 0.0723181 2 
-0.174529 0.233469 -0.0437899 2 
0.327537 -0.149454 0.104586 2 
-0.327383 0.119457 0.160323 2 
-0.885676 -0.00590626 -0.107915 2 
-0.298512 0.359284 -0.0682549 2 
-0.598342 0.624715 -0.588318 2 
-0.712046 0.723606 -0.390634 2 
-1.4064 0.804455 -0.904044 2 
-0.4772 0.063946 -0.353325 2 
-1.25495 1.06498 -0.68225 2 
-1.91397 0.924365 -1.04079 2 
-0.176231 0.21079 -0.151124 2 
-1.07503 0.461412 -0.600912 2 
-0.361543 0.12842 0.0242866 2 
-0.921509 0.466983 -0.147385 2 
-1.1976 0.920294 -0.680233 2 
-0.863136 0.919579 -0.73269 2 
-0.91836 0.611555 -0.502716 2 
-1.16436 1.4386 -0.768915 2 
-0.355759 0.402604 0.128624 2 
-0.543201 0.501107 -0.241825 2 
-0.50064 0.314701 0.416033 2 
-0.65504 0.546911 0.325985 2 
-0.223729 0.0754152 0.358091 2 
-0.629963 0.630685 -0.518465 2 
-1.28853 0.803923 -0.256626 2 
-0.357556 0.649655 0.234259 2 
0.329018 0.0109632 0.740197 2 
-0.789818 0.42154 0.00538001 2 
-0.486931 0.0841602 0.396106 2 
-0.830073 0.199455 0.0686662 2 
-0.9968 0.0547888 -0.0393568 2 
-0.440693 0.659641 0.281363 2 
-0.0319099 -0.131309 0.0700766 2 
-0.858339 0.647826 -0.0900035 2 
-1.16775 1.06572 -0.115251 2 
-0.741244 -0.149742 -0.227651 2 
-0.861939 0.648032 -0.0211825 2 
-1.03536 0.974965 -0.235708 2 
0.0782453 -0.137929 0.163781 2 
-0.6027 0.511762 0.556767 2 
0.81618 0.0158929 0.208037 2 
-0.884307 0.406565 0.0524111 2 
-1.02227 0.490152 0.180709 2 
-0.610497 0.794556 0.347936 2 
0.0227092 0.188455 0.538835 2 
0.0753868 0.424678 0.0791352 2 
0.773531 -0.320105 0.89985 2 
-0.171251 -0.0890795 0.258132 2 
-0.444197 1.13258 -0.226876 2 
0.0878743 -0.10158 0.433041 2 
-0.474065 0.725472 0.242707 2 
-0.394184 0.464977 -0.17577 2 
-0.761394 0.4585 0.471143 2 
0.0940536 -0.670193 0.772693 2 
0.263079 0.354076 0.710656 2 
0.388954 -0.0106508 0.227911 2 
-0.643512 0.738085 -0.117112 2 
-0.00235659 0.0105777 -0.105849 2 
-0.410538 0.221116 0.485789 2 
0.00266762 0.0363691 0.817138 2 
0.206442 0.310521 0.480682 2 
-0.41635 0.0689084 0.0943199 2 
-0.0535044 0.324145 0.213736 2 
-0.198464 0.271674 0.0631884 2 
1.24718 -0.578597 0.813573 2 
0.581616 -0.110449 0.559095 2 
0.942642 0.101993 0.827409 2 
-0.28752 0.0327498 0.17624 2 
-0.423404 0.26257 0.0429769 2 
-0.668076 0.236638 0.017918 2 
-0.722276 0.828184 -0.103167 2 
0.323218 -0.292188 0.338093 2 
-0.709017 0.826313 -0.316838 2 
0.145387 0.156216 -0.115512 2 
-0.218796 0.194994 0.779128 2 
0.362822 -0.20601 0.215951 2 
0.402701 -0.0348412 0.429711 2 
-0.777784 0.269355 -0.197101 2 
-0.369158 -0.184625 0.356397 2 
0.36504 -0.298025 0.119573 2 
0.4861 -0.446969 0.601836 2 
-0.0806773 -0.0239594 0.171197 2 
-0.216823 0.350167 -0.118713 2 
-0.996417 0.338228 0.0200316 2 
-0.540642 -0.21232 0.397826 2 
-0.732001 0.275306 -0.502458 2 
-0.365443 0.0857033 0.156512 2 
-0.256872 -0.0293891 -0.230253 2 
-0.562807 0.00889874 -0.443113 2 
-0.21147 -0.0581533 0.0401936 2 
-0.151899 0.185282 -0.299488 2 
0.632023 -0.692976 0.448222 2 
-0.640497 0.150567 0.268689 2 
-0.488346 0.68353 -0.465489 2 
-0.620245 0.173037 -0.0679664 2 
-0.814318 0.383522 -0.333537 2 
0.135623 -0.48403 0.350257 2 
-0.447037 0.410171 -0.454028 2 
-0.627432 0.463233 -0.329186 2 
-0.388609 0.594789 -0.0294688 2 
-0.299203 0.16116 -0.164483 2 
-0.229608 0.122847 0.240668 2 
-0.42163 0.0825291 -0.0602809 2 
-0.646403 -0.18711 0.2904 2 
-0.410329 0.318952 -0.403489 2 
-0.494275 0.649048 -0.371531 2 
-1.00844 0.487255 -0.703695 2 
-0.025052 0.334095 0.0822134 2 
-0.857917 0.482565 -1.09346 2 
-0.355931 0.598188 -0.520279 2 
0.0449919 -0.541591 -0.41061 2 
-0.53867 0.153627 -0.427331 2 
-0.323791 0.298057 -0.363256 2 
-0.706631 0.702197 -0.46779 2 
-0.149839 -0.148732 -0.215577 2 
-0.0837782 -0.281645 0.180789 2 
-0.0410841 -0.0434561 -0.25695 2 
-0.261527 0.184453 0.0638511 2 
-0.457471 0.568562 -0.179479 2 
-0.0770871 0.246307 0.0935994 2 
-0.0118597 0.382195 0.0766251 2 
0.0184642 0.23628 0.0647259 2 
-0.726245 0.577192 -0.392704 2 
-0.462976 0.718765 -0.405978 2 
-0.243479 0.100894 0.146425 2 
-0.694823 0.797728 -0.365167 2 
-0.416317 0.14741 -0.140962 2 
-0.134788 0.216568 0.0486378 2 
-0.506663 0.357364 -0.239983 2 
-0.90074 0.562158 -0.869302 2 
-0.168862 -0.00657827 0.150131 2 
-0.25207 0.315196 -0.015552 2 
-1.09124 0.717197 0.0434253 2 
-0.540377 0.580141 -0.232151 2 
-0.652374 0.240841 -0.010805 2 
-0.223013 -0.289511 0.32494 2 
-0.443069 0.209993 -0.650129 2 
0.194865 -0.169132 0.114091 2 
-0.160825 -0.101584 0.154476 2 
0.667065 -0.723017 0.638718 2 
-0.896784 -0.050469 -0.118586 2 
-1.36271 0.216891 -0.0698038 2 
-1.06259 0.677537 -0.293214 2 
-0.135285 0.169727 -0.288021 2 
-0.756377 0.423032 -0.381626 2 
-0.296317 0.273574 0.0126282 2 
-0.577216 0.352902 -0.65359 2 
-0.35919 0.409773 -0.0682883 2 
-0.957872 0.649911 -0.452974 2 
-1.76967 1.46612 -0.955028 2 
-0.772051 0.726261 -0.261294 2 
-0.391362 0.366719 0.115197 2 
-1.04251 0.0180518 -0.448247 2 
-0.118633 -0.129293 0.0616772 2 
-0.528351 0.658005 -0.363878 2 
-0.909701 0.953403 -0.127572 2 
-0.354403 0.0936018 0.266236 2 
-0.126948 0.120034 0.418384 2 
-1.21511 0.839082 -0.287152 2 
-0.522842 0.595852 -0.0415646 2 
-0.380691 0.0741607 0.33993 2 
0.175918 0.12088 0.819116 2 
0.515599 -0.122899 0.34061 2 
-0.321946 0.266181 -0.0107864 2 
-0.713503 0.339961 -0.188968 2 
-0.218635 0.736531 0.269455 2 
-0.481873 0.766009 -0.0969669 2 
-1.03025 0.72795 -0.51243 2 
-0.694235 0.658505 -0.157607 2 
-0.500351 0.480877 0.151708 2 
-0.92201 0.48288 -0.458791 2 
-0.576738 0.618874 -0.0741356 2 
-0.571986 0.642301 -0.109086 2 
-0.190926 0.230849 0.146911 2 
-0.642702 0.790002 -0.305918 2 
0.360165 0.209623 -0.243472 2 
0.41791 -0.286643 0.402273 2 
-0.0618535 -0.0796948 0.266173 2 
-1.26276 0.441799 -0.415344 2 
-1.30151 0.61441 -0.221542 2 
-0.382998 0.394673 0.312794 2 
-0.55604 -0.0250868 0.135866 2 
-0.951225 0.432097 -0.10545 2 
-0.90232 0.668589 0.155718 2 
-0.547818 0.89303 0.448178 2 
-0.849035 0.986964 -0.307627 2 
-0.831877 0.439839 0.163957 2 
-0.681387 0.502418 0.0186018 2 
-1.44789 0.643681 -0.248337 2 
-1.2548 0.587935 -0.321468 2 
-0.360961 0.412122 -0.116072 2 
-0.399964 0.143597 0.110269 2 
-0.539771 -0.305846 0.348319 2 
-1.13304 0.493165 -0.485485 2 
-0.0962048 0.036028 0.678437 2 
-0.406761 0.454932 0.474197 2 
-1.37034 1.13649 -0.100205 2 
-0.979297 0.891369 -0.271586 2 
-1.1584 0.737437 -0.317607 2 
-0.176697 0.419145 -0.233503 2 
-0.56992 -0.0837413 -0.275539 2 
0.022452 0.184907 0.785832 2 
-0.798734 0.476625 -0.273999 2 
-0.10214 0.443051 0.233625 2 
-1.40188 0.782708 -0.524837 2 
-1.27455 0.487716 -0.355194 2 
-2.07621 1.2203 -0.774395 2 
-0.555772 -0.0333706 0.225944 2 
0.0985604 -0.188398 0.111667 2 
-0.321115 -0.00544973 0.139222 2 
0.0270755 -0.133467 0.168243 2 
-0.619868 0.686812 -0.168885 2 
-0.911132 0.544266 -0.382083 2 
-1.13547 0.562406 -0.194454 2 
-1.09858 1.06752 0.00413254 2 
-1.83044 1.19992 -1.14033 2 
-0.680172 0.483773 -0.134963 2 
-1.64594 0.498277 -0.356939 2 
-0.9917 0.826867 -0.150712 2 
-1.27995 1.24067 -0.3645 2 
0.577888 -0.0474563 0.276174 2 
0.0853466 -0.0487313 -0.00499409 2 
-0.850456 0.984805 -0.416852 2 
-0.122433 0.0339412 0.376791 2 
-0.161023 0.00615472 0.124428 2 
-0.814919 0.313706 0.0865546 2 
0.0268066 0.220103 0.283429 2 
-0.955228 1.1178 -0.536413 2 
-0.784381 0.774855 -0.545175 2 
-1.27235 0.871063 -0.446845 2 
-0.0938301 -0.0685644 -0.0762045 2 
-0.834734 -0.0610763 -0.381416 2 
-0.579918 0.446476 -0.186682 2 
-0.499783 -0.181257 -0.0245823 2 
-0.158575 -0.0271159 0.563604 2 
0.307574 -0.252365 0.576909 2 
-0.0519658 -0.149887 0.224631 2 
0.0136554 -0.135837 0.207652 2 
-0.674889 0.346059 0.11774 2 
0.637355 0.0460218 0.694197 2 
-0.590846 0.598196 0.704305 2 
0.848753 -0.568412 0.643033 2 
0.814723 -1.0729 1.29567 2 
-0.650733 0.439159 -0.36047 2 
0.390076 0.271829 0.369136 2 
0.198013 -0.34482 0.407516 2 
-0.549748 -0.169992 -0.0816656 2 
-0.135943 0.209606 0.208347 2 
0.00679867 -0.039068 0.195937 2 
-0.235352 0.292594 0.317818 2 
-0.127273 0.319503 -0.210834 2 
0.360403 -0.425026 0.614499 2 
-0.0809758 0.809254 0.678594 2 
-0.175754 0.800393 0.0597381 2 
-1.2826 1.18205 -0.759479 2 
-1.14603 0.717458 -0.429319 2 
-0.0621833 0.177209 0.219597 2 
-0.761522 0.706018 -0.240298 2 
-0.123676 0.637868 0.061614 2 
0.336528 0.216843 0.377867 2 
-1.34043 0.83962 -0.74912 2 
-0.152193 0.366779 0.220259 2 
-1.69532 1.30395 -0.505112 2 
-1.04814 0.572581 -0.485924 2 
0.618569 -0.437456 0.907036 2 
1.647 -0.442531 1.47604 2 
1.02912 -0.402202 0.751181 2 
-0.11791 -0.0619976 0.32576 2 
-0.119895 0.401212 0.715243 2 
0.0308678 0.0943305 0.603595 2 
0.606054 0.282117 0.757008 2 
0.871226 -0.159573 0.449687 2 
0.315815 -0.4274 0.898088 2 
-0.802112 0.153381 -0.345493 2 
0.251784 -0.271741 0.568495 2 
0.357009 -0.255719 0.323154 2 
0.541657 -0.155706 -0.191996 2 
-0.390357 -0.28068 0.490226 2 
0.697474 -0.799972 0.864115 2 
-0.0573894 -0.177431 0.474599 2 
-0.239048 -0.115331 0.524611 2 
0.720347 -0.559763 0.935791 2 
1.33119 -0.839711 1.17097 2 
1.20044 -0.666805 1.47764 2 
0.871938 -0.62036 1.35922 2 
0.197741 0.0699046 0.186241 2 
0.712703 -0.124255 0.875527 2 
0.440271 -0.164495 0.607445 2 
0.388421 -0.712005 0.387979 2 
-0.18153 -0.618062 0.565325 2 
0.557266 -0.0248076 0.722888 2 
0.568499 -0.432994 0.761888 2 
0.703626 0.1907 0.702952 2 
0.586057 -0.0450515 0.990804 2 
0.387248 0.277845 0.436926 2 
0.245316 -0.0786307 0.374808 2 
0.570532 -0.544758 1.34465 2 
0.0467375 -0.15473 0.286267 2 
0.540443 0.266312 0.704487 2 
0.95345 -0.198842 1.30397 2 
1.052 0.109287 0.990688 2 
0.711729 -0.281005 0.818387 2 
1.55284 -0.64612 1.58487 2 
0.60796 -0.630565 0.815326 2 
-0.207599 0.304847 0.371665 2 
1.42406 -0.801726 1.41896 2 
0.93844 -0.18147 1.19046 2 
0.141079 0.343515 0.572382 2 
-0.408329 -0.0507084 0.220658 2 
0.302056 0.255787 0.627909 2 
0.344753 -0.294505 1.2327 2 
-0.132527 0.171454 0.20013 2 
0.330797 0.218633 0.780626 2 
0.885619 -0.0348115 1.04531 2 
0.0772507 0.342322 0.554394 2 
-0.412764 0.636536 0.384108 2 
0.2662 0.430778 0.709591 2 
0.560688 -0.0748587 0.963249 2 
-0.0977182 0.723225 0.383873 2 
0.44047 0.7311 0.575579 2 
0.792382 0.277834 1.1173 2 
0.727331 0.0289344 0.915237 2 
1.06502 -0.366433 0.710732 2 
0.850563 -0.251307 0.380363 2 
1.80313 -0.71154 1.39686 2 
-0.263197 -0.318103 0.250557 2 
-1.2048 0.612501 -0.907927 2 
-0.671746 0.0254861 -0.312347 2 
0.911505 -0.62371 0.964302 2 
0.0619584 -0.111813 0.874594 2 
-0.539889 0.263721 0.160053 2 
-0.175691 0.405459 0.104108 2 
0.132894 0.130294 0.668532 2 
0.0957842 -0.375573 1.23664 2 
-0.583233 -0.351814 0.629337 2 
-0.281884 -0.144689 0.60421 2 
-0.920843 0.43153 -0.221537 2 
0.207241 0.00507468 0.780877 2 
-0.254429 -0.0833025 0.1193 2 
-0.601884 0.614774 -0.290132 2 
0.496504 -0.401174 0.567768 2 
0.0255059 0.168754 0.238601 2 
-0.983111 0.360997 0.0368116 2 
0.402225 0.306204 0.179035 2 
0.352317 -0.153252 1.00618 2 
-0.100607 0.358683 0.814909 2 
0.043061 -0.0180148 0.79138 2 
-0.587317 0.890571 0.285524 2 
0.903559 0.308788 0.694769 2 
0.610839 0.0603328 0.737946 2 
0.691182 -0.459853 0.817189 2 
0.412304 0.103332 0.654062 2 
-0.0975799 0.340689 0.900114 2 
-0.44023 0.691768 -0.00660158 2 
-0.00902796 -0.326233 0.552903 2 
0.201488 -0.0285837 0.889773 2 
0.489578 -0.247307 1.26635 2 
0.431668 0.0115264 0.450561 2 
-0.375375 0.715379 0.432008 2 
0.356088 0.111275 1.42779 2 
0.590245 0.512221 0.687032 2 
0.64122 -0.710644 1.50927 2 
0.575453 -0.372267 0.946725 2 
0.633922 0.807686 0.801442 2 
0.397713 1.03469 0.583776 2 
0.00152942 0.14216 0.847709 2 
0.0900997 0.533645 0.296813 2 
1.04288 -0.544746 1.64137 2 
0.584962 -0.0468783 1.4598 2 
0.444679 -0.128759 0.78415 2 
-0.385502 0.646915 -0.10512 2 
-0.400289 1.5445 0.0196632 2 
-0.0791972 0.220291 -0.0109342 2 
0.833028 -0.65755 1.42476 2 
0.805959 -0.495886 1.27481 2 
0.240461 0.137608 0.690244 2 
0.903482 -0.214155 1.09454 2 
0.511922 -0.248674 1.09342 2 
0.172016 -0.200155 0.42643 2 
0.985072 -0.592958 1.06962 2 
-0.20313 -0.326458 0.663747 2 
0.851789 -0.507259 1.09587 2 
0.255618 0.0174705 0.64795 2 
0.446591 0.567976 0.0431002 2 
0.540719 0.468394 0.624728 2 
-0.213149 -0.0468341 0.733211 2 
0.544491 -0.0066612 0.909559 2 
1.09422 -0.355653 0.990189 2 
-0.272407 0.297833 0.211649 2 
0.39914 0.350524 0.439902 2 
0.44604 0.0798882 0.694428 2 
0.431011 0.461688 0.940958 2 
1.37353 -0.612955 1.39626 2 
0.796745 -0.412018 1.5 2 
0.203528 0.0942937 0.58321 2 
0.415589 0.297217 0.75785 2 
0.370383 0.511646 0.889154 2 
1.73904 -0.365817 1.43495 2 
2.06119 -0.203416 1.67691 2 
0.839982 0.180353 0.368106 2 
0.339659 0.179776 1.12947 2 
-0.125593 0.535216 0.137549 2 
0.320283 -0.104113 0.735491 2 
-0.573435 0.650254 -0.605991 2 
0.141168 0.329712 -0.0178031 2 
-0.0661109 -0.0630623 0.584909 2 
0.665391 -0.0246612 0.662677 2 
0.784293 0.370632 0.619276 2 
-0.132216 0.767853 0.455949 2 
0.445353 0.482135 0.431111 2 
0.659851 0.104756 1.00378 2 
0.547883 0.158066 0.818343 2 
-0.456888 1.00975 -0.527479 2 
0.567324 0.673006 0.680912 2 
0.5802 0.468445 0.660483 2 
0.368225 0.357384 -0.408498 2 
0.227794 0.214641 -0.0372505 2 
0.30975 0.549789 0.296836 2 
0.851424 0.00776866 0.556056 2 
0.378436 0.0821557 0.457267 2 
0.433054 0.429405 1.12419 2 
0.0939699 -0.0224183 0.162633 2 
0.0234743 0.0892253 -0.455239 2 
0.69719 -0.0894076 0.320964 2 
0.249643 0.266335 0.30433 2 
0.503326 -0.164625 1.2467 2 
0.425187 0.267598 0.682989 2 
0.233845 0.172964 0.451062 2 
1.53566 -0.53798 1.61566 2 
1.01288 -0.0854028 0.204153 2 
-0.0381103 0.0579263 0.745816 2 
0.681794 -0.208345 0.984031 2 
0.713347 -0.0561517 1.06977 2 
0.611203 0.172147 0.641483 2 
1.43227 -0.343652 1.48399 2 
0.999364 -0.0762066 0.978953 2 
0.135598 0.131107 0.061354 2 
0.728519 -0.211646 0.583738 2 
-0.0749588 -0.0687158 0.020446 2 
0.00389394 -0.0121038 -0.325523 2 
0.712021 -0.0825589 0.328758 2 
0.432151 -0.044576 0.617333 2 
0.609734 0.153815 0.935635 2 
1.18856 -0.215648 0.738163 2 
1.02192 0.512534 0.826927 2 
1.1986 0.189827 0.674329 2 
1.07857 -0.285692 0.831752 2 
0.436057 -0.126979 0.277048 2 
0.729186 -0.00792305 0.654573 2 
0.142947 0.602707 -0.23009 2 
1.16833 -0.661798 0.901119 2 
1.23915 -0.437792 0.697271 2 
0.218007 0.0665355 0.703334 2 
0.113684 0.303803 0.768478 2 
0.488734 0.392718 0.307721 2 
1.16695 -0.146217 0.999773 2 
0.680978 -0.544173 0.534757 2 
0.0232955 0.919242 0.380595 2 
-0.202765 1.09747 0.154725 2 
1.02406 0.00234706 0.77357 2 
-0.226167 0.297062 0.0973037 2 
0.636836 0.569037 0.425872 2 
0.82584 0.181043 0.480161 2 
-0.173112 0.460949 0.43917 2 
0.517413 -0.22673 0.772455 2 
0.0420042 0.661546 0.100416 2 
1.4861 -0.20115 1.04144 2 
0.294102 0.378413 0.453179 2 
0.423137 0.125778 0.730939 2 
0.870581 -0.508531 1.11066 2 
0.264952 -0.0623385 0.399355 2 
0.889619 -0.141449 0.81916 2 
-0.130366 0.173453 0.432194 2 
0.805989 -0.352292 1.46717 2 
0.751402 -0.093427 1.18776 2 
0.946246 0.190868 0.823013 2 
0.638708 -0.263639 0.759307 2 
0.92909 -0.333525 0.781568 2 
0.120408 0.379269 0.58745 2 
0.877511 -0.571956 0.967808 2 
0.0027944 0.597283 0.403402 2 
-0.16437 0.625837 0.630717 2 
0.987333 -0.36218 1.17466 2 
0.759252 -0.00477131 0.397869 2 
-0.0123784 0.166642 0.0333012 2 
-0.0463462 0.178944 -0.0741821 2 
0.724143 -0.0902487 0.562909 2 
0.492786 0.650594 0.888355 2 
0.199038 0.522022 0.355517 2 
-0.192768 0.0402097 0.0304482 2 
0.287894 0.426041 0.0903897 2 
1.33178 -0.454086 0.49982 2 
-0.498577 1.12025 -0.0267678 2 
-0.493524 0.320366 -0.237276 2 
1.07225 -0.0904329 0.810288 2 
0.972207 -0.0807042 0.524984 2 
0.387593 0.547198 0.134471 2 
-0.434188 1.36928 -0.000705925 2 
-1.01021 1.62636 -0.963834 2 
0.294176 0.40571 -0.122101 2 
-0.194721 1.16425 -0.231401 2 
0.52831 0.207456 0.160133 2 
0.64202 -0.17163 0.808525 2 
0.462886 0.743951 0.183654 2 
-0.186638 0.951855 0.0470191 2 
0.40239 0.369635 0.0385235 2 
0.0947214 0.871607 0.0109614 2 
-0.0541695 0.825816 -0.193846 2 
-0.156885 0.914698 -0.592468 2 
0.100376 0.637479 0.0513018 2 
1.03813 0.42819 0.339097 2 
0.0854792 0.842702 0.243845 2 
-0.0533043 0.494839 -0.0816683 2 
0.433302 0.348521 0.572322 2 
-0.284621 0.669623 -0.327194 2 
-0.481297 1.51947 -0.601721 2 
-0.0205388 0.503003 -0.407137 2 
0.708296 0.396915 0.0606398 2 
1.1208 -0.333843 0.514462 2 
-0.124269 0.810912 0.203017 2 
-0.302659 -0.0193024 0.18976 2 
0.796758 -0.157794 0.863666 2 
-0.222768 0.295013 0.144476 2 
-0.605895 0.600351 -0.157507 2 
0.465222 0.177323 0.48409 2 
0.512631 -0.837022 0.606901 2 
0.106768 0.585052 0.0843211 2 
-0.292189 1.17355 -0.341027 2 
-0.257825 0.854195 -0.125985 2 
1.08552 -0.727428 1.02428 2 
-0.569611 0.477123 0.0132804 2 
-0.179025 -0.391365 0.726184 2 
0.113509 0.161147 -0.0936692 2 
-0.214477 -0.062128 0.0366402 2 
0.0767865 0.517355 0.195412 2 
0.170589 -0.403832 0.221564 2 
0.479194 -0.231114 0.453578 2 
0.54342 0.202986 0.416046 2 
0.49244 -0.0574109 0.409394 2 
0.0764606 0.00745299 0.0909139 2 
0.793365 0.45495 0.352483 2 
0.0601601 0.379845 0.0161131 2 
-0.0352934 0.518101 -0.118648 2 
-0.0426207 -0.432843 -0.108323 2 
1.42359 -0.325362 0.71165 2 
0.219239 0.273305 -0.101339 2 
1.63467 -0.620805 0.938653 2 
0.56393 -0.162603 0.337805 2 
-0.906511 0.816383 0.0359709 2 
0.538626 -0.642238 0.370624 2 
-0.401049 0.660718 0.0596997 2 
0.539245 0.598478 0.165217 2 
0.0977892 0.105518 -0.143364 2 
0.447453 -0.210625 0.221213 2 
0.834551 -0.0574174 0.606605 2 
1.04203 -0.640719 1.131 2 
0.788366 -0.330445 1.09203 2 
0.289509 0.237038 0.527184 2 
0.439817 0.481815 0.327095 2 
0.0666901 0.0070313 0.00104241 2 
0.698694 -0.373034 0.653096 2 
-0.588137 0.864962 -0.123704 2 
-0.942889 1.02759 -0.225858 2 
-0.186792 0.548601 0.349102 2 
0.0675611 0.464484 0.0367851 2 
0.119853 0.22327 -0.03624 2 
-0.238498 0.396789 -0.0495961 2 
0.00965824 0.689987 0.454682 2 
-0.614582 0.835409 -0.0212481 2 
-0.227833 0.171044 -0.376783 2 
-0.291172 0.0151992 0.0408001 2 
0.340667 0.383499 0.590483 2 
0.462038 -0.0398968 0.144664 2 
-0.8758 0.875459 0.0744989 2 
-0.362627 0.134519 0.180772 2 
0.331811 -0.438482 0.908917 2 
-0.23051 0.0363845 0.418994 2 
-0.116356 0.287172 -0.0818275 2 
-0.863744 0.798539 -0.448741 2 
-0.948935 0.587415 -0.535983 2 
-0.233066 0.634894 -0.324193 2 
-0.0606914 0.0241279 -0.0573132 2 
0.49255 0.155454 -0.10594 2 
-0.581425 0.423266 -0.645132 2 
-0.376877 0.53181 -0.00085728 2 
-0.743493 0.901543 -0.113049 2 
-0.641678 1.06232 0.0232778 2 
-0.550501 0.938466 0.0620966 2 
-0.127014 0.530842 0.208615 2 
0.34692 -0.11381 0.114476 2 
-0.40857 0.553955 0.133842 2 
-1.27253 1.09548 -0.481138 2 
-0.91397 0.312853 -0.0574406 2 
-0.333731 -0.11729 0.0309549 2 
0.0238729 -0.136829 -0.00982143 2 
0.493295 -0.228001 0.122169 2 
-0.0922767 -0.208876 0.214673 2 
0.405977 0.117143 0.181247 2 
-0.633424 0.93191 -0.341215 2 
-0.460193 0.628819 0.0446247 2 
-0.049457 -0.208385 0.283164 2 
-0.104708 0.315039 0.628677 2 
-0.478651 0.882175 0.287673 2 
-0.759639 0.726143 -0.00696329 2 
-0.00410715 0.0541469 0.380755 2 
-0.435542 -0.0353849 0.248146 2 
-0.219854 0.566869 0.453569 2 
-0.0654064 -0.27201 0.508999 2 
0.522211 -0.780732 0.675063 2 
0.658302 -0.446911 0.874427 2 
-0.408325 0.426503 0.283338 2 
-0.905336 0.693237 0.358505 2 
-0.634775 0.511195 0.190832 2 
-0.492683 0.544569 -0.399793 2 
-0.799516 0.81169 0.112957 2 
-0.515901 0.779997 0.0371477 2 
-0.601136 0.935665 0.133938 2 
-0.211582 0.996325 0.322257 2 
-0.0482742 0.41955 0.262264 2 
-0.149108 0.150125 0.347015 2 
-0.50198 0.613249 0.210688 2 
-0.63614 0.971343 -0.261308 2 
-0.535373 0.33637 -0.046699 2 
-0.675174 0.51355 -0.123701 2 
-1.35983 1.23582 -0.352255 2 
-0.215542 0.588666 0.0736029 2 
-0.34851 0.560472 0.445721 2 
-0.300222 0.529656 0.260032 2 
-1.92994 1.58162 -1.49875 2 
-0.627684 1.44381 -0.687803 2 
-1.17779 1.47553 -0.204668 2 
-1.29238 1.68681 -0.991083 2 
-0.62877 1.33938 -0.429748 2 
-0.305154 0.311945 -0.181065 2 
0.164935 0.494131 0.422361 2 
-0.00398984 0.0408638 -0.139864 2 
-0.908276 1.21302 -0.0201461 2 
-0.530996 0.696589 0.137358 2 
-0.577791 0.846469 0.438388 2 
-0.618538 1.33513 -0.260615 2 
-0.727145 1.01 -0.740403 2 
-0.689154 0.792221 0.0753141 2 
-0.961632 0.884546 0.224056 2 
0.806326 -0.50279 1.44074 2 
-1.0138 1.46028 -0.161555 2 
0.751143 -0.233798 0.859442 2 
-0.381482 0.965089 -0.0498169 2 
0.105188 0.278838 0.572862 2 
0.690983 -0.327857 1.04828 2 
-0.112253 0.0866724 0.472051 2 
0.367035 -0.125947 0.308474 2 
0.348934 0.300527 0.102287 2 
-0.28478 0.889759 -0.169793 2 
-0.461214 0.816611 -0.11249 2 
-1.05597 1.01259 -0.364852 2 
0.163258 0.754344 -0.188521 2 
0.158894 1.4478 0.41258 2 
0.102369 0.423227 0.413998 2 
-0.123452 0.0357022 0.448951 2 
-0.00243985 0.215983 0.193124 2 
-0.0172251 0.750248 0.150324 2 
-0.654154 0.795763 -0.0338329 2 
0.151629 0.480305 0.0732727 2 
-0.241595 0.221448 0.00773455 2 
0.108553 0.860959 0.168051 2 
-0.531297 0.900713 -0.246611 2 
-0.493508 0.616068 -0.0932788 2 
0.435588 0.637609 0.0614123 2 
-1.28157 1.17838 -0.525299 2 
0.0393999 0.489683 0.389724 2 
-0.458128 0.331408 0.278138 2 
-0.317766 0.661127 0.0568078 2 
0.0182715 0.312169 0.764818 2 
0.148748 0.637158 0.41516 2 
0.547369 0.426777 0.732038 2 
0.3094 0.214205 0.3652 2 
-0.136824 0.416993 0.296024 2 
-0.294502 0.318514 -0.273781 2 
-0.103173 0.306333 0.321891 2 
-0.370417 0.125295 0.147431 2 
0.432039 0.851586 0.0812982 2 
-0.267322 0.408831 -0.172264 2 
-0.347585 0.510945 0.335383 2 
-1.00302 1.34029 -0.588192 2 
-0.766723 1.12907 -0.370876 2 
-0.370281 0.216544 -0.592434 2 
0.161575 0.416579 0.20149 2 
0.242376 0.502203 -0.0349955 2 
-1.10424 1.27075 -1.05477 2 
-0.499014 0.638122 0.00554025 2 
-0.331307 0.721295 0.41102 2 
0.607534 0.0020106 0.685263 2 
-0.32261 0.62189 -0.116948 2 
-0.871202 0.6098 -0.660673 2 
-1.0033 0.462021 -0.606658 2 
0.28384 0.685391 0.0390789 2 
0.183375 0.347594 -0.0279013 2 
0.636724 0.0755264 0.0530377 2 
0.291597 0.760444 0.0172234 2 
-0.0544118 0.953105 -0.135198 2 
-0.0172863 0.203351 -0.0174713 2 
0.156247 -0.23488 0.242778 2 
-0.364787 0.196004 -0.183418 2 
0.492971 0.518354 0.382087 2 
-0.377329 0.533994 -0.0768912 2 
-0.815673 0.692891 -0.568421 2 
-0.403561 0.148259 -0.145732 2 
-0.826979 0.482133 -0.299252 2 
-0.031743 -0.0576571 0.605083 2 
-0.537138 0.408465 -0.218111 2 
-0.938484 1.29509 -0.523284 2 
0.415367 0.131237 0.472041 2 
-0.999013 0.594167 -0.594826 2 
0.0466899 0.629491 0.175164 2 
-0.593083 0.836624 -0.501735 2 
-0.0728614 0.59917 0.713313 2 
-1.18249 0.83349 -1.0906 2 
-1.30092 1.0002 -0.589255 2 
0.17878 0.23728 0.369505 2 
-0.674217 0.996124 -0.594289 2 
-0.17263 0.17265 -0.346207 2 
-0.499615 0.021199 0.0424785 2 
-0.338451 0.0681312 0.120108 2 
0.21258 -0.260957 0.497828 2 
-0.440474 0.402217 -0.0215068 2 
-1.3903 0.901609 -0.536164 2 
-0.170198 0.0120604 0.449392 2 
-0.78583 0.849844 0.00072675 2 
0.375236 0.376491 0.440588 2 
-1.05647 0.462312 -0.0759276 2 
-1.03097 0.460837 0.0574453 2 
-0.770959 0.451559 -1.12015 2 
-0.046932 0.224869 0.26256 2 
-0.638585 -0.350198 -0.348873 2 
-1.22124 1.23812 -0.615987 2 
-0.661133 0.630711 -0.319257 2 
-0.0628163 0.385541 -0.201985 2 
-0.664929 0.0801693 -0.192007 2 
-0.298752 0.16188 0.456261 2 
-0.528386 0.485701 -0.00538283 2 
-0.428166 0.131174 -0.347708 2 
-1.13947 0.629522 -0.867897 2 
-0.71325 0.776977 -0.695372 2 
-0.345897 -0.0187326 -0.145984 2 
0.370504 -0.0181949 0.479224 2 
-0.0997524 -0.126046 0.527086 2 
0.15049 0.270325 -0.130311 2 
-0.334035 0.00037627 0.206069 2 
-0.643563 0.997382 -0.0578004 2 
-0.55783 0.526745 0.0997339 2 
-0.329476 -0.0589582 0.114016 2 
-0.155312 0.0192599 1.13871 2 
0.0649326 0.512361 0.404382 2 
0.0323926 -0.199206 0.586528 2 
-1.256 1.23716 -0.512276 2 
-0.175334 0.448498 0.0494024 2 
0.0554384 -0.0110091 0.501166 2 
-0.256818 0.279364 0.124611 2 
-0.347544 0.454183 0.0943096 2 
-0.753207 0.441918 0.0945232 2 
-1.26319 1.35201 -1.13273 2 
0.404042 0.2426 0.632014 2 
-0.468438 0.220068 -0.138593 2 
-0.222219 0.641451 0.219285 2 
-0.657766 0.305089 -0.148717 2 
-0.12659 -0.303653 0.290295 2 
-0.28126 0.200107 -0.193317 2 
-0.803271 0.466359 0.0488818 2 
-0.732784 0.829645 -0.672883 2 
-1.91878 1.20398 -1.1307 2 
-1.95025 1.08679 -1.38253 2 
-0.743754 0.402776 -0.534981 2 
-1.42784 0.595871 -1.34539 2 
-0.81691 0.31258 -0.163863 2 
-0.978874 0.547478 -0.216812 2 
-1.3294 1.01296 -0.473551 2 
-1.12148 0.813311 -0.198553 2 
-0.639504 0.156349 -0.0295228 2 
-0.304783 -0.0217573 -0.0268726 2 
-0.297063 0.183061 -0.124286 2 
-1.27921 0.754218 -0.49132 2 
-0.715966 1.02275 -0.0798437 2 
-1.36583 1.27641 -0.53649 2 
-0.847164 0.420599 -0.142954 2 
-0.220762 0.541929 -0.125952 2 
-0.389186 0.232735 -0.0307293 2 
-1.32115 0.622615 -0.342402 2 
-1.23441 0.712922 -0.286246 2 
-0.876841 0.750705 -0.206214 2 
-0.690969 0.933902 0.0987591 2 
-0.882113 0.573489 -0.450234 2 
-0.247226 -0.183181 -0.37637 2 
0.0553013 -0.639724 0.0324217 2 
-0.187703 0.261161 0.0589924 2 
-2.26698 1.90848 -1.30165 2 
-0.740815 0.78218 -0.182628 2 
-0.928636 0.214508 0.0910507 2 
-0.936083 0.750257 -0.315357 2 
-0.302418 0.254579 -0.144893 2 
-0.569893 0.307669 -0.327029 2 
-0.956942 0.470087 -0.480157 2 
-1.11862 0.622058 -0.163271 2 
-1.63925 1.08422 -0.48611 2 
-0.609975 0.425342 -0.0725838 2 
-1.16136 0.758155 0.00523841 2 
-1.10957 0.764875 -0.64004 2 
-0.813811 0.840323 -0.264104 2 
-1.95051 1.02157 -1.15895 2 
-2.51126 1.70336 -1.55392 2 
-0.735172 0.998463 -0.485419 2 
-1.50183 1.24859 -0.487238 2 
-1.91486 1.22546 -0.77198 2 
-1.99371 1.54946 -0.823681 2 
-1.50327 1.23005 -0.445354 2 
-0.811405 0.303723 0.163797 2 
-1.61591 1.16527 -0.632887 2 
-0.530356 0.511038 -0.636665 2 
-0.676666 0.616369 -0.273254 2 
-0.586666 0.439279 0.156416 2 
-0.76507 0.802905 -0.379142 2 
-1.15061 1.10615 -0.754551 2 
-1.02796 0.388923 -0.838278 2 
-0.286089 0.658414 -0.0656932 2 
-1.48605 1.24927 -1.27728 2 
-1.53646 1.24499 -0.865057 2 
-1.99662 1.61978 -1.07502 2 
-0.941383 0.919173 -0.498767 2 
-1.52929 1.39417 -0.700082 2 
-0.78699 0.663237 -0.328445 2 
-0.39838 0.273765 0.543081 2 
0.132516 0.256459 0.584444 2 
-1.01058 0.784941 -0.517511 2 
-1.11337 0.948382 -0.237543 2 
-0.90177 0.659801 0.0831675 2 
-1.69745 1.24603 -0.854644 2 
-1.82039 1.23075 -1.07106 2 
-1.00092 1.09314 -0.30408 2 
-0.905391 0.779223 -0.33023 2 
-1.28679 0.833991 -0.415914 2 
-0.746387 0.920962 0.106291 2 
-0.337465 0.95413 -0.00166575 2 
-0.575725 0.920296 -0.198812 2 
-1.41654 1.53334 -0.417428 2 
-0.860258 0.907834 -0.197206 2 
-2.47059 1.62455 -1.09239 2 
-0.82655 0.235269 0.268084 2 
-0.394184 0.0874662 -0.153151 2 
-0.587825 0.560207 -0.521009 2 
-1.21902 0.406456 -0.131099 2 
-1.83509 1.38589 -1.02721 2 
-0.0947197 0.0671509 0.728571 2 
-1.34719 1.27641 -0.229313 2 
-0.776626 0.32151 0.0547311 2 
-0.506105 0.458348 0.311001 2 
-1.04894 0.885775 -0.418498 2 
0.51099 0.200756 0.439575 2 
-0.150719 -0.161953 -0.162992 2 
-0.868338 0.505736 0.0908823 2 
0.102524 0.0428371 0.523127 2 
0.215669 0.144897 0.29138 2 
-0.232206 0.834692 -0.586049 2 
-1.22943 0.889853 -0.215169 2 
-0.938215 0.978053 -0.229172 2 
0.53083 0.26297 0.453853 2 
-0.818081 0.731312 -0.544166 2 
-0.475961 0.382556 -0.425699 2 
-0.486295 0.706194 -0.551052 2 
-0.384282 0.551098 -0.497519 2 
-1.62116 1.3096 -0.968332 2 
-0.553059 0.955197 -0.326979 2 
0.0175479 0.935884 -0.153615 2 
0.633688 0.274071 0.429745 2 
-1.38651 0.541891 -0.559819 2 
0.172575 0.0223628 -0.161904 2 
-0.388579 0.756301 -0.267962 2 
-1.82864 0.988314 -0.190625 2 
-0.425521 0.155966 0.37378 2 
0.204294 0.0486483 0.281184 2 
0.299362 -0.193163 0.654944 2 
-0.0426821 -0.177803 0.111757 2 
-1.06579 1.36164 -1.08383 2 
-0.427172 0.00315845 0.446003 2 
0.120662 0.392195 -0.246026 2 
-0.495391 0.21517 -0.373092 2 
0.172358 0.157876 0.514647 2 
-1.01051 0.812846 -0.283445 2 
0.314893 0.207747 0.288677 2 
0.0457489 0.208466 0.0555528 2 
-0.261264 0.924377 -0.284727 2 
-0.022904 0.412543 0.097508 2 
-0.172055 -0.133644 0.481351 2 
-0.227 0.537028 -0.0477183 2 
-0.414209 0.425447 -0.14517 2 
-0.92439 1.36156 -0.411511 2 
-0.567475 0.431787 0.0194284 2 
-0.968917 0.805223 -0.0971093 2 
-0.471147 0.421305 -0.0146203 2 
-0.873633 0.0844775 -0.461475 2 
-0.180971 -0.153459 0.0407366 2 
-0.133638 -0.230885 0.162092 2 
0.648444 -0.426692 0.417781 2 
0.108258 0.203463 0.355439 2 
-0.969605 0.357271 0.361035 2 
-1.51055 0.372399 -0.173575 2 
0.038202 -0.0169823 0.697364 2 
-1.11156 0.423408 0.401471 2 
-0.900099 0.91596 0.0626934 2 
0.194555 0.158878 0.251563 2 
-0.624981 0.459877 0.250779 2 
-0.628715 0.601902 0.2969 2 
-0.876841 0.461034 0.21758 2 
0.20464 0.515895 0.0548689 2 
0.282052 -0.177138 0.729582 2 
-0.226676 0.178907 0.354659 2 
0.464126 -0.0714673 0.662562 2 
-0.763051 0.862305 0.0463858 2 
-0.391023 0.530049 0.493385 2 
-1.4504 0.578097 -0.148005 2 
-0.206519 0.617687 0.398222 2 
0.139157 0.685227 0.489455 2 
-0.490847 0.607345 0.207797 2 
-1.09515 1.05538 -0.676933 2 
-1.15305 0.807981 -0.359433 2 
-0.662186 0.344383 0.0103751 2 
-0.898158 0.564594 0.0298629 2 
-1.14639 0.68278 0.0061562 2 
-1.2674 0.745254 0.0803298 2 
-0.867626 0.449289 0.160835 2 
-0.195748 0.0457419 -0.0289407 2 
-0.873928 0.833197 -0.112743 2 
-0.286899 0.490427 -0.058069 2 
-0.747159 0.959362 0.0397551 2 
-1.48049 1.03783 -0.267668 2 
0.0358556 0.0227726 0.120918 2 
0.0803618 0.595582 0.2022 2 
-1.00839 0.675143 0.106833 2 
-1.3461 1.34858 -0.240646 2 
-0.293895 0.0748947 0.153409 2 
0.528367 -0.211471 0.686436 2 
-0.35002 -0.16756 0.0655857 2 
-0.561665 0.546178 0.364717 2 
-0.849074 0.400136 -0.293753 2 
-1.38468 0.716615 -0.230724 2 
-0.474087 -0.44163 0.345668 2 
-0.344179 0.146225 0.453652 2 
0.571995 -0.336769 0.970152 2 
-0.97536 0.608519 -0.216269 2 
-0.130387 0.324112 0.239534 2 
-0.140258 0.142977 -0.000374346 2 
-1.15234 0.783943 -0.83197 2 
-0.571721 0.526153 0.0281484 2 
-0.472143 0.537951 0.142605 2 
-0.283194 0.575065 0.354172 2 
-0.478714 0.572608 -0.0105864 2 
-1.13487 0.793687 0.036866 2 
-0.453581 0.44641 0.557396 2 
-0.813517 -0.140163 -0.0436636 2 
-1.02271 0.852038 -0.786455 2 
0.282392 0.588212 0.413539 2 
-0.207425 0.7298 0.736361 2 
-0.138408 1.06138 -0.0948087 2 
-1.59235 1.19742 -0.304414 2 
-0.539629 0.29348 -0.0953 2 
-0.483155 0.175003 -0.12622 2 
0.558281 0.254192 0.308298 2 
-0.0440492 -0.629839 0.273794 2 
-0.239455 0.104837 -0.520269 2 
-0.649449 0.495042 -0.128604 2 
-1.61021 0.951424 -0.168587 2 
-0.624029 0.517422 -0.14103 2 
-0.952061 0.181276 0.316502 2 
-0.272579 0.425543 0.0772819 2 
0.195266 0.0741537 0.268627 2 
-0.0806486 0.54971 0.202971 2 
-1.58021 0.305872 -0.395918 2 
-0.413128 0.435464 0.276529 2 
-0.219055 0.0197128 0.840571 2 
-1.16702 0.0461777 0.0776576 2 
-0.265958 0.203434 0.414329 2 
0.77373 -0.113371 1.14137 2 
0.971549 -0.228052 1.48503 2 
-0.244523 0.20207 0.234051 2 
-0.187637 0.544016 0.524998 2 
-0.0718753 0.394798 0.303951 2 
-0.288868 0.388684 0.0600079 2 
0.144074 -0.105049 0.648705 2 
-0.103392 0.133622 0.663169 2 
-0.151432 0.054619 0.669103 2 
-0.384131 0.216378 0.272173 2 
-0.225969 0.348198 0.525625 2 
-0.124203 0.293247 0.329031 2 
-0.355761 0.624591 -0.239486 2 
0.442572 -0.229339 0.85948 2 
-0.287673 0.236892 0.115294 2 
0.241788 0.168752 0.495508 2 
-0.17992 0.375239 -0.158454 2 
0.0179122 0.48368 0.440033 2 
0.0840302 0.108306 0.592563 2 
0.206028 0.750623 0.723241 2 
0.435017 0.0267125 1.28329 2 
0.353016 0.330454 0.760255 2 
-0.100315 0.370592 0.460982 2 
0.561351 0.484836 0.146462 2 
0.0647421 0.39939 0.632719 2 
0.470941 0.0650248 1.11545 2 
0.244016 0.149922 0.576539 2 
-0.487369 1.00579 0.0332161 2 
-0.0814146 0.726878 0.788875 2 
0.875098 0.260856 1.31905 2 
0.680361 0.189684 1.59644 2 
0.451192 -0.336587 1.19343 2 
0.421507 -0.0661874 0.310408 2 
-0.69527 0.200764 0.268167 2 
0.258491 0.0580021 0.59668 2 
-0.124037 0.305347 0.558136 2 
1.19972 -0.602607 1.53369 2 
0.891303 -0.524269 1.31077 2 
0.821673 -0.400812 1.55433 2 
-0.611508 0.659227 0.75729 2 
0.750223 -0.256947 1.36859 2 
0.945265 -0.44258 1.57473 2 
0.75915 -0.630275 1.11544 2 
0.0388315 0.0288868 1.10803 2 
0.0160342 -0.153849 0.952487 2 
0.741753 -0.457646 1.31906 2 
0.547025 -0.540484 1.27807 2 
0.203723 -0.0494567 1.21122 2 
0.535476 -0.203612 0.735413 2 
0.226367 0.0636664 -0.31259 2 
0.0940914 -0.177137 0.352326 2 
0.325493 -0.254111 0.438713 2 
0.86413 -0.212241 0.246943 2 
0.412744 0.342866 1.06567 2 
0.311789 -0.0682138 1.17017 2 
-0.0185432 0.292143 0.491862 2 
0.543573 -0.33874 0.992257 2 
0.283864 0.0738693 0.807184 2 
0.42257 -0.125229 0.490908 2 
0.583491 -0.198225 1.1545 2 
0.350508 -0.173492 0.578909 2 
0.318363 -0.316236 0.463657 2 
0.514402 -0.349884 0.947276 2 
-0.130953 0.448612 0.380391 2 
0.292445 -0.0385583 0.549669 2 
-0.134672 0.264952 0.300978 2 
0.0541612 0.828491 0.0583954 2 
0.200448 0.59542 0.898039 2 
-0.192988 -0.0311101 0.652347 2 
-0.145094 0.0299468 0.349349 2 
-0.317361 0.0645204 0.335391 2 
0.831926 -0.330419 1.60773 2 
0.0531513 0.59212 0.812606 2 
-0.122901 0.305277 0.38927 2 
0.168008 0.283012 0.797822 2 
-0.425445 0.666106 0.208052 2 
0.275811 0.0483998 0.150585 2 
0.927492 -0.226941 0.976874 2 
0.585767 -0.438472 0.836444 2 
0.283956 0.284889 0.835199 2 
0.488344 -0.0338417 1.07545 2 
-1.30867 1.38299 -0.52052 2 
-0.000548523 0.229829 0.555901 2 
0.739344 0.228152 0.623268 2 
0.274398 0.167643 0.677577 2 
-0.309977 0.67304 0.433316 2 
0.500456 -0.0345906 0.911115 2 
0.816438 -0.423187 0.747499 2 
0.531962 0.013825 0.752199 2 
0.601927 0.277568 0.128043 2 
0.678183 0.359071 0.865063 2 
0.93985 0.179595 0.458032 2 
0.555633 0.236927 0.992782 2 
0.0843401 0.565625 -0.244205 2 
0.431483 0.109634 0.351138 2 
0.482039 -0.121662 0.911521 2 
0.238183 -0.11857 0.317488 2 
0.343132 -0.723901 0.817079 2 
0.413616 -0.613607 0.359149 2 
1.18994 -0.493854 1.56163 2 
1.1346 -0.54736 0.893502 2 
0.753577 -0.16484 0.996777 2 
1.0452 -0.530165 0.913834 2 
0.827013 -0.295356 0.939076 2 
1.70989 -0.996199 1.74787 2 
1.38376 -0.84084 1.41457 2 
0.497079 -0.10843 0.745415 2 
0.633756 -0.21097 0.466285 2 
-0.132183 -0.286904 0.382292 2 
0.493876 -0.500758 1.13414 2 
0.817737 0.0691067 0.657998 2 
-0.355643 0.341772 -0.0649327 2 
0.514375 -0.369828 1.095 2 
0.802283 -0.468368 1.2263 2 
0.0617576 0.757879 0.202066 2 
0.728679 0.164079 0.464586 2 
0.796035 -0.0182873 0.752309 2 
0.578235 -0.164759 0.465479 2 
-0.139847 0.430716 -0.137155 2 
0.848937 -0.384273 0.667975 2 
0.0729593 0.610578 -0.278545 2 
1.26557 -0.727609 0.784899 2 
1.15861 -0.865749 1.23757 2 
0.73796 -0.103152 1.05195 2 
1.24176 -0.124834 1.02234 2 
0.571058 -0.135511 0.383525 2 
1.51182 -1.54739 1.20488 2 
0.117814 -0.0258989 0.585767 2 
1.16452 -0.424831 0.742299 2 
0.191708 -0.0761188 0.0271469 2 
0.511821 -0.0707896 0.321636 2 
-0.405889 0.766617 0.0305923 2 
-0.311175 0.774075 -0.189912 2 
-0.798803 0.744583 -0.706274 2 
-0.306827 0.503625 0.12279 2 
-0.276737 -0.189367 -0.0403993 2 
0.0355317 0.18598 -0.222463 2 
0.0147856 0.0474033 0.0181433 2 
-0.330886 0.412421 -0.39003 2 
0.0219759 0.171358 0.482795 2 
0.414665 0.706836 0.679998 2 
0.0488048 0.395717 0.516286 2 
0.348527 -0.0785063 0.703565 2 
0.292338 0.144528 1.41886 2 
0.710153 -1.02855 0.936704 2 
0.545739 0.0432012 0.118334 2 
-0.197803 0.25779 0.143524 2 
0.956115 -0.212947 1.11648 2 
-0.31273 0.216297 -0.302072 2 
0.488888 -0.0538912 0.903923 2 
0.170704 -0.0393957 0.548496 2 
-0.0417829 0.0330742 0.703987 2 
-0.487707 0.454024 0.347028 2 
0.424855 -0.153715 0.0578397 2 
0.657876 -0.478215 0.582514 2 
-0.353454 -0.0109469 0.197461 2 
-0.505252 0.622801 0.470296 2 
-0.0261406 0.270479 -0.238577 2 
0.18543 0.632619 -0.0429665 2 
0.495344 -0.34219 0.462674 2 
-0.777185 0.885312 -0.0354578 2 
0.127907 -0.0981379 1.29239 2 
-0.778844 1.27961 -0.120746 2 
-0.311353 0.413911 -0.15524 2 
0.0613805 -0.118369 0.316924 2 
0.126266 0.312266 0.606006 2 
-0.439217 0.684124 0.0014371 2 
-0.309287 0.72421 0.354487 2 
0.503859 -0.166582 0.0154957 2 
0.543148 0.0480525 0.442061 2 
0.164476 0.511748 -0.0957042 2 
-0.0812952 1.10586 -0.209495 2 
0.37758 -0.0638211 0.371132 2 
0.300211 -0.0231176 0.285058 2 
-0.841905 1.12627 -0.487737 2 
0.286365 -0.249575 0.99643 2 
0.897267 -0.158559 0.580041 2 
0.41013 0.227814 0.191761 2 
1.0304 -0.252051 0.546581 2 
0.406307 0.155912 0.79291 2 
-0.559525 1.46709 -0.20694 2 
0.261946 0.463197 0.246103 2 
0.575196 -0.129519 1.0373 2 
1.02978 -0.27408 1.10141 2 
0.587892 0.248651 0.667234 2 
0.587963 -0.599482 1.05602 2 
0.0791181 -0.282283 -0.364821 2 
0.13055 -0.0696988 0.466275 2 
0.127249 0.477301 0.504816 2 
0.163748 0.622415 0.478299 2 
-0.0472444 0.475412 0.379566 2 
0.3838 -0.153413 0.858512 2 
-0.681412 0.411682 -0.322251 2 
-0.0513422 0.262462 0.0707028 2 
0.481546 -0.00778808 0.0518889 2 
0.143827 -0.216512 0.805263 2 
1.00527 0.135314 0.679618 2 
0.599733 -0.337309 0.857786 2 
0.320816 -0.0935073 0.859503 2 
1.01717 -0.434652 0.233386 2 
0.377533 -0.0619595 0.757781 2 
0.51655 -0.342664 0.888705 2 
0.67492 -1.00968 1.62128 2 
0.294309 -0.228722 1.08507 2 
0.798228 -0.885257 1.30108 2 
0.262229 -0.451729 0.719975 2 
0.339568 -0.519745 0.635016 2 
0.222525 -0.349513 0.330085 2 
-0.0653201 0.0870766 -0.0392553 2 
0.733321 -0.221621 0.678233 2 
-0.453895 0.156976 0.361483 2 
-0.65814 0.714937 -0.782991 2 
0.579814 -0.472691 0.458281 2 
0.388981 0.0592366 0.785958 2 
-0.120854 0.423184 0.4157 2 
0.29305 0.0650477 1.01338 2 
1.00581 0.0150689 0.675898 2 
0.329342 -0.275203 0.43162 2 
0.279727 -0.13814 1.20555 2 
0.146414 -0.0510286 0.349279 2 
0.0101298 0.275208 0.756993 2 
0.243381 -0.0830542 -0.0153667 2 
0.631462 -0.175337 0.136343 2 
-0.674875 -0.0532896 -0.35163 2 
0.538221 -0.141329 0.277591 2 
0.0192768 -0.1125 -0.289342 2 
0.17906 0.424688 0.131978 2 
0.735225 -0.275523 0.962077 2 
-0.133779 0.823368 -0.0523842 2 
0.758881 0.171974 0.744315 2 
0.750321 0.027357 0.734258 2 
1.45097 -0.35531 1.04311 2 
0.49724 0.211444 0.353151 2 
0.431058 -0.300369 0.689625 2 
0.242118 0.266483 0.370746 2 
-0.148976 -0.343901 0.278351 2 
0.593023 -0.160098 0.205261 2 
0.0815422 0.0355531 0.559033 2 
0.782783 -0.00151941 0.698466 2 
0.154378 0.699302 -0.299525 2 
0.31611 0.668562 -0.0746681 2 
0.671118 0.219996 0.476229 2 
-0.14559 0.341932 -0.0375414 2 
-0.124459 0.337186 0.0143206 2 
-0.129537 0.421436 -0.102585 2 
0.89766 -0.0401545 0.119542 2 
0.789546 -0.105246 -0.0489211 2 
0.297702 -0.510087 0.487402 2 
-0.238985 0.199073 0.497184 2 
0.65106 -0.40591 0.341726 2 
-0.0405241 -0.0346122 1.61584e-07 2 
-0.188516 -0.000720695 -0.0311655 2 
-0.0837169 -0.0294731 0.241045 2 
-0.353831 -0.0422582 -0.0776856 2 
-0.876289 0.0947951 -0.327642 2 
-0.879546 0.796196 -0.508179 2 
-0.685615 1.21583 -0.483427 2 
-0.875217 0.564686 -0.295741 2 
0.0818956 0.495525 0.00374416 2 
-0.175695 -0.0403756 0.141265 2 
0.325161 -0.358291 0.695444 2 
-0.47447 1.00389 -0.521911 2 
-0.410152 0.666258 0.156732 2 
-0.298776 0.386693 -0.341219 2 
0.496364 0.0135872 0.300444 2 
0.728987 -0.102302 0.417129 2 
-0.357682 0.257107 -0.396656 2 
-0.784182 0.677062 -0.744301 2 
-0.542078 0.217832 0.252505 2 
-1.14896 0.335795 -0.472616 2 
-0.386353 0.238781 0.100485 2 
0.25282 0.100857 0.699728 2 
0.329553 -0.283752 0.403856 2 
-0.707424 0.696306 -0.172034 2 
-0.233819 0.222518 0.048891 2 
-0.81279 0.732814 -1.0059 2 
-0.154804 0.644422 -0.56172 2 
0.164977 0.783804 -0.0202524 2 
-0.381893 0.510247 -0.0450472 2 
-0.490883 0.702898 -0.775128 2 
-0.113974 0.923631 -0.217668 2 
-0.811785 0.575265 -0.508118 2 
-1.02198 1.48636 -0.65074 2 
-0.450537 0.807002 -0.0784044 2 
-0.95576 0.946092 -0.392027 2 
-0.21077 0.387248 0.38721 2 
-0.148182 0.648845 0.0867227 2 
0.35119 0.321496 -0.0487804 2 
-0.661474 1.77301 -0.709926 2 
-0.708006 1.44699 -1.00425 2 
-0.963198 0.940753 -0.761435 2 
-0.537412 0.45052 -0.463907 2 
-0.0161236 0.355177 0.00982585 2 
-0.589169 0.749418 -0.462465 2 
-1.2608 1.29937 -1.23316 2 
-0.768645 1.14805 -0.550983 2 
-0.995147 1.33579 -0.972214 2 
-0.481341 0.129261 -0.41724 2 
-0.652212 0.00281988 -0.177923 2 
-0.938989 0.445673 -0.402886 2 
-0.878851 0.887425 -0.602297 2 
-0.921469 0.46005 -0.393193 2 
-0.0640969 0.924115 -0.626809 2 
-1.05025 0.321561 -0.966841 2 
-0.610637 0.504675 -0.182612 2 
-0.878263 0.54674 -0.173665 2 
-0.848553 0.499324 -0.458015 2 
-0.0902704 -0.0481025 -0.0217949 2 
0.352787 0.101323 0.140324 2 
0.22146 0.706926 0.493014 2 
-0.740634 1.0899 -0.470374 2 
-0.0215555 0.758589 -0.410706 2 
0.286445 0.712315 0.282177 2 
0.474683 0.232728 0.494635 2 
-0.363927 0.32829 0.228072 2 
-0.0565328 0.285304 0.0404871 2 
0.11979 0.0444681 0.0738568 2 
0.974246 -0.186452 0.602079 2 
0.460076 0.309605 0.403338 2 
-0.266992 0.412886 0.0599037 2 
-0.48392 0.637036 -0.507372 2 
0.568973 0.250875 0.413096 2 
0.115878 0.632337 -0.122361 2 
-0.46207 0.746379 -0.438322 2 
0.0893044 0.446174 0.154961 2 
0.238928 0.0164913 0.0755749 2 
0.175935 0.174374 0.625808 2 
0.0805235 0.350601 0.226944 2 
-0.556824 0.55518 0.0463282 2 
0.246139 -0.384732 0.725072 2 
0.0438432 0.0941198 0.0691691 2 
0.0211136 0.308612 0.406243 2 
-0.663843 0.814664 -0.410241 2 
-0.532517 0.74637 -0.230749 2 
-0.281091 0.821504 0.23649 2 
-0.0216157 0.321987 0.588531 2 
-0.672801 0.615335 -0.573259 2 
0.479439 -0.320816 0.425741 2 
0.000815468 0.268942 -0.158623 2 
0.68281 0.333209 0.0934168 2 
0.840015 0.227704 0.298801 2 
0.0940781 0.560243 0.577776 2 
-0.0668441 0.392169 0.327233 2 
0.683434 0.0932415 0.40338 2 
0.151194 0.319015 0.263402 2 
0.3692 0.17806 0.565693 2 
0.30227 1.12884 0.0557855 2 
-0.184647 0.877497 -0.0832541 2 
0.0914117 -0.0967159 0.374394 2 
-0.23991 0.54774 -0.112349 2 
-0.0648194 0.0707725 0.591059 2 
0.214865 0.0130506 0.328749 2 
-0.0150969 -0.157144 -0.0858942 2 
-1.01156 0.672271 -0.582585 2 
0.475274 -0.0319002 0.556717 2 
1.1857 -0.598605 0.786884 2 
-0.182115 0.244087 0.0440234 2 
-0.905305 0.611082 -0.0305871 2 
0.524113 0.367039 0.68387 2 
0.507176 -0.352248 0.447466 2 
-0.501454 0.343872 0.0335559 2 
0.189079 0.111643 -0.0216325 2 
0.613323 -0.741952 0.268978 2 
0.438834 0.153995 -0.073023 2 
0.117787 0.0490098 0.0219492 2 
0.795822 -1.20322 0.670635 2 
-0.592033 0.856739 -0.151494 2 
0.256518 -0.299541 0.461928 2 
-0.366214 0.827216 -0.284843 2 
1.13671 -0.570173 0.87549 2 
1.18919 -1.04845 0.947354 2 
0.0588091 0.421171 -0.198111 2 
0.422475 -0.162823 0.352014 2 
-0.551055 0.48702 -0.25455 2 
0.0518612 -0.0353352 0.00423009 2 
0.761784 -0.15036 0.457572 2 
0.0415907 0.215931 -0.0683588 2 
0.309233 0.291372 0.303808 2 
0.502019 0.184394 0.342371 2 
0.34923 0.302197 0.234205 2 
0.954149 -0.522565 0.76766 2 
0.425333 0.61225 1.00042 2 
0.805365 -0.212299 -0.0977874 2 
0.627347 -0.0957724 0.242463 2 
1.05272 0.187949 0.604806 2 
1.31246 -0.291814 1.15325 2 
0.694834 -0.416697 0.0380662 2 
0.454919 0.332867 0.327218 2 
0.190807 0.259842 0.244729 2 
0.42587 -0.249906 0.0037538 2 
0.14347 -0.163821 0.0529385 2 
0.719319 0.0976603 -0.288928 2 
0.925989 -0.35208 0.442232 2 
0.656767 0.214813 -0.202032 2 
0.710821 0.147587 0.421807 2 
0.473432 0.813338 -0.304546 2 
0.754491 0.304615 0.112932 2 
-0.0613588 0.697385 -0.651648 2 
-0.0951361 0.247947 -0.29783 2 
0.149388 -0.0736832 0.0864846 2 
0.606346 -0.563379 0.42807 2 
0.772248 -0.403196 0.239726 2 
0.230968 -0.279989 0.0239308 2 
-0.189502 0.274577 -0.491405 2 
-0.177594 -0.0917865 -0.407863 2 
0.376905 -0.41521 0.338345 2 
0.387906 -0.0516028 0.342083 2 
0.671734 0.0760647 0.0265899 2 
0.595567 -0.0941014 0.262624 2 
-0.548447 0.420489 -0.637473 2 
0.383668 0.158247 0.175838 2 
0.450852 0.1686 0.258651 2 
0.971895 0.11794 0.791067 2 
1.01373 -0.21118 0.524196 2 
0.707061 -0.37549 0.460323 2 
0.626334 -0.617291 0.113098 2 
-0.112719 0.520516 0.13252 2 
-0.264548 0.585139 0.145282 2 
-0.222851 0.67822 0.0409459 2 
1.07426 -0.743809 0.82111 2 
-0.0299747 -0.181871 -0.174895 2 
0.271322 -0.196873 0.176633 2 
-0.544121 0.151535 -0.396676 2 
-0.861886 0.92246 -0.574796 2 
0.7321 -0.209701 0.704917 2 
-0.616738 0.690691 -0.683698 2 
1.2236 -0.68718 0.705412 2 
0.605001 0.135469 0.409665 2 
0.936917 -0.893277 0.575548 2 
-0.651681 0.654387 -0.41 2 
0.0104664 -0.27634 0.372575 2 
0.754021 0.106858 -0.307569 2 
1.20809 -0.251739 0.556697 2 
0.904087 -0.208866 0.631984 2 
-0.0700489 0.186209 -0.214503 2 
-0.760844 0.694488 -0.0955052 2 
-0.580694 0.99549 -0.552415 2 
0.154416 0.0703027 -0.0755101 2 
0.183326 0.408015 -0.458231 2 
-0.38441 0.521209 -0.82639 2 
0.462 0.25686 0.422777 2 
0.0148742 0.462405 -0.636878 2 
-0.111523 0.319662 -0.618313 2 
-0.0267135 0.331224 -0.643586 2 
0.412922 -0.259224 0.0104389 2 
0.490555 -0.23505 -0.13766 2 
0.369119 -0.186249 -0.0846276 2 
-1.13186 0.767615 -1.11962 2 
-0.645776 0.198895 -0.481598 2 
-0.606104 0.108719 -0.504289 2 
0.0757916 0.0469707 0.00369694 2 
0.761208 -0.563448 0.809734 2 
1.75984 -1.39911 1.76822 2 
-0.12966 0.356653 0.0439225 2 
-0.251336 0.0189396 -0.138719 2 
0.109632 -0.529182 0.336658 2 
1.42581 -0.395248 0.701133 2 
0.740832 -0.613219 0.284424 2 
-0.497114 -0.11152 -0.320329 2 
0.207939 -0.979643 0.418656 2 
0.345791 0.0705733 0.689406 2 
-0.264736 0.552375 -0.292065 2 
0.0511936 -0.51798 0.348919 2 
-0.511482 0.191504 -0.675707 2 
0.218787 -0.041414 0.499921 2 
-0.24841 0.371761 -0.285358 2 
0.539103 -0.0863692 0.279789 2 
-0.492198 0.0975387 -0.0336643 2 
-0.559268 0.49977 -0.336681 2 
0.0586453 -0.0534131 0.344011 2 
-0.24017 -0.0413049 0.0656513 2 
0.0081178 0.0730317 0.173429 2 
1.13564 -0.621201 1.15288 2 
0.0864968 -0.0338121 -0.0398894 2 
0.0714995 -0.26356 0.220653 2 
0.140501 -0.125679 0.535599 2 
0.129787 -0.443844 0.074055 2 
-0.0799389 0.463833 -0.0542828 2 
-0.717919 0.805729 -0.543368 2 
0.289951 0.0149316 0.299825 2 
0.770638 0.0941541 0.0210575 2 
-0.163052 0.00921501 -0.265752 2 
-0.790412 0.58165 -0.989928 2 
-0.0871696 0.220843 -0.292687 2 
-0.86545 1.13763 -0.499064 2 
-0.0485937 -0.271034 -0.215692 2 
-0.443377 0.286985 -0.253973 2 
-0.213657 0.246362 -0.0155965 2 
0.692981 -0.1373 0.557328 2 
-0.74399 0.496102 -0.71577 2 
-1.08046 0.877377 -0.550011 2 
-0.790198 0.392023 -0.737679 2 
-0.565558 0.378712 -0.126251 2 
-0.653875 0.0982888 -0.148198 2 
-0.998548 0.551926 -0.731925 2 
-0.30947 0.185411 -0.81267 2 
-0.740919 0.703286 -0.828317 2 
0.191357 0.400353 -0.317176 2 
0.860104 -0.369294 0.238898 2 
-0.570351 0.0253913 -0.0148769 2 
0.0106313 -0.198209 0.632668 2 
-1.36345 0.376969 -0.520575 2 
-0.537329 -0.196675 0.440639 2 
-0.243407 0.52849 -0.409399 2 
-0.0464893 -0.799386 0.646545 2 
-0.120962 -0.397665 0.607072 2 
-0.88228 0.601763 -0.0541484 2 
-1.10376 0.973907 -0.542143 2 
-0.183347 0.294199 0.124604 2 
-0.238841 0.0776118 -0.187481 2 
-0.169973 0.250362 0.019801 2 
-0.260687 -0.196531 -0.204253 2 
0.158813 -0.512522 0.670904 2 
-0.492977 0.353575 -0.459375 2 
-0.631776 0.40233 -0.407773 2 
-0.244106 0.0146894 -0.0949327 2 
0.00358818 0.459785 0.277683 2 
-0.293649 0.137687 -0.228884 2 
-1.4359 0.371678 -0.650934 2 
-0.876483 0.845314 -1.02901 2 
-0.552286 0.687851 -0.891897 2 
-0.166214 -0.219652 0.0807455 2 
-0.0450076 -0.179663 -0.115013 2 
-0.224704 -0.184775 -0.224102 2 
-0.287007 0.783224 -0.0650768 2 
0.000678137 0.102935 0.0284787 2 
-0.834349 0.440338 -0.762223 2 
-0.911379 0.453582 -0.553665 2 
0.500203 -0.472016 -0.179029 2 
0.300842 0.542629 -0.27277 2 
-0.0381733 -0.238726 -0.359971 2 
-0.00737213 0.632933 -0.177898 2 
-0.597814 1.21101 -0.649536 2 
-0.526385 0.557876 0.00606296 2 
-0.503642 0.109558 -0.168155 2 
-0.735331 0.176366 0.0945866 2 
0.110363 0.0557766 -0.0732024 2 
-0.220197 0.0615251 -0.517353 2 
-0.692878 0.3995 -0.149225 2 
-0.743484 0.375281 -0.509867 2 
