-2.30013 3.14878 -2.60958 
-2.34258 3.31047 -3.25768 
-2.1606 3.794 -3.28691 
-1.91184 2.90991 -2.50376 
-2.28533 3.83177 -4.33282 
-2.04957 3.28914 -3.52859 
-2.11086 3.61874 -4.12518 
-2.097 3.63901 -3.73758 
-1.63114 3.2679 -3.02201 
-1.55634 3.28777 -2.07457 
-1.73234 3.59579 -3.05808 
-1.85529 2.9625 -2.70694 
-2.14355 3.57119 -2.6869 
-2.02595 3.63731 -5.12858 
-1.93096 3.3409 -3.15382 
-2.20778 3.47593 -3.50478 
-1.93687 2.68083 -3.22028 
-1.4706 3.36817 -3.05934 
-1.58359 2.77424 -3.16155 
-1.9794 2.91272 -3.35321 
-1.87232 3.34928 -4.06992 
-1.76018 2.63674 -3.69078 
-1.36943 1.65991 -1.59055 
-1.31658 2.70619 -3.02876 
-1.94928 2.83652 -4.03619 
-1.94671 3.23423 -4.54475 
-1.73073 2.67168 -3.27014 
-1.64091 2.78683 -2.46585 
-1.81989 2.30996 -3.48091 
-1.98048 2.97584 -4.21699 
-1.52567 2.80414 -3.02072 
-1.76535 2.91332 -4.07559 
-1.58788 1.96815 -2.35654 
-1.55008 2.65219 -3.14977 
-1.74734 2.84503 -4.24503 
-1.79743 2.35058 -2.45623 
-1.56709 1.98841 -3.03913 
-1.4654 2.0144 -3.20533 
-2.10019 2.70975 -4.1083 
-2.11087 2.18807 -4.06846 
-1.82832 2.34475 -3.92862 
-1.93387 3.37366 -5.44366 
-1.82323 3.53882 -3.90456 
-1.81902 3.32325 -4.90548 
-1.46891 2.28431 -3.7045 
-1.58728 2.36117 -4.55259 
-1.92612 3.18583 -5.1663 
-1.85132 2.85792 -4.54869 
-2.16114 3.60622 -5.14912 
-1.58005 2.84931 -4.71999 
-2.06242 3.48738 -5.90804 
-1.77626 2.79654 -4.34378 
-2.39408 3.92676 -8.21626 
-1.90227 2.75012 -5.23715 
-2.0589 3.49194 -7.00105 
-1.75303 2.93826 -6.85543 
-1.68358 2.47721 -4.61768 
-1.33771 2.66765 -4.77604 
-1.17243 2.47201 -5.03981 
-1.64585 2.95038 -4.9664 
-1.57433 2.7256 -4.49919 
-1.61661 2.99334 -7.01421 
-1.47226 2.30258 -5.01859 
-1.3712 2.74261 -4.73808 
-1.80603 2.17947 -4.43119 
-1.72139 2.75781 -5.89198 
-1.41265 1.86705 -4.43259 
-1.57314 2.65757 -5.05771 
-1.87637 2.50782 -4.42802 
-1.37657 1.99148 -4.76692 
-1.56984 2.48107 -5.33591 
-1.8624 2.87116 -6.47849 
-1.83429 2.60131 -6.0396 
-1.74783 2.39333 -5.59394 
-1.67438 2.54214 -5.08308 
-1.31111 1.645 -3.27566 
-1.4422 2.44631 -4.82988 
-1.04414 1.98276 -4.26648 
-1.57858 2.05935 -5.13802 
-1.63822 2.19583 -3.77924 
-1.52009 1.85989 -3.80802 
-1.33388 2.19685 -4.74711 
-1.4461 2.13723 -5.44128 
-1.95601 3.03059 -6.34734 
-1.81387 1.97581 -5.22407 
-1.67984 2.03757 -5.09574 
-2.02784 2.5223 -6.56257 
-1.67191 3.03705 -6.06507 
-0.350894 -1.29779 3.76517 
-0.529878 -0.861731 3.68373 
-0.750051 -0.603682 1.26901 
-0.211279 -1.03878 5.34869 
-0.426191 -1.20872 3.32166 
-0.54852 -0.406616 2.44394 
-0.057484 -1.10832 5.0466 
-0.179381 -1.14851 4.81955 
-0.291175 -0.523029 4.86127 
0.0557187 -1.48433 6.61406 
-0.127205 -1.17062 3.89117 
-0.100187 -1.55498 5.1102 
-0.137619 -1.07497 3.90855 
-0.138153 -1.26432 4.31925 
-1.4705 0.18078 3.03332 
-1.57931 0.411689 2.28333 
-1.52256 0.594919 0.66323 
-1.42533 0.0764233 4.70459 
-1.1909 0.153362 3.64053 
-1.60172 0.00200649 2.68969 
-1.17125 -0.268383 4.37132 
-1.70242 0.962836 0.39856 
-1.49344 0.171316 5.01984 
-1.16396 -0.469273 4.91003 
-1.35104 -0.102073 5.14723 
-1.32941 0.0413858 3.59567 
-1.27031 -0.261323 6.83474 
-1.4133 0.0176738 3.22564 
-1.14197 0.0892093 4.97788 
-1.16024 0.0152571 3.76567 
-1.28134 -0.333963 5.17315 
-1.32544 -0.132067 6.13407 
-1.59859 0.376285 5.011 
-1.51318 0.272972 4.99765 
-1.19558 0.0634935 5.69845 
-1.21264 0.482315 3.18485 
-1.12082 0.679249 2.50613 
-1.14471 0.536713 3.83796 
-0.984108 0.00867197 4.57878 
-1.53634 0.0295007 3.44811 
-1.50903 0.345451 3.63424 
-1.33813 0.464493 3.60555 
-1.32747 0.689463 2.40544 
-1.40482 0.143072 4.72442 
-0.99468 0.535442 2.56707 
-1.45733 0.285765 3.83291 
-1.34172 0.785017 1.42029 
-1.01716 0.525046 1.48031 
-1.30837 0.638801 1.14769 
-1.2955 0.448066 3.24316 
-1.3563 1.06322 -1.71229 
-1.12487 1.10128 0.527292 
-0.923929 0.15144 5.00864 
-1.04601 0.243809 5.16842 
-0.650343 -0.305057 7.82874 
-0.776155 -0.174716 9.53474 
-1.03598 -0.328002 7.18346 
-0.840905 -0.700839 10.0639 
-1.10133 -0.144021 8.44662 
-0.933177 0.117543 6.96414 
-1.15649 0.18874 4.84766 
-0.819608 -0.0342269 5.54361 
-1.07617 0.190103 5.7918 
-0.953925 -0.362234 7.82858 
-0.851277 0.223323 6.68135 
-0.970875 -0.394065 6.93832 
-1.0799 -0.19458 7.06916 
-0.625668 -0.243657 7.31363 
-0.520819 -0.380809 7.1747 
-0.71699 -0.33002 6.07673 
-0.6195 0.309915 5.3467 
-0.467654 0.092234 5.62398 
-0.967255 -0.196319 4.70273 
-0.746772 0.0896866 5.22183 
-0.698012 -0.295871 7.98213 
-0.726203 -0.00618259 7.8045 
-0.644144 -0.092133 5.89251 
-0.56425 -0.0109268 7.27478 
-0.707257 0.315852 5.8164 
-0.767711 -0.188975 7.7795 
-0.37553 -0.276071 6.4584 
-0.711634 -0.631223 7.92383 
-0.365403 -0.196152 6.76804 
-0.49376 -0.195545 5.96179 
-0.768555 0.141405 5.4392 
-0.26441 -0.365302 7.7047 
-0.444595 -0.24239 5.64197 
-0.581085 -0.171376 6.84751 
-0.351605 -0.441571 7.38119 
-0.390812 0.0955209 6.492 
-0.244813 -0.120274 6.7301 
-0.408511 -0.0392254 7.96022 
-0.14776 -0.465591 9.02719 
-0.302299 -0.0659032 9.95606 
-0.179295 -0.220724 8.42661 
-0.114599 -0.724037 8.10002 
-0.364854 -0.6678 8.43105 
-0.197498 0.949586 3.55883 
-0.0010281 1.15787 4.15268 
0.0994653 0.826885 3.09164 
0.48095 1.86221 8.01002 
-0.22998 0.875422 5.50831 
0.081429 0.957753 3.10937 
0.466662 1.32568 4.88146 
-0.274382 0.724028 3.86095 
0.00448184 1.55744 6.55684 
-0.390729 0.870441 2.94814 
0.343709 0.732473 4.09374 
0.0405243 1.64829 5.87712 
0.144423 1.39659 5.32242 
0.316883 0.999186 4.82206 
0.0420949 1.19336 5.7076 
0.0449663 0.959554 5.45666 
0.10066 0.963805 4.49718 
0.386862 1.10794 7.20908 
0.191423 1.08032 5.90626 
0.0749706 0.385253 1.86363 
-0.0114922 0.940025 6.17729 
-0.0632766 0.802228 5.58669 
0.0860701 0.979357 4.55335 
0.139878 1.45668 6.65291 
-0.0598375 0.886591 5.73244 
0.333894 1.02722 6.13928 
0.076444 0.654913 5.07437 
0.500427 1.01736 6.03709 
0.293136 0.774883 5.36381 
0.196791 0.852185 5.22907 
0.0286556 0.664084 2.11017 
0.131139 0.695162 4.64626 
0.296947 0.64266 6.44583 
0.350718 0.632883 6.534 
0.0254555 0.528201 6.77301 
0.29664 0.938633 7.09242 
0.318301 1.15215 7.29539 
0.900846 1.02262 8.52529 
0.200011 1.00939 5.31119 
0.104971 0.308817 4.50023 
-0.00329504 0.275964 4.59058 
0.449441 0.847384 7.3933 
0.136267 0.159939 3.75677 
0.503221 1.16141 6.669 
0.372817 0.717989 5.52281 
0.38399 0.901846 5.92072 
0.579637 0.890378 7.36897 
0.225633 0.635219 6.34598 
0.128484 0.195832 4.62815 
0.333444 0.232562 5.45521 
-0.227711 0.33665 5.54007 
0.260301 0.206646 4.84556 
0.0611543 0.128916 4.93085 
-0.34176 -0.596496 2.27547 
0.000980811 -0.334899 2.63596 
-0.120495 0.0530188 3.33705 
0.398349 0.525483 5.73092 
-0.194355 0.388398 5.10785 
0.385225 -2.25553 -6.57735 
0.499956 -1.75496 -3.36479 
0.623999 -1.77672 -5.5816 
0.645604 -1.90947 -5.92644 
0.447732 -2.23024 -6.89038 
0.48871 -2.29284 -7.00922 
0.831019 -2.56855 -7.67892 
0.521863 -1.64831 -6.21342 
0.499961 -1.85556 -2.98529 
0.554033 -2.28611 -4.7726 
0.53693 -1.91412 -3.96418 
0.792903 -2.53041 -5.99142 
0.238933 -1.98756 -3.22692 
0.438163 -2.63917 -6.1153 
0.415734 -2.25889 -5.08629 
0.367002 -2.61297 -5.69405 
0.441584 -2.68161 -4.99893 
-0.0389962 -2.1556 -4.64716 
0.615691 -2.70722 -5.76544 
0.108555 -2.09625 -3.75905 
0.5123 -2.31677 -5.57296 
0.231417 -2.41468 -3.68561 
0.447915 -2.99641 -6.33686 
0.524102 -2.60188 -5.22536 
0.125537 -2.00567 -3.0894 
0.364022 -2.41837 -4.96015 
0.429057 -2.56321 -6.71285 
0.422339 -2.90393 -5.26783 
-0.131815 -2.87241 -5.91908 
0.205691 -2.5879 -2.93792 
0.585848 -2.26249 -2.89371 
0.43942 -3.29424 -7.39572 
0.474548 -3.09287 -7.31128 
0.182038 -2.73457 -3.91589 
0.349756 -2.45476 -6.36699 
0.271482 -2.96845 -3.39289 
-0.0565387 -3.00326 -3.54871 
0.330388 -2.40164 -5.77523 
0.131522 -3.54976 -6.01661 
0.419042 -2.66268 -4.9358 
-0.015224 -2.76707 -4.18797 
0.313395 -3.65104 -7.22034 
0.039168 -2.97806 -4.702 
-0.00012356 -3.14603 -5.10256 
0.132801 -2.48333 -3.69426 
0.230884 -2.83772 -5.69445 
-0.1388 -3.06193 -6.40413 
0.106795 -2.74903 -4.43997 
-0.326382 -2.72281 -4.62115 
-0.412322 -3.13514 -4.6715 
-0.283021 -3.26677 -3.99108 
-0.22277 -3.58141 -7.49266 
-0.222432 -2.67435 -3.83367 
-0.0535911 -3.38611 -4.39541 
-0.517498 -3.80902 -4.79355 
-0.320445 -3.76517 -4.78557 
-0.46874 -3.53157 -4.75749 
-0.0576724 -3.41405 -4.04297 
-0.106814 -3.42042 -3.67456 
-0.0776459 -3.89494 -6.00293 
-0.0608178 -3.08383 -3.51673 
-0.544309 -3.81504 -3.1416 
-0.555489 -4.06642 -5.59061 
-0.53421 -3.98213 -3.7026 
-0.587187 -3.57781 -3.63913 
-0.825427 -3.67541 -4.57972 
-0.872158 -3.34217 -3.76335 
-0.499614 -4.3728 -4.38234 
-0.510542 -3.26399 -3.45989 
-0.874132 -4.44195 -5.29899 
-0.904706 -3.86911 -3.37837 
-0.32841 -3.59015 -4.94972 
-0.860434 -3.37092 -3.64959 
-0.788018 -3.49822 -4.07462 
-0.846168 -3.65893 -3.64342 
-0.867519 -3.50125 -4.97135 
-1.14492 -4.12781 -4.51859 
-0.986196 -3.91773 -5.75411 
-0.651734 -3.28723 -3.0258 
-1.06882 -3.94728 -5.28566 
-1.00035 -3.21638 -4.102 
-1.1922 -4.12636 -4.3754 
-1.36771 -4.2014 -4.9441 
-1.43199 -3.56287 -3.65901 
-1.1665 -3.48808 -4.04861 
-1.29514 -3.23229 -4.17045 
-1.63807 -4.60638 -6.80529 
-1.22615 -2.79383 -2.19769 
-1.87421 -5.14078 -7.21393 
-1.35183 -3.65184 -3.5507 
-1.99634 -4.60615 -6.7527 
-1.46577 -3.56074 -3.82303 
-1.51609 -3.92923 -5.23616 
-1.57444 -4.10555 -4.973 
-1.20848 -3.45278 -3.90707 
-1.81175 -4.31099 -7.67509 
-1.46895 -3.32838 -4.56412 
-1.54702 -4.34598 -3.91198 
-1.73455 -3.7415 -4.96632 
-1.65812 -4.02533 -6.01858 
-1.69844 -3.91106 -4.66024 
-1.43564 -3.61714 -4.7155 
-1.51998 -3.76144 -4.30332 
-2.11952 -4.31921 -5.69922 
-1.62256 -3.30046 -4.57907 
-1.91306 -4.18996 -5.28923 
-1.90534 -3.81223 -6.14761 
-2.01096 -4.35322 -4.97639 
-2.0022 -3.89529 -4.24854 
-1.67081 -3.02387 -4.63313 
-1.89851 -3.72332 -4.29851 
-1.99241 -3.49603 -4.43307 
-2.16514 -4.16411 -5.40918 
-1.99572 -3.92294 -4.51534 
-1.91611 -3.85098 -4.13084 
-1.9904 -3.97093 -3.67525 
-2.45934 -4.61966 -6.95624 
-2.08659 -4.39217 -6.13784 
-2.3483 -4.14716 -6.77843 
-2.8363 -4.09216 -7.01321 
-2.39431 -3.99883 -5.98947 
-2.66059 -3.76358 -7.93156 
-2.59626 -3.53179 -6.62898 
-2.55268 -3.63113 -6.10189 
-2.23201 -3.29289 -6.0765 
-2.66811 -3.41286 -5.74692 
-2.49699 -2.95092 -6.15747 
-3.31991 -3.88925 -7.73786 
-3.01213 -3.47867 -7.25188 
-3.32506 -3.76457 -8.77433 
-3.10321 -3.8437 -7.78439 
-2.64451 -3.26036 -6.49349 
-2.96537 -3.65477 -7.77667 
-3.33378 -3.64852 -7.42857 
-3.38439 -3.81823 -8.62698 
-3.24606 -3.52162 -7.32299 
-2.86672 -3.67858 -5.92568 
-3.23582 -3.37767 -7.5746 
-3.94503 -4.0781 -8.71371 
-3.15122 -3.20798 -7.92956 
-3.60866 -3.75126 -7.38686 
-3.18677 -3.72597 -7.11262 
-3.37143 -3.59841 -7.58849 
-3.07709 -2.8459 -7.75419 
-3.4177 -3.78801 -7.62446 
-3.30189 -3.34302 -7.32807 
-3.50412 -3.4261 -7.68378 
-3.40804 -3.32375 -8.20509 
-3.83166 -3.70661 -8.50243 
-2.91594 -2.63359 -7.36341 
-3.42379 -3.24786 -8.12689 
-3.51432 -3.71869 -8.18632 
-3.58635 -3.11675 -8.134 
-3.47045 -3.59849 -7.39043 
-3.75392 -3.81987 -9.54661 
-3.46605 -3.77697 -9.31007 
-4.40388 -3.91215 -9.26308 
-3.42102 -3.16824 -7.81544 
-3.62534 -2.86678 -8.52197 
-3.88649 -2.72614 -8.83098 
-4.28129 -3.40266 -10.0827 
-3.88534 -3.09356 -10.4153 
-3.96199 -3.12489 -8.72981 
-3.948 -3.09955 -8.51764 
-4.08474 -3.54366 -8.76081 
-3.77746 -3.43579 -8.3598 
-4.15985 -3.44032 -9.09401 
-4.61309 -3.75852 -9.94405 
-4.28389 -2.82403 -9.37945 
-4.58125 -3.46096 -10.1193 
-4.59072 -3.51969 -10.8739 
-4.32403 -3.08164 -9.45259 
-4.20905 -2.73592 -8.89436 
-4.50672 -3.78984 -10.5794 
-4.37965 -3.19995 -9.70127 
-4.21125 -2.92353 -10.2057 
-4.67406 -3.27863 -9.49475 
-4.69634 -3.95436 -11.2399 
-4.69118 -3.76001 -10.1824 
-4.62808 -3.44852 -9.45656 
-4.63853 -3.96 -10.4254 
-4.23582 -3.1914 -9.31472 
-4.91426 -4.02527 -11.1126 
-5.14146 -3.80387 -10.5704 
-4.52875 -3.06288 -10.7384 
-4.72648 -2.94993 -10.8825 
-4.5968 -3.07092 -10.4711 
-4.9096 -3.56616 -10.5351 
-4.96031 -3.46628 -12.0215 
-4.76405 -2.85532 -12.4151 
-5.72458 -3.22381 -14.2017 
-4.96656 -3.29246 -12.2395 
-5.00429 -2.61048 -12.9941 
-5.38652 -2.57155 -13.7604 
-4.62708 -2.18068 -12.0041 
-5.26043 -3.12325 -13.6378 
-5.17384 -3.05638 -13.5346 
-5.07952 -3.32875 -11.8007 
-5.09159 -3.15176 -11.3541 
-5.51868 -3.66299 -11.9516 
-5.51993 -2.91252 -11.3122 
-5.4096 -2.85972 -10.904 
-5.2632 -2.92206 -11.7987 
-5.57381 -2.77376 -11.2289 
-5.64018 -3.1442 -14.97 
-5.87282 -3.66053 -13.6708 
-5.8311 -3.43815 -12.8355 
-5.38069 -2.34016 -12.2365 
-5.35401 -2.28716 -11.8902 
-5.58509 -2.81608 -12.1986 
-5.56952 -3.33946 -11.1465 
-5.85923 -3.39066 -12.1157 
-5.80289 -2.80306 -12.1729 
-6.20114 -3.26792 -12.1072 
-5.63244 -3.16048 -11.9135 
-6.3411 -3.42195 -12.2369 
-5.89289 -2.72168 -11.4721 
-6.48921 -3.17032 -11.5212 
-5.90691 -3.01047 -11.2276 
-5.84107 -3.12773 -11.6377 
-6.66798 -3.27813 -12.6733 
-6.40148 -3.36801 -12.2013 
-6.13245 -3.13749 -11.3279 
-6.24376 -2.55424 -11.7132 
-5.80873 -2.79046 -10.9636 
-6.79702 -3.49834 -11.6091 
-6.29544 -3.72535 -11.3482 
-6.49879 -3.33744 -11.2116 
-5.89469 -2.93572 -10.8211 
-6.86904 -3.83802 -11.3875 
-6.7109 -3.3662 -11.6273 
-6.35805 -3.10665 -10.42 
-6.61063 -3.52204 -10.8132 
-6.73047 -3.52863 -10.434 
-6.34943 -2.80805 -10.5286 
-6.32741 -3.68261 -11.3789 
-6.23182 -3.08277 -10.4809 
-6.17075 -3.00566 -9.81766 
-6.77639 -3.47309 -10.1112 
-6.46654 -2.20361 -10.21 
-6.89972 -3.09518 -9.73901 
-6.97877 -2.98111 -10.2377 
-6.96953 -2.63356 -11.025 
-6.95993 -3.03035 -11.7593 
-6.80774 -2.69913 -9.6723 
-7.41643 -2.93025 -9.89884 
-6.9773 -2.67437 -9.62332 
-6.42261 -2.61631 -9.43553 
-6.77145 -2.41955 -9.47595 
-7.42317 -3.2471 -9.03336 
-7.0532 -2.83862 -8.94522 
-7.56343 -3.35132 -9.70148 
-6.98253 -2.70915 -9.29135 
-6.49839 -2.53314 -7.56693 
-6.82594 -2.76829 -8.03798 
-6.80721 -2.39413 -7.88786 
-7.07494 -2.4865 -6.48476 
-7.11923 -2.58001 -7.60397 
-7.36767 -2.66651 -5.78489 
-7.34743 -2.89747 -7.10659 
-7.59054 -2.71303 -7.13661 
-6.57088 -2.48558 -6.61688 
-7.04466 -2.76513 -6.72446 
-6.85244 -1.94288 -6.27358 
-6.99842 -2.36479 -6.08288 
-6.9481 -2.52836 -6.26615 
-7.14831 -2.03028 -6.22812 
-7.74746 -1.95093 -7.01714 
-6.5368 -1.60403 -5.36855 
-7.58317 -2.31459 -6.60989 
-7.52209 -2.30372 -6.74204 
-6.76547 -1.37238 -5.04682 
-6.89794 -1.81577 -6.40391 
-6.39655 -1.93358 -5.62385 
-8.05375 -2.50119 -5.96507 
-7.64121 -2.22649 -6.14319 
-7.0418 -2.14392 -6.24541 
-8.19613 -2.0832 -6.6743 
-7.44962 -1.85649 -6.23001 
-7.2191 -1.77573 -4.4691 
-8.32921 -2.06466 -5.5501 
-6.43027 -1.0692 -4.28673 
-7.33553 -1.55506 -3.82202 
-6.74968 -1.48675 -4.25654 
-7.46738 -1.10514 -5.39082 
-8.15304 -1.75396 -6.01292 
-7.01949 -1.10618 -4.98187 
-8.01524 -1.33564 -5.24362 
-8.14342 -1.14517 -3.77566 
-7.41094 -0.65938 -2.95146 
-7.95351 -1.10083 -3.28658 
-7.32625 -0.711123 -3.08562 
-7.47102 -0.981469 -1.76357 
-7.98578 -1.1497 -2.28251 
-6.94908 -0.407834 -2.69663 
-7.39206 -1.08545 -1.39827 
-7.81575 -1.02415 -2.57525 
-7.39109 -0.288459 -2.40363 
-7.21727 -0.562463 0.18513 
-7.52341 -0.850735 -1.5579 
-8.51722 -0.970384 -0.842422 
-7.98888 -0.677577 0.134042 
-7.93325 -0.706798 -0.168572 
-8.26778 -0.637989 -0.433585 
-7.64496 -0.299014 0.0818506 
-7.95878 -0.26534 -0.262177 
-7.92164 -0.0616154 0.390769 
-7.35678 -0.0374901 0.706517 
-7.59904 -0.166278 0.827827 
-7.894 -0.384224 0.254098 
-8.76399 -0.412468 0.371338 
-7.00668 0.0535 -0.327944 
-7.80895 -0.112388 0.778211 
-7.7659 -0.136425 0.599381 
-7.22725 -0.0208999 0.621018 
-7.0354 0.306073 1.44072 
-7.53801 0.223468 1.49669 
-7.53879 0.0242312 0.782914 
-7.95134 0.352948 1.10781 
-7.4263 0.220857 1.35726 
-7.66552 -0.0340375 0.372392 
-7.88172 -0.0895681 1.39559 
-7.25291 0.480497 1.14231 
-7.14871 0.786584 0.320739 
-7.36838 0.997185 1.25135 
-8.2839 0.262347 1.85623 
-7.92392 0.396035 2.20746 
-7.56295 0.473713 1.02341 
-7.38602 0.492894 1.35293 
-8.11998 0.536425 1.96778 
-7.89444 0.197605 2.26353 
-7.63313 0.570099 1.50542 
-7.32433 0.836215 1.80027 
-8.352 0.932284 1.81151 
-6.69688 1.48747 1.70839 
-7.50773 1.03661 4.00594 
-6.87055 1.31082 1.93103 
-6.72347 1.49552 1.72699 
-7.97294 0.893918 2.20606 
-6.44827 1.47589 2.04097 
-7.31445 1.28355 2.5592 
-7.61683 0.964313 2.38952 
-7.18042 1.72525 1.7623 
-7.18407 1.56387 2.71237 
-7.46697 1.34676 3.41619 
-7.15813 1.51991 2.29089 
-6.96686 1.38608 2.71226 
-8.57031 1.02738 3.3651 
-6.66082 1.5548 2.39599 
-8.22936 1.42089 3.67524 
-6.89222 1.57348 2.91091 
-7.37579 1.65849 2.36513 
-7.49136 1.68229 2.4179 
-7.54537 1.74138 4.13801 
-7.08341 1.91909 2.46513 
-7.73697 1.82012 3.70313 
-6.98882 1.98342 2.42516 
-6.51992 1.98467 1.9749 
-8.05441 1.982 4.63312 
-7.50527 1.91436 3.32982 
-7.95797 1.90158 3.42589 
-7.16066 2.2791 3.15478 
-7.85982 2.04442 3.31737 
-6.98436 1.76718 3.11728 
-7.12252 2.59508 3.66064 
-7.30514 2.26406 3.93484 
-7.01141 1.81545 3.60097 
-7.12624 2.47615 3.18522 
-8.12679 2.14259 4.46593 
-6.85053 2.20595 3.45144 
-7.14866 1.68439 3.30224 
-7.71184 2.02556 4.2818 
-7.07189 2.06198 3.57912 
-7.19239 1.60137 3.09832 
-7.49892 1.57585 3.30715 
-7.34102 1.87606 3.29296 
-7.39809 2.3545 3.75466 
-6.56157 2.13829 2.75951 
-7.16863 1.8861 3.27394 
-7.69181 2.16576 3.39484 
-6.55552 2.21415 2.72984 
-7.9179 2.17057 2.53333 
-7.62635 2.25358 3.90666 
-6.77306 2.5301 1.81372 
-6.72385 2.64212 2.33934 
-7.06592 2.51891 2.90764 
-7.15958 2.19509 3.38446 
-6.62413 2.4337 1.85106 
-7.26568 2.50116 1.85644 
-7.66651 2.5851 2.67212 
-6.91955 2.84318 0.937428 
-7.32346 3.05326 0.242724 
-7.5238 3.47366 1.32978 
-7.00778 3.13692 0.778496 
-7.73866 2.89505 2.47821 
-6.14436 2.75545 1.1209 
-7.67149 3.0451 1.84042 
-6.53405 2.82731 0.852617 
-7.31899 3.0588 0.992495 
-7.36112 2.95161 3.54081 
-7.03449 3.06909 0.724318 
-7.23065 3.06906 2.54077 
-7.23421 2.95081 2.59116 
-7.35207 2.92532 2.31702 
-7.11959 3.0035 0.846005 
-6.99031 2.7823 2.10976 
-6.86434 3.0732 1.75973 
-6.8667 3.07121 1.7855 
-7.09376 3.25537 1.94047 
-6.74747 3.3082 0.74726 
-6.58828 3.11417 1.07008 
-7.28605 3.2156 2.52212 
-6.92778 3.59588 1.15109 
-6.65247 3.38474 1.80129 
-6.91195 3.56053 1.77575 
-7.34671 3.40928 2.31911 
-7.34147 3.31745 2.21836 
-6.55497 3.02188 2.27969 
-7.39147 2.81222 1.7893 
-7.43202 3.59635 2.12386 
-6.53385 3.69065 1.43474 
-6.59585 3.14518 0.96921 
-6.84495 3.28846 1.27546 
-6.87224 3.3766 1.51952 
-6.40206 3.3461 1.26206 
-7.19436 3.46141 2.74285 
-7.48368 3.54912 2.20008 
-6.63318 3.2916 0.376428 
-6.5082 3.2768 0.786406 
-6.90745 3.64894 1.37979 
-6.76253 4.28468 0.986851 
-6.48604 4.27617 1.10416 
-6.90625 4.49395 0.246568 
-6.59304 4.54917 1.57206 
-6.73131 4.26815 1.82235 
-6.76133 4.0946 0.777543 
-5.94884 3.95284 0.822751 
-6.51086 4.38778 -0.0882094 
-6.84644 4.43069 1.9619 
-5.96539 4.20491 2.33133 
-5.65209 4.3182 2.22051 
-6.34525 4.61705 1.69532 
-6.292 4.14846 2.03531 
-6.02944 4.44091 2.30993 
-5.90627 4.01924 3.34021 
-5.87484 4.19532 1.53534 
-6.59628 4.61122 2.41656 
-6.46038 4.53405 3.33917 
-5.83869 4.07005 1.08305 
-5.79348 4.61883 3.57479 
-6.34503 4.38026 2.34679 
-5.98125 4.59149 3.96915 
-5.64638 4.27489 1.29481 
-6.33945 4.53022 2.70674 
-5.52907 4.05445 2.5442 
-5.84098 4.73814 2.66122 
-5.9331 4.797 2.28842 
-6.17995 4.73545 2.45108 
-5.89561 4.14318 2.79128 
-6.29638 4.75459 1.43283 
-5.87441 4.92463 1.145 
-5.96556 4.84371 1.78881 
-5.89638 4.60088 1.60454 
-5.47245 4.49325 1.44664 
-6.27548 5.07402 3.63396 
-6.36016 5.29763 2.12258 
-5.7832 4.67679 1.26162 
-5.71094 4.84963 2.07885 
-6.10301 5.23366 2.29375 
-5.52143 4.46206 0.959856 
-5.41528 4.81196 0.0766411 
-5.78551 4.90104 1.40472 
-5.84181 4.91295 1.39623 
-5.58582 5.39005 2.09665 
-5.54139 5.08596 1.9146 
-5.30246 5.12087 1.22128 
-5.67943 5.03929 1.05867 
-5.48151 5.57693 0.635331 
-5.6333 5.88816 2.9225 
-5.54724 5.61233 2.56191 
-5.33967 5.24175 0.148641 
-5.34921 5.41074 1.0679 
-5.25476 5.13842 0.230081 
-5.25695 5.40915 2.17883 
-5.53704 5.76184 1.93687 
-5.24392 5.23703 1.47925 
-5.4522 5.67203 0.0556517 
-4.89449 5.60899 1.24522 
-4.85238 5.51746 0.977616 
-5.52205 5.76326 2.63696 
-4.77904 5.18333 1.9166 
-5.16328 5.61087 1.72784 
-5.30423 6.05956 1.3718 
-5.22558 5.51967 -0.521467 
-5.77731 6.32428 1.17085 
-5.15482 5.34121 0.386121 
-5.32269 6.13911 0.0206908 
-4.87749 5.39645 -0.144047 
-5.09973 6.19568 1.04593 
-4.76097 5.37585 0.153623 
-4.6786 5.77974 1.85653 
-4.55834 5.72012 0.507908 
-4.73072 5.55009 -0.137607 
-5.30156 5.70479 0.978462 
-4.98037 6.24188 1.8732 
-4.58231 5.10996 0.861042 
-4.81984 5.72146 1.85793 
-4.65485 5.66162 0.952181 
-4.46435 5.20477 1.43311 
-4.44765 5.77528 0.578529 
-4.65255 6.068 -0.696441 
-4.27804 6.27277 -0.440707 
-4.47657 5.88014 -0.334433 
-4.46074 5.89463 -0.144339 
-4.45028 5.60189 1.1995 
-4.38061 5.82213 0.359727 
-4.64613 5.88328 -1.57272 
-4.60901 6.01644 -0.241392 
-4.46171 6.09179 0.40868 
-4.23882 5.7414 0.50695 
-4.19686 5.98205 0.0752354 
-4.24183 5.72855 -0.971929 
-4.53121 6.69533 -0.881624 
-3.9554 5.63395 -0.535496 
-3.71168 6.07497 -0.455634 
-4.43959 6.4464 0.555407 
-4.80353 6.91834 -3.15116 
-4.48251 6.94924 -2.29366 
-4.93707 6.37739 -0.626585 
-4.54508 6.68852 -1.559 
-4.46569 6.50277 -1.34003 
-4.50698 6.3516 -2.30513 
-4.53176 6.14653 -2.1097 
-4.89598 6.49046 -2.09245 
-3.90251 5.88237 -1.60524 
-4.32276 7.07079 -0.37915 
-3.8623 6.22531 -0.384293 
-4.19183 6.39115 -0.517705 
-4.13419 5.97127 -0.896275 
-3.85199 5.8887 -0.369974 
-3.96326 5.99863 -0.285045 
-3.85402 6.17818 -2.09737 
-4.15522 6.39403 0.842933 
-4.17245 6.48788 0.835053 
-4.07366 6.89255 0.344448 
-3.65398 6.35887 0.394084 
-3.64652 5.73052 -0.671442 
-4.0263 6.5635 -0.887012 
-4.08379 6.72278 -1.18247 
-3.89539 6.70352 -2.228 
-3.62389 5.79009 -1.96563 
-4.22635 6.05015 -2.98396 
-4.07157 6.49436 -1.84349 
-3.70511 5.69642 -1.81152 
-4.36174 6.27382 -2.48912 
-4.22726 6.26845 -2.10596 
-3.70911 5.51298 -2.55477 
-3.49529 6.71438 -1.07241 
-3.5359 6.4171 -1.14794 
-4.09802 6.85573 -2.137 
-3.9963 6.6275 -2.39201 
-4.02589 6.81711 -0.615598 
-3.86894 6.06068 -1.41658 
-4.00671 6.0307 -2.45208 
-3.58049 6.28975 -1.75238 
-3.57697 6.04594 -1.65423 
-3.70464 6.33145 -1.9241 
-3.83541 5.92765 -1.14528 
-3.88157 6.21387 -1.87511 
-4.01214 6.17315 -2.26318 
-3.76003 5.6755 -3.01268 
-3.65167 6.34996 -1.94409 
-3.21072 6.38795 -2.63753 
-3.24559 6.06716 -1.26559 
-3.55048 6.85839 -1.44306 
-3.043 6.36738 -1.83096 
-3.80303 6.9674 -1.35658 
-3.5564 6.50026 -1.32081 
-3.2477 6.09574 -1.03481 
-2.94986 6.46257 -0.917414 
-3.1822 6.1772 -2.43603 
-2.97702 5.97153 -1.71476 
-3.54799 6.11335 -2.3591 
-3.62024 6.37538 -2.13911 
-3.40467 5.84209 -2.57064 
-3.47749 6.54387 -1.56794 
-3.26415 6.80288 -0.778083 
-3.25333 5.92303 -1.03314 
-3.17825 5.33633 -1.93315 
-3.11776 6.87983 -2.19683 
-2.81939 5.82686 -0.799975 
-3.2083 6.6771 -2.33735 
-2.9991 6.57784 -2.15254 
-3.18401 6.36858 -1.96452 
-2.68546 5.53477 -1.42108 
-2.66822 6.47069 -1.29301 
-2.80727 6.0428 -1.66678 
-2.90414 6.57667 -1.62852 
-3.10518 5.73898 -1.34718 
-2.79455 6.02039 -2.17367 
-2.67616 6.46622 -0.563594 
-2.95478 6.21521 0.0795605 
-2.49239 5.98926 -0.81822 
-2.82958 6.10587 -0.669028 
-2.61211 6.65209 -0.618144 
-2.3471 5.40927 -0.594729 
-2.69922 6.14315 -2.19221 
-2.75277 6.36474 -0.654562 
-2.75052 5.74275 -0.735122 
-2.39847 6.38073 0.14576 
-2.66167 5.77817 -0.786689 
-2.51906 7.03643 -0.964746 
-2.53407 5.30145 -0.261049 
-2.35849 6.77726 -1.04169 
-2.97281 6.29073 -1.4373 
-2.71201 6.65961 -1.15178 
-2.49838 6.47798 -1.84983 
-2.5322 5.5445 -0.111113 
-2.14529 6.03815 -1.14543 
-2.33684 5.71728 -2.45729 
-2.31014 6.03416 -1.50217 
-2.63838 6.00239 -1.51193 
-2.37979 6.23092 -1.47976 
-2.1351 6.63513 -1.8001 
-2.36032 6.4499 -1.28997 
-2.60468 5.84216 -0.735744 
-2.30242 6.12354 -1.08363 
-2.30409 6.2841 -0.930402 
-2.40751 6.07368 -1.94917 
-1.97765 6.19222 -2.20149 
-2.30766 6.64637 -2.40025 
-2.61369 6.34197 -1.73733 
-2.56656 5.72521 -1.8962 
-2.33506 5.16761 -2.45475 
-2.38003 6.08849 -1.44048 
-2.33399 6.84389 -1.67871 
-2.41921 6.59103 -1.99819 
-2.47067 6.06865 -1.58596 
-2.4406 6.81232 -1.53121 
-2.41766 6.25601 -1.78263 
-2.45774 5.2434 -0.814671 
-2.45632 6.58487 -2.83568 
-2.22815 5.78249 -1.9569 
-2.09005 6.43503 -2.48535 
-2.15818 6.13511 -2.87298 
-2.43518 6.22512 -2.47794 
-2.01491 6.22637 -2.41913 
-1.87355 5.74958 -0.855449 
-2.05687 5.07345 -1.12324 
-1.63913 6.27228 -4.17907 
-1.69996 5.47601 -2.29672 
-2.07833 6.04805 -2.89191 
-2.17638 6.15708 -3.43848 
-2.1423 5.09566 -2.72689 
-2.02665 5.22851 -3.66169 
-1.73557 6.07941 -3.34704 
-1.6556 5.99489 -3.6305 
-1.92049 5.97332 -4.27458 
-1.91482 5.15709 -3.8486 
-2.02865 5.33459 -3.33156 
-1.72446 5.3875 -3.88869 
-1.97349 6.06433 -4.72733 
-1.91531 5.40551 -3.45895 
-2.21663 4.91527 -4.37982 
-2.16467 5.77956 -4.18921 
-1.9216 5.00005 -3.76948 
-1.60043 5.89331 -4.68078 
-1.65415 5.98404 -4.24308 
-1.40326 6.12774 -4.70098 
-1.34348 5.68966 -4.09781 
-1.51703 5.81236 -3.85386 
-1.56755 6.13572 -5.10881 
-1.52631 5.43828 -4.37916 
-1.86396 6.39601 -5.35852 
-1.65742 5.71638 -3.55336 
-1.59507 5.23131 -3.66403 
-1.65161 5.61163 -4.3618 
-1.69729 5.73831 -4.64216 
-1.57975 5.41035 -3.89653 
-1.81063 5.44579 -4.54766 
-1.68068 5.34593 -3.2546 
-1.55632 5.75731 -4.39128 
-1.52539 5.21636 -4.07042 
-1.61887 6.21608 -5.7558 
-1.51058 5.86122 -6.00719 
-1.5784 5.58094 -5.5396 
-1.53112 5.06128 -5.23923 
-1.67604 5.43188 -5.27608 
-1.53197 5.07227 -5.1197 
-1.64154 5.13332 -4.10444 
-1.55816 5.51854 -4.75702 
-2.01002 4.58123 -4.87123 
-1.72215 5.37751 -6.29652 
-2.1827 5.69637 -6.0622 
-2.15779 4.95414 -5.61511 
-2.38596 5.30089 -7.17286 
-2.0319 5.8423 -8.23715 
-2.23266 4.45129 -5.92656 
-1.88111 4.93451 -5.80235 
-1.87089 5.29404 -7.01555 
-1.9087 5.07236 -6.13669 
-2.30959 4.98396 -7.27244 
-2.05755 5.06843 -6.29935 
-1.6869 4.59994 -5.83459 
-1.97206 4.88686 -7.02034 
-1.91407 4.9168 -7.32036 
-1.77003 5.41777 -7.07233 
-1.62389 5.05432 -7.04514 
-1.53185 4.72815 -6.64847 
-1.97082 4.54658 -7.15834 
-1.62764 4.5979 -7.28372 
-1.87208 4.84826 -6.60382 
-1.59824 4.58817 -6.98819 
-1.53639 4.57508 -7.27051 
-1.67859 4.99721 -7.09273 
-1.46246 4.71984 -7.24019 
-1.44619 5.28627 -6.45322 
-1.49995 4.76311 -5.42155 
-1.5067 5.04691 -6.9422 
-1.88141 5.16202 -7.4228 
-1.4707 4.81476 -6.74803 
-1.53095 4.88853 -6.43386 
-1.26192 4.74889 -6.7836 
-1.56561 4.78122 -6.06692 
-1.78168 5.42597 -7.8284 
-1.30905 5.02302 -8.05949 
-1.66609 4.79936 -5.97812 
-1.69329 4.79006 -6.3945 
-1.28867 5.0252 -6.2134 
-1.25724 4.42196 -7.98436 
-1.44519 4.56126 -7.18474 
-1.46507 4.93966 -7.21029 
-1.42838 4.23402 -6.1962 
-1.67572 4.59252 -7.99025 
-1.10723 3.91516 -5.34149 
-1.41106 4.86566 -5.61796 
-1.33528 4.35475 -6.04069 
-1.35762 4.31585 -7.11502 
-1.23981 4.43913 -5.86864 
-1.51111 4.38856 -8.46968 
-1.70634 4.54403 -7.02788 
-1.55481 4.43012 -7.77291 
-1.29203 4.23648 -6.49852 
-1.22246 3.97076 -5.6888 
-1.62052 4.58872 -7.58038 
-1.27699 3.91586 -6.98136 
-1.58706 4.34082 -9.90245 
-1.24715 4.04264 -6.43085 
-1.03091 4.14882 -6.66145 
-1.17032 3.63316 -6.83499 
-0.640554 3.70217 -6.14182 
-0.673371 3.41327 -4.27621 
-0.673424 3.48516 -6.12384 
-1.26969 3.68717 -5.30592 
-1.13688 3.50662 -6.67248 
-0.988238 3.62943 -5.87963 
-1.3659 3.21749 -4.91483 
-1.2931 4.05004 -8.28873 
-1.09473 3.66789 -5.92193 
-0.725357 3.98923 -8.90138 
-0.676251 3.32157 -7.5928 
-0.815532 3.8527 -7.88307 
-0.700871 3.51256 -5.43049 
-0.918012 3.9392 -6.60453 
-0.836697 3.58539 -6.30711 
-0.786535 3.7474 -6.1867 
-0.53291 3.78468 -8.26798 
-0.819573 4.02606 -9.12769 
-0.613418 3.88355 -9.21694 
-0.634691 3.63083 -7.01241 
-0.761612 3.62733 -8.25893 
-0.908663 3.08365 -4.78591 
-0.740857 3.01387 -6.03543 
-0.947962 3.33352 -5.47939 
-0.722765 3.49397 -5.60126 
-0.934069 3.51821 -6.3957 
-0.627643 4.02886 -6.33462 
-0.776677 3.10879 -5.91215 
-0.608179 3.2205 -7.57692 
-1.05277 2.7584 -4.40613 
-0.906015 2.59789 -4.93613 
-0.83218 2.41449 -4.22345 
-0.851328 2.88069 -6.82573 
-0.778048 2.1556 -2.92746 
-0.656192 2.9786 -6.68057 
-0.543675 2.88088 -7.91078 
-0.956794 2.09419 -3.886 
-0.652448 3.02198 -6.0749 
-0.702508 2.92562 -7.24636 
-0.709871 2.85412 -5.50859 
3.97794 -4.43991 0.987941 
3.91839 -4.26857 1.45302 
3.67468 -3.83278 2.33805 
3.39285 -3.55519 2.28149 
3.41979 -3.66557 1.14948 
3.20925 -3.66664 2.85477 
2.92163 -3.17348 2.57312 
3.0559 -4.24726 3.6122 
3.54818 -4.62909 5.11797 
3.51896 -4.33212 4.5312 
3.58962 -4.85306 4.57579 
3.08307 -3.90353 3.75159 
3.46845 -4.56889 7.92826 
3.7826 -4.8914 7.57903 
3.65314 -4.65128 7.59393 
3.79797 -4.91277 8.59379 
3.83687 -4.29727 8.43422 
3.52912 -4.21741 8.03264 
3.60575 -4.45593 8.84912 
3.23042 -3.72281 8.96357 
2.98001 -3.65221 8.29615 
3.14528 -3.73528 8.98616 
3.6369 -4.35018 11.1335 
3.5254 -3.915 10.0982 
3.52273 -4.26705 9.72066 
3.83425 -4.19093 11.7662 
2.98785 -3.90008 12.3229 
3.33559 -4.14298 11.0789 
3.47363 -3.9896 11.7558 
3.5496 -3.91969 12.4892 
3.20161 -3.98837 12.6842 
2.97562 -3.75867 11.8374 
3.11716 -3.96042 12.1917 
3.07888 -3.48573 13.5796 
3.22022 -3.81528 12.9794 
3.60381 -4.27481 14.4597 
3.22318 -3.71909 14.428 
3.25725 -4.12512 13.9691 
3.52307 -4.00039 15.3232 
3.35301 -3.91095 14.7981 
3.2334 -3.27676 14.188 
2.88285 -3.45418 14.6274 
3.17724 -3.57756 14.2345 
2.85595 -3.64046 13.7818 
2.71065 -2.79935 13.4653 
2.84492 -3.02533 14.1662 
3.17943 -3.45705 16.5242 
2.97245 -3.48782 14.6607 
3.62616 -4.12093 17.3704 
2.64762 -3.43973 15.3863 
3.22367 -3.94963 16.0624 
2.86316 -3.05442 15.2797 
2.92428 -3.79107 15.1557 
2.53101 -3.18918 15.033 
2.73696 -3.39333 16.4857 
3.09944 -2.88572 15.9645 
2.80477 -2.94336 17.288 
2.97507 -3.29938 16.6417 
2.72646 -2.80023 16.4195 
2.82236 -2.98762 16.2426 
2.63016 -2.70899 15.6355 
2.56862 -3.10984 17.2326 
1.65014 -2.47761 13.1357 
1.8668 -2.90561 14.8906 
1.9198 -2.36818 15.0847 
2.09329 -2.95413 16.5217 
2.1604 -2.61813 15.1073 
2.30435 -2.59471 16.859 
2.14169 -2.74061 17.9755 
1.85358 -1.99088 14.1441 
2.0858 -2.31227 16.4501 
2.20075 -2.28079 14.5512 
2.12515 -2.71765 17.687 
1.80092 -1.91611 14.5347 
2.02427 -2.52419 16.2065 
1.7324 -1.98998 14.7282 
1.85647 -2.59377 16.4993 
1.85091 -2.47681 15.3584 
1.51245 -1.88329 14.8621 
1.9504 -1.98548 15.0449 
1.9429 -2.0756 15.433 
1.31021 -1.85326 14.9965 
1.61938 -1.92508 14.8345 
1.35382 -2.09755 14.2125 
1.49545 -2.19718 14.7237 
1.62139 -2.28641 16.2375 
1.81122 -2.3964 16.1693 
1.76367 -2.36542 16.4257 
1.51144 -1.96864 14.1566 
1.59506 -2.17912 16.2396 
1.61822 -2.67674 15.6976 
1.53941 -2.41357 15.7918 
1.45175 -1.68549 14.4299 
1.10973 -1.54225 14.5982 
1.054 -1.78329 15.1255 
1.31717 -1.71456 14.8571 
1.38265 -1.79132 15.3402 
1.48298 -1.81518 15.8198 
1.54244 -1.74949 15.1272 
1.33197 -1.54512 15.0962 
1.39341 -2.05679 15.7533 
1.36479 -2.2021 16.5124 
1.24999 -1.88606 15.188 
1.2939 -2.12963 16.1853 
1.07781 -2.13808 16.5614 
1.42575 -2.13277 16.7173 
1.60617 -1.76947 17.0442 
1.14597 -2.21699 16.1505 
1.2249 -2.49627 15.8383 
0.784279 -1.95206 16.22 
1.08481 -1.89586 16.5632 
0.760778 -1.82365 14.7122 
1.04052 -1.95898 15.3272 
0.884713 -1.85196 15.4681 
0.776583 -1.93303 15.7294 
0.810868 -0.974046 14.3545 
0.91171 -1.49809 17.0855 
0.571746 -1.27499 14.2707 
0.926475 -1.50715 16.2166 
0.864423 -1.88407 16.8566 
0.308859 -1.6581 16.112 
0.530305 -1.5495 16.7235 
0.473838 -1.50979 15.4844 
0.883656 -1.75643 18.5377 
0.664332 -1.5624 16.6426 
0.533085 -1.6298 15.7657 
0.301765 -1.4381 14.257 
0.286954 -1.38787 14.7902 
0.453561 -1.09671 15.1402 
0.504547 -1.15379 15.0397 
0.31426 -1.8962 15.9995 
-0.078369 -0.87832 13.5787 
0.403041 -1.53436 15.3148 
0.262676 -1.54123 16.6712 
0.180392 -1.04741 13.9754 
0.357823 -1.40996 15.3558 
0.460914 -1.38165 16.1563 
0.493027 -1.38019 16.9032 
0.0416737 -1.13161 13.8241 
0.385112 -1.65814 15.6502 
0.0287124 -1.16499 16.6399 
-0.0349933 -0.993296 14.6419 
0.151135 -1.48443 16.4122 
0.154877 -1.09532 14.3038 
0.220858 -1.07013 16.4517 
-0.118623 -0.846984 14.7409 
0.0432411 -1.09655 16.0892 
0.263132 -1.01792 15.933 
0.163849 -1.138 16.6665 
0.120506 -1.20019 15.219 
0.261577 -1.2146 16.2386 
0.235216 -1.3288 15.3942 
0.494454 -1.28693 17.6037 
0.0230908 -1.20687 15.3955 
0.124468 -1.23829 16.3749 
0.00470361 -1.14833 15.4259 
0.122444 -1.06113 17.5027 
-0.143622 -0.978197 14.6374 
-0.0497959 -0.627446 14.141 
-0.287939 -0.887416 14.8048 
-0.0441071 -1.04184 15.9295 
-0.366322 -0.95805 15.9963 
-0.11945 -1.26593 16.0549 
0.0113699 -0.759659 15.4344 
-0.318379 -0.966368 16.9668 
-0.293874 -0.803718 16.4342 
-0.537753 -0.605579 15.6792 
-0.634495 -0.0735045 13.7583 
-0.478416 -1.05984 16.705 
-0.396512 -0.635459 15.8245 
-0.564728 -0.175163 15.2544 
-0.249973 -0.825457 15.466 
-0.348806 -0.698505 16.3507 
-0.352335 -0.390913 15.4965 
-0.228365 -0.401928 15.8285 
-0.56179 -0.461254 14.5362 
-0.393967 -0.952453 16.0961 
-0.560032 -0.302989 15.4321 
-0.481292 -0.689863 18.0385 
-0.326669 -0.692442 15.9272 
-0.499743 -0.661871 17.8963 
-0.439682 -0.90932 18.8588 
-0.635812 -0.169415 13.8781 
-0.54671 -0.713657 17.5067 
-0.240715 -0.575997 18.9344 
-0.75219 -0.553651 16.8118 
-0.716092 -0.0442602 16.5311 
-0.750777 0.0770608 14.1033 
-0.955546 0.00589355 15.6302 
-1.07391 -0.194958 16.2046 
-1.12556 -0.173092 17.5519 
-0.892731 -0.277221 15.0038 
-0.931227 -0.00709881 14.7212 
-0.608085 -0.423543 16.6964 
-0.1762 -0.101765 16.829 
-0.323612 -0.335996 16.4897 
-0.517701 -0.395862 17.8654 
-0.369095 -0.377469 16.8442 
-0.694729 -0.367365 17.0716 
-0.677025 0.00642934 16.2281 
-0.165855 -0.139294 16.5238 
-0.52732 -0.373317 17.3071 
-0.517791 0.0492054 16.7215 
-0.527388 -0.477743 15.8871 
-0.732611 -0.179432 15.9277 
-0.877086 0.189851 15.9996 
-1.22664 0.286352 15.0578 
-1.04677 0.58154 13.6061 
-1.15544 0.367387 14.8053 
-1.34331 0.443366 15.183 
-0.808988 0.128081 13.8997 
-1.13837 0.612003 15.3108 
-1.4804 0.947742 14.194 
-1.21347 0.833617 14.1427 
-1.57664 0.519508 15.8501 
-1.66126 0.578415 16.3209 
-1.90884 0.975759 15.6787 
-1.46315 1.1886 14.0515 
-1.48422 0.739065 16.3126 
-1.90646 0.661517 14.9781 
-1.92519 1.25857 13.9588 
-1.86862 0.981436 12.6883 
-1.84004 1.05701 12.0866 
-2.20276 0.919648 13.559 
-2.04976 0.826695 12.7453 
-2.41736 1.11892 13.155 
-2.3371 1.37411 13.0839 
-2.28941 0.567571 13.2985 
-2.37007 1.14226 14.2388 
-2.37554 1.13641 13.5708 
-2.45605 0.964773 13.1971 
-2.31887 1.42563 11.4287 
-2.2746 1.29429 11.283 
-2.09733 1.25177 11.3213 
-2.77194 1.81415 12.4094 
-2.29049 1.52812 12.0778 
-2.37981 1.60092 13.084 
-2.78955 1.90224 12.0599 
-2.52189 1.84331 13.8203 
-2.44544 1.28435 12.7297 
-2.58205 1.67826 12.044 
-2.51252 1.59781 12.4745 
-2.5841 1.50712 12.4629 
-2.92488 1.6287 10.5179 
-3.15462 1.65773 13.0858 
-2.72894 1.63682 10.6577 
-2.94924 1.86009 11.0044 
-2.97824 1.78815 11.4967 
-2.69761 2.02753 8.2351 
-2.68566 1.85182 10.9402 
-3.04394 1.6027 11.0688 
-2.959 1.75209 9.80936 
-2.83651 1.74066 11.0995 
-2.95653 2.01804 9.85221 
-2.83823 1.8772 9.36911 
-3.20061 1.84154 10.4933 
-2.56338 1.96956 9.48037 
-2.94004 1.86083 9.63265 
-2.53829 1.44368 10.88 
-3.30505 1.94581 11.0911 
-3.48525 1.68749 9.74357 
-3.39484 2.23012 9.55889 
-3.47148 2.26618 8.33656 
-3.87849 2.92592 9.90813 
-3.82033 2.43279 9.61113 
-2.99967 2.20245 9.00105 
-3.52655 2.32213 9.63636 
-3.7908 2.45048 8.61874 
-3.71171 2.63037 7.4821 
-3.85205 2.88775 8.80019 
-3.93865 2.51555 7.97497 
-3.56189 2.6067 8.23854 
-3.9243 2.86247 7.95097 
-3.66277 2.77122 6.09653 
-4.79151 2.94112 8.28311 
-3.50867 2.77992 7.42111 
-3.73017 2.42191 7.64668 
-3.68721 2.42108 7.15553 
-4.68014 2.93245 7.92881 
-4.33665 2.72808 7.67275 
-3.9875 2.82638 7.97977 
-3.78639 2.26001 7.70217 
-3.84991 2.4787 7.29638 
-4.14304 2.42365 6.00575 
-4.23216 2.7626 6.54084 
-3.49682 2.51458 6.96407 
-3.98085 2.91229 7.65111 
-3.99179 2.83449 6.04493 
-3.95403 2.72235 6.57401 
-4.29365 2.79559 5.98561 
-3.55054 2.78616 7.3667 
-3.45878 2.79243 6.69238 
-4.45072 3.21124 6.15696 
-3.89855 3.26326 6.28454 
-3.96504 3.24362 5.58858 
-3.81169 2.55577 5.37877 
-4.06443 2.96401 6.42886 
-3.28256 2.53188 5.44813 
-3.80577 3.13001 5.60682 
-3.71621 2.83184 6.11652 
-4.47164 3.38025 5.15734 
-3.49479 2.75893 4.95357 
-4.28867 3.10426 5.98206 
-3.89253 3.09599 4.90801 
-4.16019 3.23263 4.57566 
-3.93743 2.93536 5.47761 
-4.13664 3.27083 5.48399 
-4.03205 2.99049 6.32593 
-3.70759 3.01309 4.84288 
-4.80548 3.55041 3.92336 
-3.5213 3.02809 4.61875 
-4.42117 3.50753 4.1736 
-3.93864 3.15007 4.84518 
-4.34934 3.57512 3.6838 
-4.28596 3.49078 3.72187 
-4.24339 2.93918 3.80711 
-4.0001 2.82661 3.95815 
-4.04441 3.28604 4.61579 
-4.75933 3.86322 3.47885 
-4.01929 2.96265 4.51973 
-4.93077 3.86614 3.60587 
-5.38152 4.27668 2.02627 
-4.06838 3.42495 2.69155 
-4.89012 3.57682 3.23151 
-4.50184 3.67284 2.38556 
-3.72058 3.01293 2.05711 
-4.26791 3.59076 2.84599 
-4.73014 3.45889 2.15999 
-3.8604 2.9339 1.87987 
-4.09902 3.31622 1.80668 
-4.23408 3.83894 2.49422 
-4.13701 3.25781 2.3655 
-4.53818 3.38454 2.28464 
-4.56392 3.85952 2.48728 
-5.27396 4.37469 2.55903 
-3.65763 3.18904 2.65468 
-4.85204 4.10351 2.4536 
-3.9546 3.61172 3.05395 
-4.21373 3.65713 1.72296 
-4.19401 3.98657 2.03725 
-4.48073 3.59177 1.27079 
-4.34904 3.93808 0.871804 
-3.34663 3.06815 2.9215 
-4.09749 3.52941 2.01821 
-4.05367 3.55144 2.11746 
-3.84859 3.48989 2.45709 
-4.5265 3.61146 0.960684 
-3.7182 3.29715 1.54842 
-3.9157 3.62918 1.70236 
-4.07099 3.78979 0.870295 
-3.97755 3.50318 0.577939 
-4.22714 3.49406 0.642009 
-4.24155 3.84364 0.466297 
-4.6028 3.72003 0.139509 
-3.03207 3.01524 0.830753 
-4.32404 3.91164 0.232476 
-3.59703 3.44688 0.267848 
-4.72174 4.32006 -0.912896 
-4.22528 4.06145 -0.476156 
-3.85299 3.89116 -0.251152 
-4.21464 4.05624 0.0457171 
-3.83595 3.51982 -0.1354 
-3.97473 3.56575 0.361324 
-3.99597 3.9147 0.360955 
-3.70596 3.65029 -0.0491391 
-4.09467 3.67886 0.0740463 
-4.01911 3.71021 -0.770821 
-3.71718 3.86709 -0.558301 
-4.57351 3.47626 -1.3814 
-3.75776 3.69778 -0.609672 
-4.06476 4.33036 -1.62229 
-3.95294 3.72089 -0.456757 
-3.74994 3.5985 -1.43054 
-4.34037 3.75503 -1.64761 
-3.74099 3.43939 -1.97443 
-4.2655 4.27703 -1.5293 
-3.70112 3.07563 -0.244299 
-4.54618 4.26335 -1.77939 
-3.47901 3.2746 -0.811545 
-4.15975 3.74229 -0.792526 
-3.3989 3.70272 -1.06247 
-3.89594 4.04686 -2.27752 
-3.47134 3.22815 -1.32636 
-4.31749 3.94737 -2.57745 
-3.47615 3.5752 -1.06341 
-3.89148 3.57966 -1.20026 
-4.04181 4.47037 -2.92381 
-3.39767 3.61207 -2.17084 
-3.94061 3.91167 -2.81615 
-3.94758 3.74655 -1.98028 
-3.46792 3.30453 -2.03892 
-4.27569 4.07536 -3.1752 
-3.54801 3.18834 -3.01593 
-4.09524 4.06394 -3.462 
-3.61687 3.19377 -3.47259 
-3.69682 3.64034 -2.56633 
-3.18128 3.20648 -1.79756 
-3.74423 3.93828 -2.45145 
-3.00511 3.10579 -0.716242 
-4.18269 3.90035 -4.05133 
-3.8557 3.89165 -3.37417 
-3.81519 3.58993 -3.85671 
-3.51818 3.66509 -4.15871 
-4.2682 4.17004 -5.07113 
-3.06369 3.12172 -2.87193 
-3.15379 3.74191 -3.66436 
-3.66111 3.9969 -4.59235 
-3.57855 3.4591 -4.37136 
-3.92242 4.25977 -5.67227 
-3.78969 3.92091 -5.37971 
-3.59574 3.25592 -4.06052 
-3.38283 3.88222 -3.80208 
-3.10631 3.76283 -4.19411 
-3.91692 4.10568 -4.71996 
-2.99558 3.09815 -3.18482 
-4.05688 3.74355 -5.08985 
-3.35305 3.57987 -3.29716 
-3.17872 3.45044 -4.30827 
-3.48082 3.16191 -4.17419 
-3.89296 4.03938 -6.38751 
-3.24961 3.74066 -4.49492 
-3.55892 3.08793 -3.92866 
-3.48969 3.93031 -5.11564 
-3.21157 3.40564 -4.30846 
-3.8224 4.11979 -6.19655 
-3.61309 3.34798 -4.4886 
-3.48941 3.44275 -4.47085 
-3.43907 3.03967 -4.85557 
-3.61289 3.53659 -4.62293 
-3.48018 3.3922 -5.41734 
-3.51824 3.52376 -4.70704 
-2.72258 3.09615 -3.75318 
-3.42362 3.18926 -4.44935 
-3.59865 3.26242 -4.56217 
-3.35163 3.37722 -4.18963 
-3.29796 3.14237 -5.91143 
-3.85921 3.7798 -5.17846 
-3.46221 2.87382 -4.76523 
-3.51231 3.31563 -4.94378 
-3.43221 3.55185 -5.20632 
-3.6747 3.38619 -5.2843 
-3.33191 2.9657 -4.66198 
-3.60948 3.60287 -5.94143 
-3.61089 3.78465 -6.3703 
-3.86527 3.44587 -5.95499 
-3.51036 3.56171 -6.54317 
-3.19382 3.10702 -5.42975 
-3.25113 3.22589 -6.38672 
-3.30614 3.15239 -6.21053 
-3.33176 3.62511 -6.49608 
-3.22738 3.18359 -5.25499 
-3.35802 2.94993 -5.81908 
-3.47271 3.75263 -7.30252 
-3.12712 2.91284 -5.25464 
-3.92752 3.8541 -7.5228 
-3.48169 3.10341 -6.7262 
-3.45268 3.43576 -6.70375 
-3.22928 2.64544 -4.46123 
-3.51034 3.65912 -7.4161 
-3.30083 3.20651 -6.57637 
-3.05253 3.67288 -6.52235 
-3.08286 2.7562 -5.33781 
-3.15299 3.28085 -6.04098 
-3.01398 3.51424 -6.81308 
-3.54398 3.1174 -6.11348 
-3.26912 3.0472 -6.69122 
-3.14829 3.18155 -6.82591 
-3.21981 3.09949 -7.42628 
-3.24484 3.74462 -6.74389 
-2.78801 3.53117 -5.8436 
-3.16256 3.39896 -6.60368 
-3.53666 3.24608 -7.13425 
-3.16763 3.18961 -6.11648 
-3.20989 3.18135 -6.8837 
-3.46056 3.00084 -6.22878 
-3.32648 2.89994 -6.94183 
-3.43079 3.45746 -7.28938 
-3.1011 2.85663 -5.53638 
-3.32362 3.32536 -7.43272 
-2.78951 2.82609 -6.61011 
-3.033 3.51095 -6.57348 
-2.98879 3.04233 -6.98743 
-3.35736 3.15849 -7.22712 
-3.22133 3.28005 -7.92357 
-3.0314 3.28965 -8.03546 
-2.59545 2.44374 -6.29636 
-3.04761 3.24242 -7.32466 
-2.89934 2.88459 -7.02041 
-2.69205 2.6526 -6.57917 
-2.83138 2.65848 -7.54137 
-3.21631 2.4784 -7.20778 
-2.91424 2.55541 -7.03649 
-3.03409 2.78595 -6.68535 
-2.96979 2.50217 -7.21404 
-2.95358 2.25812 -5.89368 
-2.96215 2.16329 -6.00371 
-2.92228 2.6122 -6.61336 
-3.24993 2.99742 -8.76424 
-3.07494 2.53685 -6.42498 
-3.23868 3.07463 -8.52315 
-3.19466 2.50815 -7.47926 
-2.86179 2.22203 -7.14448 
-3.01691 2.30112 -6.87645 
-3.68233 2.92967 -8.71172 
-3.09628 2.69001 -7.75625 
-3.13961 2.94746 -7.97145 
-3.21371 3.12897 -7.52403 
-3.08193 2.86429 -8.48304 
-2.93121 2.4991 -7.24722 
-3.28464 3.0736 -8.14709 
-3.13805 2.54497 -6.94868 
-3.0796 3.06841 -8.52399 
-3.2543 2.89103 -9.56852 
-3.1169 2.60679 -7.42856 
-3.02271 2.86765 -7.84928 
-2.89773 2.49182 -6.5214 
-3.25312 3.32539 -7.94726 
-2.9258 2.58295 -7.14498 
-3.26244 2.92356 -9.38358 
-2.74189 2.45564 -7.17009 
-2.60841 2.81646 -7.66257 
-2.62422 2.49082 -6.70394 
-2.77043 2.57386 -8.72321 
-2.93784 2.36969 -8.71276 
-2.47123 2.29243 -7.53439 
-2.82351 2.59794 -8.56362 
-3.05302 2.6794 -8.4994 
-2.96857 1.76721 -7.00451 
-2.96682 2.36437 -6.7838 
-2.41106 2.16383 -7.38358 
-2.8682 2.4064 -7.74104 
-3.28806 2.61695 -10.3251 
-3.20831 2.39616 -7.9339 
-3.17041 2.70247 -9.16522 
-3.2346 2.56421 -8.92564 
-2.89089 2.26048 -7.97515 
-3.33135 2.07702 -8.50011 
-3.29641 2.63083 -9.63777 
-2.94961 2.11863 -8.14705 
-2.99446 2.02921 -8.55903 
-2.9532 1.67779 -6.81419 
-2.87607 1.77613 -6.2693 
-2.88096 2.08606 -7.95865 
-3.19621 1.95254 -7.4024 
-3.37135 2.05153 -9.77433 
-2.75159 2.26368 -7.19793 
-2.96928 1.71978 -8.10382 
-2.604 1.8458 -7.16157 
-2.91178 2.01076 -7.79554 
-3.1441 1.86716 -7.49713 
-2.62122 1.5852 -6.12451 
-2.80915 1.89744 -7.589 
-3.13556 2.42189 -8.48698 
-2.74294 2.36072 -8.85846 
-2.92465 2.10357 -9.05152 
-3.26419 1.91309 -7.34688 
-3.15477 2.04904 -7.691 
-2.8009 2.14078 -7.77479 
-3.12148 2.25754 -8.59039 
-3.16781 2.43166 -8.65759 
-2.79194 1.95257 -7.4367 
-3.11699 2.28639 -9.22727 
-2.62743 2.02617 -7.51197 
-2.98891 1.74923 -8.60593 
-2.98438 2.26165 -9.03196 
-2.86467 2.23766 -7.08606 
-2.78623 1.9068 -7.88667 
-2.78862 1.96052 -9.49633 
-2.30547 1.38819 -8.10766 
-2.75583 1.73991 -8.00332 
-2.56839 2.43428 -9.00256 
-2.65768 1.89606 -7.36043 
-2.86713 1.70072 -7.64255 
-2.8783 2.27992 -8.94507 
-2.75317 2.4649 -9.54731 
-2.71354 1.88481 -8.03551 
-2.96013 2.382 -8.74573 
-2.62631 1.93241 -6.78174 
-2.89407 1.99983 -6.53445 
-2.80214 2.28391 -8.33476 
-2.43659 1.55082 -7.21631 
-2.69947 1.71498 -7.23064 
-2.72061 1.83271 -6.16389 
-2.47831 2.31936 -6.17258 
-2.54631 1.96543 -6.23948 
-2.43398 2.15412 -6.01877 
-2.75185 1.97413 -7.11697 
-2.53539 1.73424 -6.18048 
-2.74205 2.12365 -5.81697 
-2.70776 2.1561 -7.84439 
-2.29729 1.90111 -5.5459 
-2.703 1.94965 -6.74937 
-2.76741 2.34123 -8.7113 
-2.72783 1.5696 -7.81479 
-2.80885 2.06895 -7.57449 
-2.78626 2.10851 -6.44995 
-2.44906 2.13456 -7.54947 
-2.60114 2.14343 -7.74078 
-2.38251 1.79954 -6.43615 
-2.88174 1.83767 -7.46876 
-2.654 2.38084 -8.27949 
-2.65236 2.41055 -6.17545 
-2.56654 2.39135 -7.58022 
-2.98837 2.14866 -7.90887 
-2.95008 1.46459 -4.28683 
-2.33977 2.42281 -6.52805 
-2.68395 2.45113 -8.45406 
-2.41988 2.19733 -6.6068 
-2.50768 2.38309 -7.94153 
-2.50261 2.45676 -8.53769 
-2.85613 2.3422 -11.7534 
-2.52926 2.42787 -10.6024 
-2.30582 2.10603 -8.27978 
-2.41048 2.05217 -6.93322 
-2.32067 1.99336 -6.77681 
-2.63874 2.25343 -7.88181 
-2.76428 2.52807 -7.87136 
-2.2379 2.67357 -7.72938 
-2.39241 1.89234 -7.25268 
-2.18154 2.21336 -5.41885 
-2.70259 1.69908 -7.09173 
-2.34196 1.76695 -6.54072 
-2.59568 1.94599 -7.08858 
-2.42454 1.8954 -5.94276 
-2.16406 2.27318 -8.66202 
-2.54946 2.15233 -6.512 
-2.52476 1.87828 -6.66794 
-2.24122 1.88357 -7.35107 
-2.34499 1.57763 -7.14698 
-2.33429 2.10864 -7.24172 
-2.35105 2.12334 -9.61489 
-2.46379 2.52521 -8.07103 
1.68378 -0.635849 -0.418979 
1.54584 -0.297228 -1.94471 
1.93573 -0.689308 -0.563188 
1.82524 -0.746063 -0.122564 
1.40507 0.033832 0.0890199 
0.826481 0.0716911 -1.50041 
1.5045 0.140947 -1.43417 
0.854393 0.223471 -0.201184 
1.57159 -0.546405 -0.107517 
1.5851 -0.423152 -0.141404 
1.48878 -0.429899 0.324063 
1.70444 -0.504351 0.932099 
2.17667 -0.970665 1.62452 
2.02379 -0.436798 1.01621 
1.58064 -0.802886 1.78919 
1.67495 -1.03063 1.3918 
1.92559 -0.956833 1.50219 
1.75305 -0.740173 1.60365 
1.50028 -0.489207 1.32821 
1.20087 -0.37005 2.37328 
1.04298 -0.201661 -0.717175 
1.01511 0.286317 0.815314 
0.500244 0.4212 2.08611 
0.896149 0.0435269 2.57386 
1.04446 -0.344163 0.999367 
1.39253 0.0269806 2.19167 
1.03287 0.0395131 1.59264 
1.13193 -0.537846 3.0713 
1.544 -0.432676 2.44029 
1.76805 0.00550145 2.43636 
1.6775 0.25626 3.2192 
1.4659 0.108457 3.31676 
0.786598 0.306593 3.41046 
1.18626 0.131362 2.27414 
0.883055 0.468996 2.9845 
0.861114 -0.0469768 3.80617 
1.08377 -0.336777 3.70782 
1.06287 -0.135722 3.93741 
1.20698 0.367392 4.40947 
0.679888 -0.308242 2.99565 
0.951726 0.145172 2.22904 
1.23762 0.113721 3.71339 
1.55025 -0.012984 4.44517 
1.51579 -0.419653 5.76677 
1.15957 -0.415307 3.76977 
1.01087 -0.106663 3.52278 
0.904545 0.115261 3.3202 
0.727374 0.0932458 3.22449 
1.14994 0.105977 3.94033 
0.520783 0.0193741 4.68338 
0.623383 0.52905 4.40057 
0.792969 0.0190662 4.43845 
1.19064 -0.0279124 5.07007 
0.623698 0.175809 4.32614 
1.10239 -0.0733293 5.86656 
1.47406 -0.224159 5.37861 
0.853761 -0.531386 4.75841 
1.24548 0.379533 4.79013 
0.71643 0.265517 4.96866 
0.756405 -0.447816 3.92953 
0.913575 -0.400919 4.85715 
0.855744 0.45925 4.92077 
0.360007 0.0756995 5.01185 
0.804385 0.278076 4.05596 
0.714646 0.0364237 5.58843 
0.43341 0.43171 5.16301 
0.177715 0.246681 6.28768 
0.825463 -0.574262 7.32863 
0.228092 0.234369 5.55035 
0.255739 0.573286 4.8571 
0.481882 0.363159 5.38291 
0.285981 0.243027 5.49763 
0.0369057 0.318397 4.7581 
0.251148 0.433669 5.85095 
0.104493 0.762768 5.38353 
-0.233978 0.540829 4.94415 
0.117653 0.796943 6.66724 
0.0118383 0.365312 5.33805 
0.337523 0.221877 7.12071 
-0.0590974 -0.136386 7.49488 
0.12426 0.167827 6.04324 
0.206276 0.562822 7.3052 
0.196747 0.176523 6.79513 
-0.275723 0.443793 4.61698 
-0.328218 0.795139 5.73115 
-0.101834 0.0512286 6.61192 
-0.160191 0.340688 6.25296 
0.373352 0.152463 6.12711 
-0.176756 0.403168 5.28238 
0.0282845 0.630845 5.45711 
0.0500219 0.323179 7.02629 
0.0640255 -0.118739 6.1483 
0.0218867 -0.266604 6.6969 
-0.582514 0.021382 5.31038 
-0.232138 -0.609242 5.6845 
-0.400403 -0.0335537 6.012 
-0.0793425 0.165692 6.61539 
-0.445586 0.24397 6.57205 
-0.426022 0.102884 5.4707 
-0.784403 0.18383 6.25505 
-0.148634 0.12049 5.48834 
0.170461 0.262003 5.8411 
-0.149322 -0.0138502 5.43995 
0.0766957 -0.430077 6.73768 
0.158074 -0.21909 6.586 
-0.138709 -0.248251 5.9514 
-0.228971 0.352392 3.71582 
-0.0288072 0.260342 5.96079 
0.0130684 -0.121029 7.60721 
-0.138269 -0.342124 6.24201 
-0.100304 -0.333367 5.34967 
-0.70844 0.00832765 5.84272 
-0.490914 0.29155 5.6563 
-0.269532 0.0191209 4.91678 
-0.761311 0.460009 3.93481 
-0.796445 0.0119243 4.8175 
0.0727564 -0.2993 7.3921 
-0.399199 0.460738 6.73363 
-0.844576 0.434283 6.03057 
-1.03372 0.268196 5.17869 
-0.744282 0.0535466 6.35382 
-0.291305 0.157048 5.07521 
-0.282182 -0.263192 6.09997 
-0.19752 0.0409038 6.0245 
-0.554162 0.108241 5.99368 
-1.05729 -0.0883292 5.50302 
-0.567587 0.390417 6.92995 
-0.554032 0.475742 5.34059 
-0.460352 0.0431205 5.93986 
-0.752798 -0.10816 7.05026 
-0.489778 0.030707 5.08238 
-0.563719 -0.186208 5.86524 
-0.965221 0.557728 5.58365 
-1.10192 0.682877 4.24673 
-1.03731 0.953334 5.0837 
-1.22756 0.816942 5.78672 
-1.17147 0.41674 4.96973 
-0.858421 0.420451 5.90723 
-0.598881 0.315576 5.16917 
-0.850452 0.0327638 5.2385 
-0.67347 -0.210455 6.48178 
-1.053 -0.221576 5.67249 
-0.862377 0.0481753 6.70547 
-1.01941 0.323065 6.30266 
-0.954787 0.385779 5.15513 
-1.12688 0.412083 6.18588 
-0.970673 0.571248 4.92689 
-1.38051 0.681147 3.99368 
-0.792498 0.430943 6.37825 
-0.47372 0.185263 7.74078 
-1.00075 0.0199497 6.97693 
-1.01521 0.208088 5.71952 
-1.19336 1.05756 5.04538 
-3.59599 3.78616 1.42275 
-3.62716 3.74918 2.16109 
-3.56613 3.65947 0.282289 
-3.18262 3.59025 0.553757 
-3.26016 3.06298 0.538714 
-3.64385 3.37042 0.46143 
-3.12059 3.80785 0.918073 
-3.29086 3.89181 1.24967 
-2.92394 3.17188 0.559896 
-3.65386 3.70035 -0.237717 
-3.50281 3.60414 0.0760396 
-3.62392 3.99699 1.11858 
-3.42585 4.11582 0.256901 
-3.20856 3.63589 0.417692 
-3.0166 3.42365 -1.42856 
-2.88465 3.61913 0.152425 
-2.8404 3.65149 -0.802756 
-3.0381 3.41446 -0.729658 
-3.12874 3.43713 0.386563 
-3.35456 3.97654 1.1023 
-3.14758 3.48856 0.395487 
-3.03205 3.47222 1.23392 
-3.34166 3.79741 1.39964 
-2.93914 3.3584 1.34681 
-2.5534 2.98549 0.331616 
-3.05995 3.52268 -0.309835 
-3.3426 3.44703 1.64798 
-3.39365 3.9253 2.11454 
-3.48193 3.59007 1.09611 
-3.10805 3.00057 -0.693032 
-3.05308 3.16933 0.249174 
-2.92243 3.21669 1.28648 
-3.12674 3.81573 0.804994 
-3.56667 3.76836 1.35002 
-3.47371 3.23824 -0.128616 
-2.9313 3.35926 0.624123 
-2.94729 3.22458 0.669022 
-3.19565 2.77896 -2.24853 
-2.97055 2.72109 -2.1975 
-3.39352 3.06586 -0.272034 
-2.85883 2.79147 0.0398386 
-2.89087 2.57327 0.0135756 
-2.9189 2.62956 -1.18808 
-3.17676 2.99801 0.145139 
-2.99221 2.86485 -0.0334351 
-2.77677 3.04381 -0.761849 
-2.70484 2.33484 -1.03699 
-2.89517 2.86846 0.464335 
-3.33692 2.79635 -1.27954 
-3.40945 2.75476 -1.36663 
-3.08288 2.78522 -0.912495 
-3.83309 3.18998 0.286665 
-3.08499 2.50952 -1.88267 
-3.35607 2.42066 -1.05539 
-3.11323 2.90462 -0.0189224 
-3.37632 3.06934 1.30245 
-3.39964 3.15533 0.869263 
-3.70999 3.62683 1.57584 
-3.61202 3.23804 2.27743 
-3.74477 3.11184 1.12951 
-3.9167 3.35218 1.22472 
-3.5804 2.92328 -0.721193 
-3.36142 3.24935 1.47767 
-3.16318 3.51304 0.181852 
-3.28757 3.37063 0.414986 
-3.27967 3.78815 -0.495388 
-3.12506 3.95743 0.90728 
-3.39333 3.93696 0.780673 
-3.37202 4.05864 -1.39077 
-3.20461 3.68357 -0.0297875 
-3.29946 3.59514 1.93197 
-3.06457 3.47002 0.924471 
-3.44951 3.83728 -0.599227 
-2.9777 3.58453 -0.96884 
-2.9035 3.89787 -0.600568 
-3.49488 3.68399 0.161679 
-3.20647 3.92396 -0.715294 
-3.29777 3.6798 0.127212 
-3.21902 3.68537 -1.1133 
-3.1896 3.49935 -1.21086 
-3.11454 3.3256 -1.8612 
-3.3756 3.60725 -0.663849 
-3.47245 3.89237 -0.0139283 
-3.28147 3.53678 0.0774208 
-2.98715 3.22286 -0.0248878 
-3.20838 3.44874 0.469737 
-3.35565 3.83695 1.0639 
-3.79267 3.88082 0.868095 
-3.13666 3.54791 0.506935 
-3.42729 2.94172 -2.25091 
-3.33024 3.34699 -0.641766 
-2.82688 3.38892 1.81451 
-3.42214 3.90764 -0.399062 
-2.7407 3.15107 -0.133745 
-2.95043 2.59153 -2.12203 
-3.01268 2.75632 -3.14177 
-3.20247 3.02879 -1.67931 
-2.95634 3.13375 -0.368778 
-2.89089 3.46313 -2.5262 
-2.74682 3.57751 -3.19114 
-2.79283 3.59939 0.687374 
-2.99473 3.04713 0.267041 
-3.05013 3.38484 -0.0838838 
-2.92523 3.10396 -1.76058 
-2.6293 3.03986 1.55362 
-2.58129 2.93623 1.21589 
-2.3843 2.84977 0.00304246 
-2.61277 2.87613 -0.215685 
-2.84067 2.94145 -0.0912301 
-2.5311 3.20982 0.281804 
-2.54223 3.18916 0.122663 
-2.60858 3.12719 0.685943 
-3.05797 3.74688 1.39338 
-2.65175 3.35854 0.292593 
-2.56451 3.27192 0.853821 
-2.76016 3.15836 0.377985 
-2.49898 3.14048 1.43933 
-2.66401 3.74401 2.82937 
-2.78316 4.38286 2.83993 
-2.66109 3.70685 1.89868 
-2.68743 3.19588 2.1204 
-2.60385 3.63657 3.94925 
-2.63496 3.5104 2.313 
-2.72103 3.20602 1.89876 
-2.65857 3.16942 2.96298 
-3.06281 3.24655 2.50095 
-2.73072 3.32974 3.08629 
-2.16388 2.99594 0.810909 
-2.185 2.72779 -0.0116216 
-2.05089 2.75848 0.917423 
-2.07655 2.6235 0.657406 
-2.17725 2.65856 -0.15782 
-2.56813 2.86828 -0.638322 
-1.8281 2.94924 2.00004 
-1.80056 3.06488 2.80512 
-2.23722 3.47276 1.47621 
-2.22654 3.33639 0.920684 
-2.28598 2.89314 -0.0403946 
-2.12285 3.04045 0.833082 
-2.31323 3.00296 -0.883741 
-2.25369 2.92833 0.127752 
-0.966002 2.79532 4.92342 
-0.930866 2.90777 4.67983 
-1.6554 3.09125 3.3321 
-1.15684 2.73061 4.55381 
-0.699288 2.6436 6.65023 
-1.32505 2.81801 4.4361 
-1.66587 2.56781 3.36667 
-1.05169 2.99744 5.79614 
-0.982828 2.36094 5.24148 
-1.13501 2.96992 5.13317 
-1.6133 2.80619 3.31917 
-1.07093 2.72034 5.56236 
-0.974186 2.6223 5.9909 
-0.317204 2.82686 7.96197 
-0.672098 2.86316 7.02425 
-1.63865 2.50238 3.83022 
-1.00004 2.70991 5.29615 
-1.5211 2.2775 4.50096 
-1.35907 2.19279 3.89257 
-1.13122 2.39389 4.86269 
-1.29455 2.84835 5.23147 
-1.06068 2.85547 5.53861 
-1.44814 1.43428 6.94674 
-1.52188 0.669454 9.29711 
-1.57273 1.03258 9.21295 
-1.48136 1.48397 8.01108 
-1.15287 1.4035 7.8585 
-1.48983 0.998175 8.04096 
-1.50928 1.31704 8.30697 
-1.58105 1.01862 9.05891 
-1.19426 0.38312 13.1521 
-1.4959 0.031279 11.9839 
-0.935966 0.243427 11.5371 
-1.24054 0.33455 10.9933 
-1.22182 0.660345 8.66402 
-1.41109 1.62489 6.90764 
-1.25124 1.71045 6.49556 
-1.64268 1.32283 8.86558 
-1.21173 1.56697 7.57688 
-1.28109 1.15545 8.21737 
-1.05482 1.28172 9.57139 
-1.21953 0.813632 9.21338 
-1.37547 0.826591 9.63704 
-1.16523 2.1807 6.75597 
-1.0391 1.16478 9.67725 
-1.48691 2.35828 4.74508 
-1.09215 0.808593 10.0972 
-1.39666 1.30251 7.63232 
-1.1852 0.633021 10.9948 
-1.23159 1.17643 8.27153 
-1.31422 1.21129 8.47286 
-1.23209 1.01033 10.2044 
-1.53205 1.4985 8.32149 
-1.54131 0.610537 9.72771 
-1.1268 1.21183 8.14889 
-1.17681 0.875461 9.87018 
-1.16358 0.98583 10.5782 
-1.87819 0.317784 8.81117 
-1.27774 0.258145 7.58704 
-1.49764 0.595903 8.77415 
-1.36713 1.61034 6.93396 
-1.47824 0.730965 9.15907 
-1.15462 0.202159 8.63994 
-1.16067 1.18365 7.47676 
-1.59225 0.774596 8.92365 
-1.48799 0.810444 8.18183 
-1.42137 0.293666 8.50637 
-1.49769 0.352841 10.2241 
-1.08569 0.964141 7.86854 
-1.41652 0.811408 7.0879 
-1.09839 0.879688 8.9676 
-1.45401 0.91589 7.36149 
-1.37624 1.09274 8.4715 
-1.25854 0.376933 9.28897 
-1.04512 0.497157 9.11114 
-1.58165 -0.547767 11.3607 
-1.32754 -0.0251599 10.1372 
-1.45159 0.244186 10.0715 
-1.36737 0.346244 10.1785 
-1.32199 0.766675 9.00672 
-1.34484 0.648533 10.3268 
-1.44252 0.328504 9.3363 
-1.47015 -0.00565189 10.0708 
-1.43472 0.709204 9.39093 
-1.23452 0.607876 9.0917 
-1.24477 -0.120178 10.7874 
-1.54667 -0.0978288 12.3703 
-1.41228 0.611276 9.15627 
-1.16681 0.640474 8.85351 
-1.5365 -0.324794 11.0189 
-1.45302 -0.525734 12.9874 
-1.0941 1.09234 8.64104 
-0.974037 0.413186 10.0877 
-1.74459 -0.205584 11.5499 
-1.32462 0.0326105 11.1223 
-1.38933 0.407488 10.3585 
-1.23075 0.291146 9.04312 
-1.46823 -0.659197 10.5609 
-1.30216 -0.30514 9.83133 
-1.59137 -0.0560646 9.35709 
-1.5516 -0.625236 9.47201 
-0.957943 -0.151332 8.60041 
-1.2679 0.0895335 8.18539 
-1.37913 -0.214641 10.3073 
-1.25039 -0.51235 10.1715 
-1.20677 -1.0424 10.3953 
-1.15658 0.205842 8.36726 
-1.29415 -0.563568 11.6381 
-1.04803 0.17371 9.29178 
-1.01285 0.0633721 9.93525 
-0.973173 -0.258102 9.46266 
-0.990943 -0.0125465 9.43138 
-0.977079 -0.721775 10.0642 
-1.16252 -0.453944 9.2013 
-1.26796 -0.275547 10.9176 
-0.952309 -0.790138 10.0293 
-1.13209 -0.11129 8.97335 
-0.676121 -0.13941 8.73021 
-1.00604 -0.559109 10.3958 
-0.641442 0.0961727 9.56337 
-1.16484 -0.692895 9.36492 
-1.10264 -0.752883 10.9886 
-1.21294 -1.16852 11.2181 
-0.752247 -0.336377 10.3022 
-0.950248 -0.457296 10.0542 
-0.902799 -0.67099 10.4929 
-0.823602 -0.572254 11.8061 
-0.713221 -0.818948 13.6612 
-0.878162 -0.255835 11.4865 
-0.640702 -0.4141 12.1154 
-0.916104 -0.381402 10.4834 
-0.55766 0.0387733 11.6706 
-0.607572 0.162803 10.833 
-1.09371 -0.406394 11.555 
-0.728121 -0.618717 10.575 
-0.873748 0.546056 9.81182 
-0.575549 -0.834069 12.9652 
-0.761379 -0.571676 11.0871 
-0.816483 -0.976768 11.3725 
-0.711933 0.0856566 10.5958 
-0.514146 0.309679 8.9279 
-0.714084 -0.384306 10.5623 
-0.694275 -0.660572 11.4298 
-0.717072 -0.645481 12.2659 
-0.821577 -1.04982 12.0314 
-0.810708 -0.259889 10.2732 
-0.759446 -1.19433 11.3025 
-0.36136 -0.585072 10.687 
-0.761709 -1.62826 11.7681 
-0.544483 -0.539941 10.244 
-0.584102 -0.871235 11.1896 
-0.527832 -0.85311 11.0392 
-0.726141 -0.878689 11.0363 
-0.360142 -0.446725 9.79645 
-0.461246 -1.53612 11.0669 
-0.597264 -1.17073 11.0469 
-0.281699 -1.42735 12.6426 
-0.551254 -1.82096 12.7245 
-0.300598 -1.31873 11.3642 
-0.374073 -1.08968 10.5003 
-0.46331 -0.150417 8.87531 
-0.221911 -0.560493 10.7899 
-0.471166 -1.72261 13.5854 
-0.370358 -0.916628 9.31036 
-0.516163 -0.802115 10.3287 
-0.28713 -1.82781 11.5844 
-0.320333 -1.19228 11.9445 
-0.369124 -0.909014 10.4544 
-0.460162 -1.40488 11.4055 
-0.224466 -0.72921 10.2906 
-0.660694 -1.13852 11.2414 
-0.336418 -1.35297 12.7763 
-0.295776 -1.77876 13.5502 
-0.285233 -1.10684 11.1912 
-0.412247 -0.90595 11.7801 
-0.174213 -1.18112 11.1566 
0.183701 -1.6518 12.0209 
0.131898 -1.50222 11.4517 
0.290458 -1.91907 13.0991 
0.0840785 -1.41567 11.6088 
-0.130507 -1.51392 11.4237 
0.0519002 -1.71859 12.3588 
-0.0630754 -0.648832 9.94085 
0.198365 -2.08888 11.6639 
0.171643 -1.63442 11.4443 
0.174315 -1.74467 12.4547 
0.0656251 -1.92244 11.9517 
-0.00749251 -1.11198 10.4524 
0.132972 -1.55435 11.8435 
0.224443 -1.27532 10.6578 
0.149753 -1.81977 11.5599 
0.180352 -1.50524 9.82638 
0.151262 -2.65674 13.4815 
-0.206034 -1.69211 11.5785 
-0.231565 -1.19027 10.2269 
0.0662822 -1.91645 11.1864 
0.21805 -1.58473 11.9952 
0.347731 -2.0747 11.5719 
0.302258 -1.14024 10.8412 
0.52681 -2.48326 13.0574 
0.054377 -1.93653 11.4232 
0.0181678 -1.89995 11.7114 
0.0539745 -1.50303 10.5596 
0.433112 -1.49984 11.2564 
0.338979 -1.32202 10.475 
0.224572 -2.08455 10.9126 
0.528336 -2.1203 11.199 
-0.0514108 -2.00552 10.861 
0.372051 -2.45307 11.6832 
0.0476656 -1.78141 12.0858 
-0.0130781 -1.53248 11.2165 
0.0168926 -2.49482 10.7538 
0.831071 -1.8936 12.6615 
0.686817 -1.20019 12.0314 
0.832703 -1.85572 13.426 
0.84123 -1.86107 12.1643 
0.768649 -1.78076 12.0132 
0.527299 -1.63109 11.3572 
-0.224622 -1.39398 9.83655 
0.409941 -1.85904 11.1737 
0.450148 -1.72187 10.7665 
0.373793 -1.76172 10.5993 
0.29117 -1.82302 11.328 
0.0405409 -1.3964 11.7291 
0.574586 -2.48386 12.2896 
0.121039 -1.97939 11.9166 
0.644786 -2.24362 12.9256 
0.659028 -1.89306 12.3457 
0.195429 -1.63669 10.218 
0.639675 -2.24708 12.2605 
0.319116 -1.65014 9.9079 
0.872865 -2.29317 11.4615 
0.553584 -2.28902 10.0363 
0.481331 -2.1491 11.5819 
0.749451 -2.5335 11.9427 
0.569278 -1.66263 9.74148 
0.571617 -1.99782 11.7464 
0.279671 -1.84397 11.2652 
0.41039 -2.12215 9.60303 
0.399539 -2.17816 10.5461 
0.659253 -2.45841 11.7098 
0.477121 -2.04986 9.4048 
0.338323 -2.63251 10.4675 
0.19141 -2.23709 10.1289 
0.897648 -2.45722 9.68135 
0.59791 -2.20395 8.33187 
0.450178 -1.42968 8.47945 
0.675886 -1.80246 8.33061 
0.474683 -2.48842 8.83423 
0.124228 -2.10438 7.60149 
0.65459 -1.90502 8.68496 
0.376944 -1.89823 8.49652 
0.601633 -2.12046 7.43631 
1.13036 -2.59195 9.76066 
0.513259 -2.05336 8.38003 
0.742989 -2.52078 8.80267 
0.4453 -2.5145 8.90961 
-0.13961 -2.62597 5.15758 
-0.185866 -2.24816 5.53947 
0.484359 -2.76117 6.69482 
0.207895 -2.37324 6.00732 
-0.0209392 -2.23287 5.25392 
-0.35526 -2.13581 5.31357 
-0.735204 -0.561135 -12.5093 
-0.922777 -0.576811 -13.2122 
-1.30117 -0.845393 -10.7628 
-1.07931 -0.583602 -10.4451 
-1.38222 -0.598944 -10.1144 
-1.31752 -0.716689 -11.0677 
-1.16944 -0.583667 -10.1619 
-0.897939 -0.778098 -12.1997 
-0.97486 -0.915198 -11.388 
-1.05361 -1.21085 -11.3758 
-1.23723 -0.969906 -11.3814 
-1.23514 -0.554712 -10.2055 
-1.452 -0.378108 -9.15006 
-1.04745 -0.753053 -8.9069 
-0.64734 -0.635311 -10.8561 
-0.819583 -0.672794 -12.1188 
-1.10942 -0.936061 -11.6465 
-0.972525 -0.613991 -12.1952 
-1.16212 -0.438651 -12.1975 
-1.13555 -1.1471 -9.99243 
-0.915333 -0.741394 -12.5608 
-1.24514 -1.11747 -12.5244 
-1.30961 -0.890233 -10.3151 
-0.910372 -0.983306 -11.6944 
-0.96419 -1.02871 -9.62316 
-1.27599 -0.944107 -11.1277 
-1.03747 -1.41332 -14.0247 
-0.913451 -1.63457 -12.1469 
-1.10504 -1.02878 -9.73062 
-0.902183 -0.84614 -12.1915 
-0.934927 -1.31161 -13.6239 
-1.22228 -1.00026 -11.3076 
-0.897358 -1.52999 -9.31337 
-1.09851 -0.911734 -9.96885 
-0.527607 -1.16752 -13.0749 
-0.669909 -1.55467 -13.8009 
-0.985738 -1.02746 -11.7819 
-0.977232 -0.997828 -10.7346 
-0.785182 -1.23572 -13.5277 
-1.00716 -1.48492 -13.6902 
-0.656694 -1.46981 -14.076 
-0.414339 -1.16179 -12.6547 
-0.801025 -0.965126 -10.3878 
-0.781233 -1.15885 -11.7042 
-0.193448 -1.30289 -13.2355 
0.406553 -1.67784 -10.7981 
-0.360853 -1.42589 -10.9123 
0.528295 -1.88551 -13.6081 
0.595086 -1.71236 -11.3819 
0.182458 -1.3264 -10.7827 
-0.117027 -1.68393 -11.3216 
0.0238777 -1.73257 -11.8233 
0.350114 -1.98149 -11.9504 
-0.0306974 -1.3796 -9.74752 
0.124317 -1.90019 -9.40256 
0.51847 -2.09052 -10.7311 
0.788452 -2.08406 -11.8332 
0.473289 -1.89284 -11.0723 
0.777147 -2.63086 -12.5901 
0.73057 -2.26118 -10.7105 
0.522111 -1.96101 -10.866 
0.264274 -1.92232 -9.85717 
0.242562 -1.75179 -9.45292 
0.511494 -1.79483 -9.53167 
0.867193 -2.13075 -9.76052 
1.19027 -2.11927 -9.89696 
0.64785 -1.77531 -8.7743 
0.680696 -1.9831 -11.2001 
0.570571 -1.93712 -9.1448 
0.504884 -2.04539 -9.76036 
1.02431 -2.49476 -9.22648 
1.19254 -2.32997 -9.10674 
0.635596 -2.18188 -9.74668 
0.559725 -2.45608 -10.1769 
1.30951 -2.53055 -10.3007 
1.76155 -2.94371 -10.6302 
0.634843 -2.17552 -9.41453 
0.695256 -2.29097 -9.87571 
0.98915 -2.08497 -10.3102 
1.42587 -2.79166 -9.68774 
1.01806 -2.21148 -9.00503 
1.61061 -2.7532 -9.10254 
1.41927 -2.42904 -10.1842 
1.49501 -2.76225 -9.69273 
1.38105 -2.84547 -9.84669 
1.78192 -3.19217 -8.97293 
1.35502 -2.77942 -8.60247 
1.44574 -3.07914 -9.73005 
1.05734 -2.55892 -7.38176 
1.16975 -2.56176 -7.30705 
1.46673 -2.90712 -7.80703 
1.90728 -3.12588 -8.3675 
1.22092 -2.84136 -7.1102 
2.10985 -3.0501 -8.47742 
2.05596 -3.07091 -9.07499 
1.46204 -2.44554 -7.74102 
1.58626 -3.17463 -6.90203 
1.12513 -2.88513 -7.26405 
1.93454 -3.25753 -7.33431 
1.79697 -3.50577 -7.20331 
2.91972 -3.47639 -7.28629 
1.81482 -3.04976 -7.41534 
1.28022 -2.65485 -6.38271 
1.84717 -3.74666 -7.07333 
1.19327 -2.384 -6.91187 
1.96509 -3.73281 -7.37622 
2.03635 -3.2812 -5.66884 
2.72566 -3.51951 -5.60775 
1.80866 -3.3052 -5.4587 
2.15575 -2.92234 -5.83001 
2.01357 -3.20136 -5.816 
2.19203 -3.46765 -6.21599 
1.95931 -3.26789 -5.4408 
3.33154 -3.88422 -6.11246 
2.20724 -3.37031 -5.69946 
2.43119 -3.20699 -5.92739 
2.13231 -2.38836 -5.41985 
2.53983 -3.55319 -5.41849 
1.94094 -3.37447 -5.63146 
2.55201 -3.58101 -5.03255 
2.40821 -3.38989 -4.36499 
2.64985 -3.96275 -4.76884 
2.28181 -4.02225 -5.17516 
2.33764 -3.9031 -4.16872 
2.58429 -3.96741 -5.27821 
2.60319 -4.00228 -4.6497 
2.28556 -3.44239 -4.65652 
2.28215 -3.47641 -4.21406 
2.36621 -3.51842 -4.07447 
2.35471 -3.66983 -3.79082 
2.57109 -4.3381 -3.9705 
2.27491 -3.47382 -4.28445 
2.75262 -4.38442 -4.17506 
2.25507 -3.80834 -3.58678 
2.50769 -4.391 -3.33074 
2.76921 -4.51348 -3.49591 
2.43244 -3.60206 -3.13561 
3.0226 -4.67093 -2.48873 
2.53181 -3.80028 -2.5256 
2.41708 -4.09521 -3.18294 
2.65079 -4.11005 -2.95575 
2.58255 -5.10602 -2.81964 
3.28474 -4.70067 -2.82716 
2.08855 -3.81974 -1.78821 
2.59269 -4.46532 -2.01121 
3.09905 -4.83293 -0.758006 
2.46274 -4.45258 -1.06224 
2.36456 -4.43604 -1.30423 
2.76792 -4.74317 -0.516266 
2.80926 -4.31328 -1.57504 
2.23956 -4.72853 -0.843151 
2.56867 -4.10716 -0.270594 
2.00272 -4.20238 -1.30908 
2.7384 -5.01756 -0.186462 
2.49034 -4.57003 -1.61776 
2.05101 -4.30535 -1.31094 
2.12621 -4.16065 -0.824784 
2.7101 -4.7277 0.746595 
2.59539 -5.06627 -0.130655 
2.45426 -4.67146 -0.35383 
2.07771 -4.18451 -0.178545 
2.00949 -4.21571 0.63354 
2.45087 -4.53172 1.20096 
1.94979 -4.5305 0.910776 
2.70096 -4.89876 1.49234 
2.00557 -4.209 1.85295 
2.19202 -4.78265 1.65957 
1.51291 -4.77977 2.13186 
1.4517 -4.34859 2.17604 
1.32857 -4.05911 1.57611 
1.37552 -4.73406 1.34955 
2.05463 -5.13299 3.01023 
2.43435 -5.16758 2.88563 
1.79507 -4.85786 2.87895 
1.57414 -4.43901 2.51281 
2.01494 -5.33086 3.74184 
0.989868 -4.21212 2.27554 
1.93366 -5.10815 3.825 
1.28714 -4.56307 3.34545 
1.07698 -4.5536 3.42228 
1.46788 -4.87667 4.03894 
1.46035 -5.17237 5.81349 
1.52394 -4.97439 4.43268 
0.939732 -5.05533 5.57469 
1.60605 -6.24636 6.80684 
1.53296 -5.45994 5.54832 
1.45947 -4.56338 5.27832 
0.99605 -4.8266 5.87618 
1.41414 -5.56307 7.27567 
1.08028 -5.29687 5.36696 
1.23824 -5.81458 6.86461 
1.09965 -4.91129 6.3828 
1.1068 -5.10196 6.46844 
0.884578 -5.19745 7.14138 
0.537043 -5.1428 6.07296 
0.517909 -5.11179 5.93121 
0.435401 -4.64766 6.36427 
0.701501 -5.13943 6.65281 
0.722152 -5.68527 6.97348 
0.757391 -5.79958 9.66041 
0.985952 -5.84251 8.93199 
0.265145 -5.24105 6.45449 
0.118047 -4.71337 6.4254 
0.0957442 -5.1658 8.54673 
0.404592 -5.33805 8.24853 
-0.388584 -4.35999 6.07257 
0.394132 -4.75133 8.10176 
0.0193181 -5.42224 9.85997 
0.202141 -4.97282 8.69631 
-0.0673195 -5.12976 9.30747 
0.0653922 -5.11047 8.88706 
-0.203468 -5.06794 9.8491 
-0.199078 -4.36736 8.0647 
-0.0274942 -4.77318 8.21708 
-0.296878 -4.84655 9.95688 
-0.133294 -4.57908 9.63528 
-0.622214 -3.95363 8.73279 
-0.367783 -4.36965 8.34638 
-0.405423 -4.76246 9.67669 
-0.264794 -4.62702 9.8119 
-0.574751 -4.06313 8.29327 
-0.71307 -4.23883 9.9164 
-0.46957 -4.83329 10.0089 
-0.461618 -4.44761 9.67369 
-0.61625 -4.27081 10.0754 
-0.962244 -4.13058 9.45982 
-0.63415 -4.52522 12.2027 
-0.713241 -4.19245 10.1614 
-0.825204 -4.39528 10.5333 
-0.734997 -5.13256 13.6414 
-0.673134 -3.93299 10.1176 
-0.520508 -5.29017 13.5935 
-0.869716 -4.5629 11.4206 
-0.995156 -4.39421 11.0302 
-1.04718 -4.15698 11.0045 
-1.05347 -4.63825 12.3498 
-1.00033 -3.9427 11.2998 
-1.41421 -3.95191 10.0094 
-1.5313 -4.25494 11.2665 
-1.53248 -3.9949 10.7671 
-1.36547 -4.06731 10.528 
-0.985749 -4.9058 13.6306 
-1.3611 -4.31006 10.3514 
-1.84633 -4.1354 11.8769 
-1.7295 -3.71588 10.2551 
-1.46022 -4.07007 12.5275 
-1.90165 -3.85362 10.368 
-1.72444 -4.6124 14.6036 
-1.77357 -3.48113 10.1903 
-1.79155 -4.06932 12.2744 
-1.81248 -4.75096 14.0254 
-1.71362 -3.66031 12.745 
-1.83874 -3.87545 12.1564 
-2.09593 -2.99719 11.3253 
-2.24807 -4.13208 13.4632 
-2.01117 -3.57998 11.5565 
-2.20703 -3.57499 12.4155 
-1.9444 -4.02756 13.0183 
-1.87745 -4.04305 10.9979 
-1.99692 -3.83453 11.584 
-2.31188 -3.44419 11.1251 
-1.89346 -3.50322 11.9979 
-2.32576 -2.64918 10.5927 
-2.96559 -3.95013 13.3125 
-2.55366 -3.75424 13.1792 
-2.28631 -3.0656 9.72736 
-2.6877 -2.87371 11.3129 
-2.94397 -3.89444 12.0082 
-2.61052 -3.54393 12.448 
-2.32174 -3.10758 10.5612 
-2.85118 -4.16176 14.9733 
-3.17003 -3.86155 13.0721 
-3.0811 -3.47153 11.3087 
-2.90184 -2.90172 10.8609 
-2.60536 -3.40016 12.0748 
-3.16453 -2.91615 10.0792 
-3.25509 -3.56847 10.9961 
-3.07831 -2.85776 9.44614 
-2.94755 -3.05227 11.3593 
-2.96509 -2.95855 10.6672 
-3.19032 -3.97139 13.4222 
-3.65016 -3.26069 11.7157 
-3.4213 -2.80391 10.1333 
-3.49475 -3.45239 11.8342 
-3.50924 -3.20912 11.445 
-3.38662 -3.11278 10.8871 
-3.75604 -3.15732 10.4985 
-4.05742 -3.59257 11.9095 
-3.89038 -3.63845 12.2468 
-3.86462 -3.41003 11.9642 
-3.88999 -2.69172 10.4597 
-4.04082 -2.94284 10.6914 
-4.01443 -2.96075 11.5262 
-4.02331 -2.79637 10.8709 
-4.06616 -2.87489 9.33185 
-4.31143 -2.85497 10.1558 
-4.45285 -2.62208 8.5014 
-4.07826 -2.87292 10.6436 
-3.794 -3.79319 13.2671 
-4.19191 -3.14798 11.7518 
-3.9537 -2.99368 11.2256 
-4.08803 -2.866 10.6095 
-3.85124 -2.88491 11.0054 
-4.20148 -2.40902 11.2508 
-4.49561 -2.02838 10.0347 
-4.23847 -2.6686 11.4909 
-4.2494 -2.4717 10.7709 
-4.21124 -3.0314 11.3599 
-4.21891 -2.89286 11.5694 
-4.0702 -2.14169 8.9283 
-4.61247 -2.29201 11.4552 
-4.33427 -2.27892 9.8935 
-4.45921 -2.0466 8.8232 
-4.72858 -2.18722 11.3236 
-4.659 -2.41262 9.13832 
-4.94457 -2.09397 10.6488 
-4.52585 -1.89557 9.55293 
-5.14054 -1.78205 9.45688 
-4.56996 -1.76036 8.89647 
-5.31087 -1.89595 10.9407 
-5.01605 -1.40441 9.01686 
-4.83944 -1.74697 10.1441 
-5.22867 -1.33833 9.35282 
-5.12029 -1.2079 8.22185 
-5.58311 -1.51565 10.6004 
-5.48309 -1.36995 9.05928 
-5.17643 -1.03437 8.1363 
-5.17261 -1.41054 8.20366 
-5.20974 -1.11196 9.76166 
-5.7398 -1.59521 10.4372 
-5.24821 -0.994638 7.32413 
-5.26468 -1.14397 7.2311 
-5.67625 -1.47871 9.84323 
-5.24148 -1.32972 8.37559 
-6.12066 -1.38627 8.92786 
-5.57411 -0.845843 7.68759 
-4.98228 -0.697325 7.62867 
-6.37918 -1.03568 9.93374 
-5.4457 -0.945517 7.67832 
-6.09502 -0.725909 8.23661 
-6.10444 -0.703237 7.36226 
-5.93704 -0.268732 8.72189 
-6.09651 -0.85522 8.20077 
-6.44453 -0.548542 8.2647 
-5.70504 -0.378832 8.22664 
-5.75693 -0.173446 8.50133 
-6.03628 -0.609611 8.84347 
-5.68364 -0.267474 6.29491 
-6.02439 -0.353004 6.08227 
-6.24786 -0.0442642 6.1074 
-6.43477 -0.300698 7.93169 
-5.80957 0.189089 5.25092 
-5.88096 0.195668 6.13215 
-6.45264 0.546613 7.40542 
-6.44486 0.26506 5.67083 
-6.38972 0.342493 6.95687 
-6.19651 0.136475 5.65003 
-6.44708 0.206467 6.89955 
-6.72645 0.024824 6.47207 
-6.53857 0.295345 5.50416 
-6.02187 0.637651 4.7905 
-5.98279 0.492178 5.46706 
-6.19833 0.617295 7.03182 
-6.60454 0.746283 4.69546 
-6.97857 1.02502 5.92198 
-6.50639 1.3984 5.89717 
-6.21958 1.0428 6.28363 
-6.90603 1.26628 4.80711 
-6.42637 1.3583 4.56999 
-6.14916 1.49196 5.22522 
-6.68205 1.46521 6.13874 
-6.79373 1.34722 5.94275 
-6.65 1.61032 5.37646 
-6.04588 1.30626 5.36288 
-6.28116 1.16724 5.40976 
-6.7247 1.47986 6.19954 
-6.16479 1.18163 4.01844 
-6.38188 1.68038 4.51329 
-5.97208 1.72984 2.49087 
-6.80468 1.41834 5.62765 
-6.37897 1.8795 3.71994 
-6.54716 1.71602 4.47282 
-6.46731 1.83847 3.95836 
-6.65418 1.74938 2.71023 
-6.21796 2.05253 2.58909 
-6.75199 2.11924 4.11057 
-6.77878 2.45806 3.89175 
-6.75802 2.34619 4.23928 
-6.53516 2.14335 3.59166 
-6.6263 2.22877 2.19473 
-6.67155 2.40653 2.08802 
-6.42598 2.02397 2.86119 
-6.89497 2.45195 2.50874 
-6.67779 2.04332 3.07674 
-7.16986 1.97309 3.85337 
-6.20884 1.54794 1.71817 
-6.35055 1.86661 2.74282 
-6.6147 2.17776 2.78119 
-6.6986 1.96429 3.0712 
-7.10529 2.54337 3.76019 
-6.23652 1.85045 3.23616 
-6.18231 2.19946 2.38583 
-6.9646 2.87456 3.46781 
-6.1829 2.54813 1.38956 
-6.15142 2.05678 0.937473 
-7.03831 2.56161 1.21778 
-6.40929 1.86563 2.40847 
-6.48079 1.96635 2.10904 
-6.89602 3.00914 2.4416 
-6.91236 3.05285 1.34089 
-6.72503 2.89415 1.61604 
-6.40575 2.74176 1.88304 
-6.45096 2.71983 1.88134 
-6.23124 2.64982 1.19904 
-6.82792 2.76217 2.09736 
-6.74039 3.78203 1.18986 
-6.79909 3.86553 1.14432 
-5.78183 3.26309 0.271667 
-6.60107 3.43362 0.401683 
-6.46746 3.58416 0.456951 
-6.45653 2.72945 0.286119 
-6.60376 3.67429 0.377403 
-6.6239 3.74083 0.409837 
-6.00146 3.52374 -0.638962 
-6.07051 3.47223 -0.331074 
-6.73687 4.04468 -1.38975 
-6.36979 3.56957 -2.02159 
-6.40752 3.4172 -1.69832 
-6.33613 3.37633 -0.114635 
-6.52375 3.24121 -1.84776 
-6.34931 3.69426 -0.833396 
-6.11084 3.60996 -0.938116 
-5.96782 3.9251 -1.2216 
-6.02338 3.70552 -0.766164 
-6.01262 4.02711 -1.283 
-5.73223 3.10762 -1.74837 
-6.24035 3.96055 -1.42688 
-6.31009 4.21528 -1.05116 
-6.10328 3.91055 -2.40111 
-5.85324 3.52013 -2.34353 
-5.96705 3.42296 -1.59053 
-6.3207 3.96571 -1.16296 
-6.39233 4.30985 -1.67235 
-5.48841 3.62587 -2.30512 
-6.17394 4.06031 -2.02118 
-5.07232 3.01873 -2.20339 
-5.84677 4.13535 -1.69124 
-4.8779 3.20221 -2.65641 
-6.10915 4.03731 -2.60978 
-5.85253 4.13245 -2.37927 
-5.7737 3.51544 -1.38839 
-5.82455 4.02098 -1.42505 
-5.26115 3.55002 -1.73014 
-5.28901 3.53027 -2.14954 
-5.33269 3.49904 -1.71665 
-5.9883 4.19965 -3.43972 
-5.32193 3.64753 -3.72198 
-6.19426 4.09208 -4.31391 
-5.09165 3.0196 -3.38754 
-5.55433 3.7825 -4.00579 
-5.37743 3.84259 -3.13971 
-5.4956 3.66013 -4.42921 
-5.37018 3.73993 -3.65925 
-5.37416 3.98124 -3.67087 
-5.71401 3.48547 -3.38874 
-4.88036 3.30719 -2.55063 
-5.17993 4.13972 -3.7389 
-5.41111 3.9729 -3.11834 
-5.0191 4.42591 -3.73399 
-5.27511 4.04762 -3.72817 
-5.19817 3.90824 -2.92129 
-5.96168 4.7511 -3.0725 
-5.12654 4.18496 -6.30551 
-4.5321 3.33463 -6.69728 
-5.45981 4.5953 -6.40835 
-5.09728 4.36279 -6.2047 
-4.60645 3.25941 -6.77295 
-5.39936 4.28023 -6.78004 
-5.13504 4.21076 -5.69556 
-4.65999 3.18204 -5.61634 
-5.11786 4.20455 -6.24787 
-4.91976 3.53872 -6.12523 
-5.21905 4.2054 -6.27305 
-5.10684 4.28285 -5.94235 
-4.91558 4.1591 -5.03406 
-4.56268 3.81659 -6.03237 
-4.96063 3.88059 -5.06439 
-4.99414 4.56809 -5.32882 
-4.40069 3.88549 -4.77701 
-4.99961 4.09971 -3.49876 
-4.17289 3.63333 -4.46445 
-4.37973 4.09736 -3.43722 
-4.96202 4.67781 -4.48861 
-4.78068 4.17259 -4.4106 
-5.04409 4.79455 -3.76786 
-3.98552 3.3809 -4.07107 
-4.41554 3.81401 -4.19499 
-4.15649 3.44366 -3.41324 
-4.68582 4.23167 -5.02826 
-4.28054 3.73743 -4.96739 
-4.59241 3.70086 -3.71686 
-4.17473 3.76256 -3.98815 
-4.34992 3.59357 -4.00922 
-3.93174 3.57594 -4.32895 
-4.34627 3.65409 -3.30554 
-4.20612 3.66477 -3.19855 
-3.69235 3.30294 -3.13181 
-4.26986 3.6627 -3.26832 
-3.71245 3.30768 -2.37729 
-4.42115 3.71176 -3.09551 
-3.37985 3.06303 -2.50749 
-4.2545 3.30585 -2.22606 
-3.77539 3.6533 -3.36293 
-4.25823 3.44368 -3.01801 
-4.16252 3.6769 -3.33091 
-4.08901 3.56379 -2.00714 
-3.96071 3.91362 -2.68037 
-3.96013 3.91919 -2.62598 
-3.72788 3.86105 -2.74009 
-4.05049 3.52166 -3.03131 
-3.72629 3.76474 -2.11281 
-4.14966 4.25468 -2.28634 
-4.08439 4.4994 -1.46844 
-3.53061 3.79808 -2.29362 
-3.76969 3.75663 -2.75018 
-4.26743 4.03019 -3.40804 
-3.28608 3.37869 -2.6883 
-3.94408 4.20897 -1.8428 
-3.33007 3.32656 -1.87258 
-4.16219 4.17879 -3.07571 
-3.35484 3.54081 -2.8632 
-4.26596 4.36147 -3.05614 
-3.60406 3.77535 -3.04374 
-3.81043 3.8045 -2.38128 
-3.36386 3.45082 -1.61159 
-3.42591 3.6505 -1.56078 
-3.39447 3.41313 -1.67807 
-3.55811 4.01262 -3.25677 
-3.83438 4.21481 -2.83036 
-3.59046 3.65213 -2.59564 
-3.25048 3.78781 -2.03106 
-3.72018 4.01196 -2.04084 
-3.24919 3.77241 -2.14841 
-3.30055 3.57294 -1.49087 
-2.70417 2.66057 -2.2375 
-3.58951 3.89893 -2.42935 
-3.51806 4.02295 -3.27611 
-2.81033 3.24591 -0.828301 
-2.94781 3.93682 -2.06902 
-3.69348 3.50704 -2.26054 
-3.16728 3.17373 -2.66271 
-3.1083 3.14606 -1.30268 
-3.20603 4.02127 -2.12669 
-3.13259 4.10401 -0.942083 
-2.93102 3.05077 -0.497934 
-3.13869 3.80067 -1.52671 
-3.35644 3.63482 -1.73624 
-3.33395 3.32804 -0.226553 
-2.58203 2.77148 -1.17356 
-3.38338 3.4875 -1.28558 
-3.3238 3.71517 -1.25967 
-3.38661 3.367 -1.21357 
-3.43765 4.01782 -2.03493 
-3.17098 3.27709 -1.0463 
-3.03415 3.35337 -1.73019 
-2.72325 3.26156 0.340578 
-2.77161 3.90538 -1.16183 
-3.02981 4.27719 -1.95735 
-2.96352 3.44611 -1.49082 
-2.96535 4.05554 -2.90513 
-2.58125 3.68706 -3.21516 
-2.6169 3.25857 -0.572874 
-3.00909 4.06271 -1.63759 
-2.77847 4.33043 -1.68623 
-3.3224 4.28298 -3.38824 
-2.69362 3.6379 -2.35819 
-2.75375 3.67463 -1.08132 
-2.74011 3.74412 -1.9887 
-2.85187 4.33539 -3.50025 
-3.02169 3.9005 -1.45496 
-2.40299 3.91845 -1.60582 
-3.11218 4.27128 -0.904387 
-2.24683 3.66813 -1.92394 
-2.62359 3.83569 -1.35893 
-2.69839 3.57938 -2.8347 
-2.57666 3.80245 -1.46789 
-2.24781 3.10621 -0.452705 
-2.7987 4.19152 -2.56128 
-2.34936 3.73913 -1.75321 
-2.51484 4.12947 -3.10534 
-2.07624 3.2267 -2.73107 
-2.65333 3.95078 -2.89897 
-2.44404 3.70454 -1.94349 
-2.05934 3.67168 -2.36406 
-2.68521 4.21154 -2.40829 
-2.47064 3.61049 -2.17028 
-2.3568 3.65324 -1.57286 
-2.26734 3.30924 -1.99175 
-2.58765 3.11275 -2.32666 
-2.67899 4.25739 -2.44257 
-2.81529 3.62935 -0.925495 
-2.59951 3.68956 -1.87915 
-1.94303 2.93004 -0.231294 
-2.70817 3.60718 -2.06789 
-2.41342 3.46633 -1.52958 
-2.37281 3.61336 -1.83899 
-2.37254 3.1104 -1.8279 
-2.56695 3.93685 -2.10409 
-2.21824 3.11746 -0.798838 
-2.51325 3.54664 -1.78917 
-2.16721 3.65161 -2.37914 
-2.29287 3.83732 -1.65921 
-2.45392 3.71619 -1.82152 
-2.80863 3.68279 -2.231 
-2.67804 4.17168 -2.51048 
-2.40892 3.08298 -2.03451 
-2.34122 3.5685 -3.14234 
-2.25579 3.87871 -2.97857 
-1.97719 3.53322 -2.55889 
-2.22342 4.04347 -1.93149 
-1.85473 3.95507 -3.19784 
-2.0533 3.6571 -3.07118 
-1.9386 4.04048 -3.33123 
-1.74052 3.92563 -3.17194 
-1.8655 3.21833 -1.24404 
-1.87206 3.1601 -1.56601 
-2.0426 3.38827 -3.04596 
-1.96395 3.13599 -2.24472 
-2.13002 3.83478 -3.69231 
-2.33455 4.18699 -3.26292 
-1.83691 4.06048 -4.40779 
-2.24065 3.48825 -2.08458 
-2.01831 3.99708 -3.08361 
-2.168 4.3081 -3.81323 
-1.94095 2.71622 -1.53434 
-2.16249 3.61326 -2.39918 
-2.1316 4.24877 -2.72999 
-2.01376 2.87827 -1.14534 
-2.05309 3.28013 -2.30983 
-1.90931 3.43252 -2.5269 
-2.23165 3.79765 -3.15355 
-2.16053 3.86146 -3.47104 
-1.61491 2.86994 -1.93711 
-1.66036 3.28584 -2.33928 
-1.93091 3.84725 -2.95176 
-1.95048 3.66068 -2.82203 
-2.46407 3.89376 -4.06905 
-2.00285 2.8389 -2.64971 
-2.17022 3.39949 -3.42637 
-1.74014 3.39474 -3.86291 
-1.6921 3.01005 -2.52986 
-1.80604 3.31931 -3.14 
-1.93101 3.59404 -3.33553 
-1.62682 3.68648 -2.65167 
-2.08088 3.53984 -3.94746 
-2.17806 3.70134 -3.3859 
-1.65863 3.57405 -3.31996 
-2.11107 3.84563 -3.05838 
