1.34401 -4.48032 -0.368333 3 
1.73515 -4.90386 -0.0283216 3 
1.41645 -5.27648 0.137073 3 
1.20056 -4.11552 -0.112661 3 
2.19044 -5.78542 0.639909 3 
1.79043 -4.91218 0.36738 3 
2.06842 -5.46362 0.662243 3 
1.77999 -5.31403 0.449486 3 
1.23965 -4.5566 0.415973 3 
0.529607 -4.15331 -0.0706853 3 
1.14621 -4.88296 0.354245 3 
1.28759 -4.22913 0.0509307 3 
1.10301 -4.82831 -0.195866 3 
2.71866 -5.87584 1.31157 3 
1.44284 -4.76379 0.247518 3 
1.756 -5.10939 0.224522 3 
1.83213 -4.22763 0.28112 3 
1.13458 -4.61046 0.568551 3 
1.56788 -4.17787 0.535436 3 
1.82679 -4.49492 0.323258 3 
2.0503 -5.13841 0.824941 3 
2.09639 -4.33492 0.697277 3 
0.936572 -2.49882 -0.197968 3 
1.3777 -3.98427 0.676547 3 
2.32885 -4.70758 0.742647 3 
2.47854 -5.26142 1.03873 3 
1.76956 -4.17937 0.478147 3 
1.10315 -3.91344 0.0864892 3 
2.14742 -3.98438 0.527234 3 
2.39905 -4.91226 0.821702 3 
1.42527 -4.12711 0.501284 3 
2.22572 -4.73522 0.915502 3 
1.42193 -3.14991 0.0665788 3 
1.60587 -4.05832 0.555974 3 
2.37048 -4.74251 1.02815 3 
1.39861 -3.582 -0.0467845 3 
1.87869 -3.44787 0.478129 3 
1.93116 -3.50971 0.657179 3 
2.51935 -4.67412 0.661185 3 
2.76538 -4.21335 0.629444 3 
2.44687 -4.20481 0.779164 3 
3.02919 -5.75479 1.56885 3 
1.81271 -5.21681 0.769407 3 
2.62177 -5.45128 1.35145 3 
2.14311 -3.95186 0.942876 3 
2.75544 -4.4093 1.33655 3 
2.92804 -5.47493 1.41483 3 
2.62778 -4.91209 1.11885 3 
2.81604 -5.89806 1.21313 3 
2.61761 -4.89594 1.43922 3 
3.35917 -6.08565 1.7324 3 
2.47886 -4.75104 1.06164 3 
4.91192 -7.53079 2.79609 3 
3.19012 -5.12409 1.47525 3 
4.11965 -6.54772 2.36711 3 
4.1513 -5.92085 2.53252 3 
2.78894 -4.56478 1.29559 3 
2.63026 -4.69162 1.66937 3 
2.8336 -4.58554 1.95671 3 
2.77055 -5.10569 1.52797 3 
2.52403 -4.69542 1.31625 3 
4.1664 -5.99418 2.73562 3 
3.05457 -4.52061 1.69979 3 
2.5817 -4.74991 1.6201 3 
2.87247 -4.26764 1.08788 3 
3.55459 -5.35196 2.00138 3 
2.83937 -3.88331 1.40968 3 
2.94915 -4.87139 1.64008 3 
2.73605 -4.56872 1.02865 3 
2.99129 -4.1197 1.63239 3 
3.233 -4.83599 1.8036 3 
3.97637 -5.73752 2.22537 3 
3.79437 -5.31343 1.9946 3 
3.54687 -4.92216 1.80752 3 
3.0765 -4.81324 1.57214 3 
2.0941 -3.17667 0.823742 3 
2.83366 -4.55559 1.61523 3 
2.48098 -3.80303 1.61435 3 
3.31604 -4.39393 1.68207 3 
2.32484 -3.9578 0.847933 3 
2.45941 -3.64675 0.960955 3 
2.85054 -4.27473 1.65577 3 
3.42242 -4.54866 1.96548 3 
3.84893 -5.84696 2.07318 3 
3.53585 -4.4285 1.53982 3 
3.34786 -4.38763 1.57501 3 
4.29679 -5.52302 2.13898 3 
3.50737 -5.64934 2.14182 3 
-1.79167 2.58999 -2.46288 3 
-1.87052 2.12869 -2.56185 3 
-0.205163 0.827425 -1.34562 3 
-3.10189 3.07481 -3.26435 3 
-1.48997 2.30489 -2.26793 3 
-1.22837 1.21211 -1.86037 3 
-2.93099 3.05328 -2.96423 3 
-2.69107 2.95606 -2.93244 3 
-2.9869 2.40411 -3.04778 3 
-3.88994 4.06786 -3.77796 3 
-2.05613 2.60049 -2.35319 3 
-2.72435 3.45019 -3.03584 3 
-2.11238 2.52269 -2.37173 3 
-2.30191 2.85741 -2.60959 3 
-1.48619 0.681755 -2.95339 3 
-1.02654 0.136322 -2.60863 3 
-0.015728 -0.684532 -1.62578 3 
-2.62391 1.48682 -3.88266 3 
-2.03538 1.04359 -3.07625 3 
-1.08875 0.651583 -2.86182 3 
-2.33916 1.71801 -3.48268 3 
0.0691035 -1.16466 -1.61954 3 
-2.85954 1.51765 -4.12047 3 
-2.61618 2.11874 -3.78814 3 
-2.87845 1.84792 -4.07792 3 
-1.87771 1.07951 -3.16335 3 
-4.01689 2.71746 -4.98755 3 
-1.56508 0.919402 -3.0179 3 
-2.96209 1.67502 -3.80943 3 
-2.067 1.22368 -3.12358 3 
-2.81173 2.07835 -4.03602 3 
-3.566 2.29586 -4.6275 3 
-2.90678 1.30693 -4.20116 3 
-2.88658 1.41531 -4.12375 3 
-3.42632 1.98385 -4.26971 3 
-1.87523 0.563674 -2.83058 3 
-1.54736 0.137025 -2.3633 3 
-2.39376 0.811659 -3.1527 3 
-2.71968 1.62337 -3.4499 3 
-1.66582 0.966111 -3.2469 3 
-1.97223 0.781589 -3.33221 3 
-2.09815 0.718355 -3.17617 3 
-1.37978 0.0244588 -2.47372 3 
-2.68226 1.44413 -3.87739 3 
-1.57845 0.323451 -2.2956 3 
-2.10609 0.931612 -3.40487 3 
-0.732792 -0.475601 -1.91586 3 
-0.801764 -0.130916 -1.68572 3 
-0.483356 -0.454855 -1.73106 3 
-1.85732 0.592868 -2.9319 3 
1.32245 -2.03455 -0.116881 3 
-0.378436 -1.05736 -1.22269 3 
-3.12369 1.69949 -3.64928 3 
-3.22253 1.65111 -3.84127 3 
-4.99692 3.3571 -5.05628 3 
-6.19504 3.92467 -6.14514 3 
-4.34262 2.99088 -4.99793 3 
-6.26222 4.57875 -6.50388 3 
-5.28855 3.34441 -5.78146 3 
-4.46955 2.54738 -4.78726 3 
-2.91505 1.53067 -3.74599 3 
-3.45401 2.11447 -3.87341 3 
-3.61599 1.95007 -4.22623 3 
-4.81692 3.31568 -5.3039 3 
-4.36679 2.36227 -4.55696 3 
-4.16939 2.9639 -4.8031 3 
-4.3096 2.81541 -4.96769 3 
-4.68043 3.09539 -4.73837 3 
-4.56459 3.1858 -4.5725 3 
-3.72549 2.62257 -4.09787 3 
-3.59263 1.79629 -3.5963 3 
-3.74976 2.14459 -3.63269 3 
-2.70918 1.85619 -3.5078 3 
-3.32882 1.89473 -3.62797 3 
-5.08532 3.39948 -5.18384 3 
-5.09625 3.06812 -5.10417 3 
-3.75521 2.36292 -3.93193 3 
-4.80353 2.89784 -4.6658 3 
-3.88076 1.96241 -3.93943 3 
-4.96407 3.20196 -5.12358 3 
-4.18946 2.83831 -4.03987 3 
-4.86512 3.65841 -5.16126 3 
-4.45222 2.9029 -4.2106 3 
-3.82495 2.52544 -3.84927 3 
-3.49671 1.93524 -3.7714 3 
-5.07038 3.4715 -4.66966 3 
-3.60148 2.44587 -3.62427 3 
-4.41369 2.85086 -4.43254 3 
-4.7616 3.37501 -4.55379 3 
-4.39672 2.52933 -4.07176 3 
-4.52452 2.85781 -4.09028 3 
-5.3456 3.25643 -4.93495 3 
-6.00164 4.14782 -5.33897 3 
-6.78061 4.14944 -6.00203 3 
-5.69199 3.67619 -5.01753 3 
-5.23644 3.9897 -4.77594 3 
-5.37294 4.00609 -5.17151 3 
-2.88049 0.622375 -2.21843 3 
-3.50049 0.751799 -2.4014 3 
-2.63767 0.619667 -1.70604 3 
-6.80024 1.91207 -4.23795 3 
-4.18988 1.49534 -3.37188 3 
-2.70852 0.50956 -1.73101 3 
-4.32846 1.05334 -2.44107 3 
-2.93759 0.919786 -2.45581 3 
-5.39069 1.42098 -3.7867 3 
-2.3168 0.376136 -2.02308 3 
-3.41108 1.19432 -2.08604 3 
-4.97986 1.06825 -3.36436 3 
-4.51373 1.0819 -2.95892 3 
-4.04458 1.26369 -2.52895 3 
-4.62782 1.38749 -3.26508 3 
-4.33332 1.48335 -3.11767 3 
-3.69195 1.09317 -2.51757 3 
-5.80499 2.19417 -3.85172 3 
-4.78258 1.61231 -3.25807 3 
-1.53914 0.475034 -1.01614 3 
-4.79938 1.78605 -3.58032 3 
-4.28963 1.64063 -3.28116 3 
-3.73202 1.09909 -2.56195 3 
-5.47311 1.58803 -3.73175 3 
-4.43673 1.63057 -3.36261 3 
-4.98885 1.79813 -3.27652 3 
-3.92465 1.59326 -2.871 3 
-4.99481 1.81321 -3.08156 3 
-4.29627 1.67652 -2.8615 3 
-4.19408 1.52496 -2.86222 3 
-1.83221 0.325803 -1.19646 3 
-3.67302 1.39517 -2.57889 3 
-4.98697 2.2456 -3.48388 3 
-5.07025 2.30703 -3.49097 3 
-5.02235 2.40037 -3.89454 3 
-5.5915 2.26344 -3.85791 3 
-5.85415 2.17212 -3.95756 3 
-6.93647 2.97329 -4.19319 3 
-4.33406 1.42566 -2.90706 3 
-3.35897 1.65723 -2.51582 3 
-3.35161 1.69113 -2.6564 3 
-5.83071 2.51355 -3.90716 3 
-2.77777 1.48181 -2.06051 3 
-5.51239 1.95606 -3.44457 3 
-4.41769 1.81581 -2.88839 3 
-4.79623 1.8287 -3.1093 3 
-5.90035 2.50523 -3.78685 3 
-4.87794 2.1888 -3.48435 3 
-3.40193 1.81482 -2.57058 3 
-4.10095 2.19182 -2.88144 3 
-3.93581 1.97122 -3.38839 3 
-3.62491 1.93613 -2.5887 3 
-3.54585 1.97933 -2.80051 3 
-1.11522 1.36564 -1.59427 3 
-1.67193 1.39485 -1.52298 3 
-2.30188 1.32071 -2.02739 3 
-4.47679 2.07587 -2.98786 3 
-3.67665 1.7552 -3.11132 3 
5.57135 -0.715168 4.11655 3 
3.00954 0.239582 2.35306 3 
4.50996 -0.636207 3.73576 3 
4.80881 -0.660856 3.95273 3 
5.74632 -0.849756 4.34851 3 
5.84137 -0.833822 4.45064 3 
6.28216 -0.77695 5.1171 3 
4.93642 -1.04214 4.01766 3 
2.79588 0.48527 2.13369 3 
4.241 0.119546 3.211 3 
3.49245 0.135206 2.72972 3 
5.10099 -0.112007 4.11049 3 
3.16222 0.419219 2.06037 3 
5.41944 -0.176401 3.89264 3 
4.51495 -0.0767495 3.2795 3 
5.14655 -0.0430564 3.59106 3 
4.65868 0.330026 3.25008 3 
4.37994 -0.116151 2.65459 3 
5.12177 0.0817626 3.83526 3 
3.65502 0.250018 2.2616 3 
4.83733 -0.202864 3.63962 3 
3.70672 0.590422 2.31939 3 
5.75353 0.039657 4.02868 3 
4.73513 0.191105 3.44831 3 
3.13154 0.458766 1.88835 3 
4.53446 0.0975659 3.16438 3 
5.80284 -0.495284 4.23064 3 
4.97078 0.401907 3.38983 3 
5.68473 -0.0636638 3.31412 3 
3.28564 1.04539 1.86618 3 
2.89877 0.898153 2.15083 3 
6.65176 -0.152419 4.63385 3 
6.47161 -0.279117 4.6137 3 
4.05698 0.753201 2.41222 3 
5.54436 -0.466552 3.966 3 
3.76723 1.20005 2.18287 3 
4.05671 1.06679 2.00529 3 
5.11267 -0.269234 3.60812 3 
5.97122 0.554401 3.58538 3 
4.61595 0.333613 3.1952 3 
4.36179 0.608036 2.40854 3 
6.77525 0.189626 4.42963 3 
4.80304 0.589133 2.75008 3 
5.18919 0.553144 2.94956 3 
3.79699 0.616283 2.24393 3 
5.33 0.108923 3.48022 3 
6.12507 -0.107071 3.58882 3 
4.46831 0.523015 2.65379 3 
4.79621 0.295488 2.40505 3 
5.08633 0.602229 2.36403 3 
4.61406 1.03942 2.07621 3 
7.19559 -0.144061 4.14955 3 
4.1689 0.615738 2.03465 3 
4.84464 1.04014 2.49715 3 
5.57079 1.09733 2.34877 3 
5.44498 1.12174 2.50495 3 
5.37855 0.889151 2.36771 3 
4.61452 1.21095 2.29009 3 
4.38444 1.35657 2.03702 3 
6.24303 0.793798 3.4068 3 
4.07794 1.14802 1.98331 3 
4.43162 1.78856 1.37194 3 
6.2797 0.971808 2.77853 3 
4.90507 1.6991 1.70448 3 
4.67876 1.3634 1.62456 3 
5.50502 0.980984 1.97389 3 
4.78554 1.02439 1.46384 3 
5.56456 1.75873 2.12565 3 
4.35381 1.19249 1.58349 3 
6.42697 1.32141 2.34995 3 
4.80369 1.62817 1.21473 3 
5.47363 0.900376 2.59334 3 
4.71495 1.10031 1.40764 3 
5.04193 1.05243 1.71243 3 
4.85186 1.35406 1.41571 3 
5.71016 0.654614 2.16594 3 
5.85352 1.29939 1.67785 3 
6.53095 0.647449 2.52159 3 
4.13209 1.35277 1.21734 3 
6.25943 0.845007 2.18338 3 
5.02119 0.736112 1.55501 3 
5.77604 1.34423 1.5565 3 
6.29947 1.11739 1.74204 3 
5.10361 1.09079 0.946708 3 
5.20607 0.942011 1.38856 3 
5.22335 0.633252 1.35403 3 
7.94388 0.602131 2.59734 3 
3.58344 1.10675 0.269913 3 
8.6219 0.818281 2.64087 3 
5.03394 1.23643 0.949499 3 
8.08451 0.517396 2.2746 3 
5.23399 1.01 1.01396 3 
6.43715 0.717198 1.7898 3 
6.37277 0.961549 1.59005 3 
5.10969 0.958721 1.27249 3 
8.48629 -0.0682176 2.95843 3 
5.63433 0.498494 1.43977 3 
5.74079 1.62159 0.999077 3 
6.26 0.604618 1.45554 3 
7.10433 0.428583 2.1262 3 
6.11531 0.889313 1.30807 3 
5.87239 0.692352 1.55446 3 
5.70016 0.96413 1.24737 3 
7.2609 0.67736 1.56509 3 
5.70653 0.422561 1.32307 3 
6.80524 0.800262 1.49655 3 
7.20738 0.118108 1.99906 3 
6.71899 1.04252 1.23583 3 
5.96973 0.958354 0.822218 3 
5.62585 0.148371 1.31495 3 
5.86476 0.820804 0.935718 3 
5.88838 0.541469 0.936884 3 
7.00077 0.652674 1.3602 3 
6.16738 0.871893 0.981732 3 
5.82192 0.995442 0.824421 3 
5.6018 1.26757 0.500444 3 
8.4633 0.305657 2.01445 3 
7.58897 0.565422 1.84551 3 
8.04061 0.00835334 2.00228 3 
8.41835 -0.282686 1.7398 3 
7.43515 0.198972 1.50865 3 
8.80449 -0.897894 2.41405 3 
7.7421 -0.530189 1.71356 3 
7.40295 -0.210605 1.44441 3 
7.05212 -0.394454 1.69139 3 
7.09946 -0.282944 1.14503 3 
7.064 -0.800503 1.52199 3 
9.06044 -0.905026 1.76408 3 
8.35657 -0.961213 1.73429 3 
9.72381 -1.4489 2.35904 3 
8.96214 -0.899127 1.9678 3 
7.53148 -0.72031 1.59586 3 
8.79116 -1.01682 2.07582 3 
8.72701 -0.985581 1.57397 3 
9.67777 -1.35865 2.22545 3 
8.54435 -1.0239 1.58451 3 
7.45975 -0.189376 1.0863 3 
8.64116 -1.24996 1.73832 3 
10.1501 -1.33919 1.81811 3 
8.76016 -1.51938 2.01255 3 
8.88695 -0.961795 1.32556 3 
8.47303 -0.742685 1.51128 3 
8.83173 -1.10693 1.63569 3 
8.41432 -1.73403 1.97165 3 
8.97745 -0.973278 1.61873 3 
8.48361 -1.19576 1.54189 3 
8.87542 -1.33418 1.58251 3 
9.13977 -1.61234 1.96226 3 
9.75482 -1.53514 1.78848 3 
7.95179 -1.7039 1.87726 3 
9.0538 -1.64923 1.9042 3 
9.38267 -1.29752 1.86469 3 
9.07182 -1.813 1.77567 3 
8.7423 -1.05313 1.4404 3 
10.505 -1.85361 2.45553 3 
10.1748 -1.70532 2.55369 3 
10.6763 -1.84884 1.76127 3 
8.79357 -1.58581 1.72642 3 
9.23383 -2.20189 1.96814 3 
9.50699 -2.53002 1.93367 3 
10.9265 -2.59345 2.33508 3 
10.8038 -2.88033 2.85046 3 
9.67894 -2.16815 1.81358 3 
9.51054 -2.09657 1.70234 3 
9.97708 -1.85872 1.73133 3 
9.48875 -1.69124 1.75026 3 
10.1942 -2.10965 1.86266 3 
11.1772 -2.32891 1.98422 3 
10.138 -2.79482 1.92646 3 
11.1308 -2.64813 2.11148 3 
11.6936 -2.91766 2.54 3 
10.3417 -2.61666 1.93598 3 
9.71621 -2.64427 1.7071 3 
11.5851 -2.53734 2.43831 3 
10.6041 -2.63627 2.03436 3 
10.7312 -3.03501 2.46333 3 
10.6461 -2.56967 1.67474 3 
12.2258 -2.73025 2.66541 3 
11.3834 -2.45102 2.0583 3 
10.684 -2.3943 1.69018 3 
11.6303 -2.36597 2.24169 3 
10.258 -2.43838 1.92826 3 
12.2812 -2.68083 2.41399 3 
11.9006 -2.71047 1.91518 3 
11.3329 -3.23388 2.51222 3 
11.4735 -3.45011 2.43419 3 
11.1838 -3.13495 2.3022 3 
11.6386 -2.83039 2.08395 3 
12.652 -3.55561 2.90184 3 
12.5155 -4.18629 3.28949 3 
14.431 -4.90693 3.53851 3 
12.7181 -3.79807 3.02275 3 
12.9135 -4.71096 3.42816 3 
13.6189 -5.18007 3.55928 3 
11.8127 -4.55117 3.16364 3 
13.7547 -4.61806 3.59127 3 
13.6052 -4.60627 3.60227 3 
12.4858 -3.61622 2.67692 3 
12.0883 -3.58388 2.40886 3 
12.9811 -3.52378 2.40577 3 
12.1481 -3.89888 2.03515 3 
11.7807 -3.73981 1.8892 3 
12.3661 -4.01868 2.52587 3 
12.0451 -3.99888 1.94304 3 
14.8856 -5.27284 4.05151 3 
14.358 -4.35362 3.11066 3 
13.6384 -4.18088 2.66181 3 
12.4309 -4.73644 2.6831 3 
12.1481 -4.62841 2.50463 3 
12.7507 -4.37337 2.4944 3 
12.2766 -3.47804 1.89891 3 
13.1245 -3.92757 2.22277 3 
12.834 -4.43854 2.3018 3 
13.2247 -4.13097 1.93884 3 
12.7521 -3.97245 2.29095 3 
13.4641 -4.09507 1.89962 3 
12.3465 -4.24066 1.82324 3 
12.9073 -4.05416 1.36502 3 
12.3311 -3.89453 1.67045 3 
12.6457 -3.94673 1.96127 3 
13.8573 -4.49899 1.88515 3 
13.4413 -4.14432 1.82976 3 
12.5784 -3.89493 1.54441 3 
12.6027 -4.58992 1.67629 3 
11.9845 -3.94303 1.598 3 
13.2902 -3.90153 1.16468 3 
12.9761 -3.44803 1.42316 3 
12.7815 -3.78368 1.17824 3 
12.0022 -3.78422 1.44547 3 
13.3458 -3.53866 0.977814 3 
13.1923 -3.99684 1.2455 3 
12.0392 -3.60706 0.835476 3 
12.6534 -3.49137 0.85672 3 
12.4508 -3.36204 0.539684 3 
11.9572 -3.90611 0.905304 3 
12.9913 -3.50706 1.41478 3 
12.007 -3.61556 0.973699 3 
11.4731 -3.38483 0.640133 3 
12.2192 -3.28772 0.315634 3 
11.4812 -4.32529 0.625591 3 
11.8254 -3.49201 -0.000169348 3 
12.1547 -3.82283 0.223591 3 
12.5219 -4.44882 0.686278 3 
13.2351 -4.41431 1.11859 3 
11.5292 -3.77613 0.036326 3 
12.1084 -3.85435 -0.329399 3 
11.5663 -3.82725 -0.130342 3 
11.1301 -3.63302 0.213718 3 
11.23 -3.92251 -0.0475651 3 
11.6694 -3.22112 -0.83521 3 
11.2141 -3.42413 -0.584268 3 
12.26 -3.45421 -0.563436 3 
11.3545 -3.65951 -0.326521 3 
9.81775 -2.9418 -0.928313 3 
10.4307 -3.03562 -0.923286 3 
10.1237 -3.28773 -0.994779 3 
9.32247 -2.69873 -2.02435 3 
10.1755 -3.10197 -1.4135 3 
9.07065 -2.3375 -2.66779 3 
10.1041 -2.68878 -1.88723 3 
10.1506 -2.93187 -2.06824 3 
9.16462 -2.605 -1.53666 3 
9.6186 -2.55157 -1.86108 3 
8.78458 -3.00981 -1.96487 3 
8.94077 -2.61145 -2.19423 3 
9.12825 -2.53325 -2.04721 3 
8.94441 -3.00384 -2.23257 3 
9.75239 -3.58169 -2.26535 3 
7.82062 -2.8261 -2.23048 3 
9.57335 -3.04994 -2.36672 3 
9.62993 -3.0966 -2.24049 3 
7.58961 -2.95757 -2.60306 3 
8.83285 -3.18706 -1.92665 3 
8.09938 -2.6091 -1.96846 3 
9.45157 -2.75913 -3.12346 3 
9.23029 -2.94667 -2.68386 3 
8.96223 -2.88198 -2.13567 3 
9.80302 -3.45781 -2.82965 3 
9.00557 -3.2433 -2.47735 3 
7.61797 -2.50409 -3.30719 3 
9.07303 -3.041 -3.58811 3 
6.73571 -2.79836 -2.76893 3 
7.10942 -2.45606 -3.77625 3 
7.08787 -2.5228 -3.04702 3 
8.04049 -3.54011 -2.97695 3 
9.14951 -3.44936 -3.17682 3 
7.533 -3.2341 -2.84788 3 
8.3277 -3.44374 -3.50908 3 
7.2663 -3.02843 -4.46228 3 
6.07665 -2.88058 -4.34103 3 
6.80724 -2.80443 -4.59003 3 
6.15517 -2.86738 -4.19437 3 
5.44132 -2.12327 -5.07675 3 
6.14604 -2.3503 -5.19679 3 
5.54 -2.85169 -4.11147 3 
5.2002 -1.85715 -5.22349 3 
6.20191 -2.53031 -4.88882 3 
5.49261 -2.96248 -4.64152 3 
3.7367 -1.58822 -5.99619 3 
5.25611 -2.16453 -5.23839 3 
5.30972 -2.05716 -6.46292 3 
4.21408 -1.74066 -6.59627 3 
4.41325 -1.82619 -6.37595 3 
4.72898 -2.09609 -6.49572 3 
3.88524 -1.98475 -6.28547 3 
4.26407 -2.25156 -6.34267 3 
3.68403 -2.14083 -6.68982 3 
3.17082 -1.86072 -6.41143 3 
3.27233 -1.77146 -6.67923 3 
3.93204 -1.91346 -6.58825 3 
4.29571 -2.09894 -7.36593 3 
3.67409 -2.26914 -5.52776 3 
3.38331 -1.90098 -6.82183 3 
3.49945 -1.94269 -6.68333 3 
3.1579 -1.87231 -6.25631 3 
2.32108 -1.75112 -6.57361 3 
2.57354 -1.80639 -7.01608 3 
3.1758 -1.93571 -6.60411 3 
2.98372 -2.2038 -7.12855 3 
2.61705 -1.82948 -6.84433 3 
3.55577 -2.09596 -6.4702 3 
2.97577 -1.68282 -7.23811 3 
2.5478 -2.09076 -6.57859 3 
2.91326 -2.66732 -6.01863 3 
2.26272 -2.52226 -6.73585 3 
2.67165 -1.91067 -7.83256 3 
2.17873 -1.77057 -7.74186 3 
2.78811 -2.22718 -6.76285 3 
2.46005 -2.05252 -6.80896 3 
2.37126 -2.04997 -7.76329 3 
2.22707 -1.56813 -7.75022 3 
2.43609 -2.12819 -7.09875 3 
1.93979 -2.14053 -7.01722 3 
2.39174 -2.52404 -7.86227 3 
1.3578 -2.55067 -6.45212 3 
0.384616 -1.44022 -8.44191 3 
1.37908 -2.35738 -6.72254 3 
1.35382 -2.55767 -6.48457 3 
1.94766 -2.21256 -7.78105 3 
1.00792 -2.32701 -6.44152 3 
1.17369 -2.20221 -7.44788 3 
1.6066 -2.08984 -7.59652 3 
1.43728 -2.87578 -6.87784 3 
0.857601 -2.33936 -7.43003 3 
0.617252 -1.94174 -8.06774 3 
1.16221 -2.47104 -7.16522 3 
0.84158 -2.12235 -7.25273 3 
1.36421 -2.01783 -8.93851 3 
0.82428 -2.30877 -6.82018 3 
0.77569 -2.12337 -8.83958 3 
0.569146 -2.17732 -7.30665 3 
1.14679 -2.62343 -7.38575 3 
1.15489 -2.65606 -7.51055 3 
-0.0519966 -2.0001 -8.54898 3 
0.797771 -2.71779 -7.20498 3 
0.306615 -2.30735 -8.45392 3 
0.745729 -2.76158 -7.10468 3 
0.827677 -2.81225 -6.46179 3 
-0.269958 -2.14987 -9.25056 3 
0.404401 -2.47601 -8.04906 3 
0.568125 -2.55944 -8.47399 3 
0.168271 -2.75966 -7.66668 3 
0.521844 -2.69827 -8.33118 3 
0.370714 -2.28409 -7.50115 3 
-0.36718 -2.80665 -7.92798 3 
-0.298044 -2.46203 -8.2355 3 
0.0209176 -2.1303 -7.80282 3 
0.0284635 -2.90555 -7.65619 3 
-0.199823 -2.37934 -9.21297 3 
-0.155274 -2.48 -7.58511 3 
0.365379 -2.18431 -7.74213 3 
-0.216403 -2.23286 -8.76794 3 
-0.0607563 -2.36883 -7.83954 3 
0.572443 -2.21183 -7.65993 3 
0.591409 -2.19345 -8.03078 3 
0.368508 -2.40977 -7.89373 3 
-0.172514 -2.64293 -8.20719 3 
0.220383 -2.6267 -6.94934 3 
0.291213 -2.37506 -7.74207 3 
0.321926 -2.71973 -8.23886 3 
0.199077 -2.7024 -6.92725 3 
1.03411 -3.1531 -7.92533 3 
-0.113755 -2.56049 -8.48132 3 
0.78504 -3.4229 -6.57517 3 
0.335296 -3.28345 -6.83887 3 
0.170724 -3.04087 -7.44651 3 
0.0503268 -2.59082 -7.79857 3 
0.734749 -3.28024 -6.47523 3 
1.01418 -3.52676 -7.00183 3 
0.59902 -3.37532 -7.80043 3 
1.30941 -4.10305 -6.18814 3 
1.88735 -4.69524 -6.11613 3 
1.00977 -4.65854 -6.908 3 
1.31306 -4.4479 -6.16826 3 
0.610829 -3.74397 -7.7472 3 
0.84208 -3.72003 -5.66166 3 
0.946423 -4.12057 -7.32371 3 
1.18586 -4.01033 -5.82455 3 
1.35781 -4.38365 -6.5459 3 
-0.348683 -3.23365 -8.05341 3 
1.39912 -4.42046 -6.15874 3 
0.225719 -3.71566 -7.36884 3 
0.253123 -3.59418 -7.40088 3 
0.516414 -3.72258 -7.33858 3 
1.38994 -4.33844 -6.29852 3 
0.555764 -3.57938 -6.92357 3 
0.588405 -3.93832 -6.61844 3 
0.572568 -3.92649 -6.63526 3 
0.48187 -4.08684 -6.91012 3 
1.11772 -4.53037 -5.93779 3 
0.912919 -4.18103 -5.99451 3 
0.190772 -3.86561 -7.40327 3 
0.776472 -4.66099 -6.31837 3 
0.293931 -4.12487 -6.46959 3 
0.349874 -4.36353 -6.66655 3 
0.263114 -4.13499 -7.33541 3 
0.378274 -4.09704 -7.27289 3 
0.0978005 -3.58379 -6.66657 3 
0.963321 -3.85906 -7.06567 3 
0.345651 -4.40278 -7.29215 3 
0.334045 -4.50581 -6.16089 3 
0.971266 -4.25224 -5.94238 3 
0.806711 -4.32054 -6.32268 3 
0.604128 -4.30169 -6.48602 3 
0.566929 -4.24377 -5.95354 3 
-0.135635 -3.9563 -7.45606 3 
0.342246 -4.34565 -7.37837 3 
1.32903 -4.63793 -5.63016 3 
0.987935 -4.41579 -5.76518 3 
0.5791 -4.60434 -6.43398 3 
0.454811 -5.27129 -6.08859 3 
0.240113 -5.13241 -5.93079 3 
0.936119 -5.80448 -5.77792 3 
-0.174723 -5.20171 -6.28858 3 
-0.136589 -4.89679 -6.54609 3 
0.698496 -5.19592 -5.9666 3 
0.337229 -4.81357 -5.32977 3 
1.02902 -5.73644 -5.26176 3 
-0.260834 -5.01177 -6.72071 3 
-0.839621 -4.40078 -6.21535 3 
-0.975688 -4.4512 -5.89563 3 
-0.418691 -5.13436 -6.15764 3 
-0.441634 -4.57397 -6.31073 3 
-0.91442 -4.63114 -6.25523 3 
-1.47904 -3.80014 -6.75031 3 
-0.322756 -4.70003 -5.68131 3 
-0.795796 -4.90106 -6.77941 3 
-1.46879 -4.40683 -7.20185 3 
0.0402141 -4.7719 -5.39035 3 
-2.00775 -4.18202 -6.79388 3 
-0.752588 -4.6576 -6.53405 3 
-2.17647 -4.04878 -7.17507 3 
-0.308689 -4.80129 -5.35585 3 
-1.08435 -4.63326 -6.73759 3 
-1.12728 -4.05249 -5.98237 3 
-1.40659 -4.68227 -6.30452 3 
-1.13046 -4.91676 -6.16419 3 
-1.09023 -4.86914 -6.45965 3 
-1.16416 -4.13384 -6.42429 3 
-0.330107 -5.348 -5.96602 3 
-0.425431 -5.4891 -5.45531 3 
-0.788949 -5.17637 -5.90186 3 
-0.569303 -5.02504 -5.73889 3 
-0.613517 -4.87293 -5.30169 3 
-2.04464 -4.69084 -7.22139 3 
-1.06059 -5.54272 -6.4168 3 
-0.424598 -5.20049 -5.44831 3 
-1.12106 -4.98381 -5.86176 3 
-1.27482 -5.33943 -6.30591 3 
-0.232676 -5.06529 -5.06026 3 
0.152381 -5.70471 -4.46308 3 
-0.63902 -5.3333 -5.53292 3 
-0.61131 -5.36383 -5.57395 3 
-1.47378 -5.40237 -5.76996 3 
-1.21188 -5.20494 -5.62846 3 
-0.86327 -5.45504 -5.03271 3 
-0.520713 -5.56563 -5.24631 3 
-0.599485 -6.14548 -4.84009 3 
-2.28441 -5.49654 -6.28611 3 
-1.93279 -5.38596 -6.00743 3 
-0.156753 -6.02041 -4.443 3 
-0.88206 -5.78189 -4.98219 3 
-0.202591 -5.87233 -4.4208 3 
-1.70407 -5.28632 -5.54911 3 
-1.57761 -5.77369 -5.63779 3 
-1.13254 -5.42882 -5.13407 3 
-0.257482 -6.46182 -4.48107 3 
-1.33351 -5.742 -4.71365 3 
-1.12007 -5.76344 -4.5246 3 
-2.07549 -5.47632 -6.03026 3 
-1.6412 -5.06066 -5.00756 3 
-1.53888 -5.62085 -5.21197 3 
-1.451 -6.19704 -5.12116 3 
0.112363 -6.50623 -3.96254 3 
-1.21229 -6.6492 -5.39103 3 
-0.46568 -5.95087 -4.42945 3 
-0.537703 -6.83838 -4.35518 3 
-0.260704 -6.13843 -3.89668 3 
-1.39448 -6.38977 -4.76592 3 
-0.516062 -5.96103 -3.97368 3 
-1.95604 -5.56729 -4.89088 3 
-1.04156 -6.04699 -4.01313 3 
-0.417046 -6.22375 -3.78064 3 
-0.994516 -6.05737 -4.89161 3 
-2.0561 -6.04627 -5.14675 3 
-0.96254 -5.38269 -4.23683 3 
-1.85701 -5.55877 -5.00693 3 
-1.27439 -5.83891 -4.34871 3 
-1.46998 -5.18851 -4.47128 3 
-1.17422 -6.03166 -3.96364 3 
-0.331541 -6.87925 -3.39381 3 
-0.801457 -6.83588 -3.23605 3 
-0.575253 -6.51373 -3.45948 3 
-0.723531 -6.44158 -3.55645 3 
-1.51801 -5.62291 -4.32475 3 
-1.07851 -6.1438 -3.78245 3 
0.37335 -7.08714 -2.88202 3 
-0.644882 -6.6309 -3.62133 3 
-1.2114 -6.37854 -3.87693 3 
-1.21019 -5.97053 -3.75186 3 
-1.05291 -6.34573 -3.46806 3 
-0.167595 -6.58175 -2.89941 3 
-0.585142 -7.45872 -3.18774 3 
-0.566115 -6.23203 -2.91798 3 
-0.969835 -6.50401 -2.76528 3 
-1.50759 -6.6143 -3.9437 3 
1.02254 -8.68447 -2.09799 3 
0.247724 -8.25514 -2.33174 3 
-0.398711 -7.19982 -3.66635 3 
-0.100934 -7.7416 -2.80749 3 
-0.197798 -7.46674 -2.86929 3 
0.57559 -7.75491 -2.34508 3 
0.556753 -7.50438 -2.47827 3 
0.548098 -7.90038 -2.78544 3 
0.0280615 -6.8787 -2.25643 3 
-1.23324 -7.50743 -3.30812 3 
-1.02251 -6.64774 -2.92942 3 
-0.851271 -6.94405 -3.12119 3 
-0.398828 -6.726 -2.85532 3 
-0.864315 -6.3501 -2.92928 3 
-0.925183 -6.44177 -3.06917 3 
0.195965 -7.3246 -1.93237 3 
-1.82267 -6.36396 -3.87787 3 
-1.85694 -6.45286 -3.88737 3 
-1.77107 -6.97648 -3.52315 3 
-1.73899 -6.37321 -3.20939 3 
-0.673813 -6.28 -2.58736 3 
-0.76371 -7.19769 -2.77263 3 
-0.610554 -7.47548 -2.64875 3 
0.037361 -7.84216 -1.89062 3 
0.189596 -6.86807 -1.82074 3 
1.06658 -7.69816 -1.72367 3 
-0.0366098 -7.55374 -2.25666 3 
0.170275 -6.7472 -1.97611 3 
0.672366 -7.72231 -2.1202 3 
0.340459 -7.51669 -2.23197 3 
0.786618 -6.9034 -1.54972 3 
-0.974851 -7.24687 -2.23217 3 
-0.748829 -7.03585 -2.22164 3 
-0.00425549 -7.99472 -2.10857 3 
0.241232 -7.87593 -1.87815 3 
-1.08434 -7.30094 -2.9292 3 
-0.212353 -6.9423 -2.3381 3 
0.595691 -7.39265 -1.85192 3 
-0.238346 -7.19389 -1.90861 3 
-0.183222 -6.9426 -1.96248 3 
-0.0781828 -7.33874 -1.91064 3 
-0.350251 -6.70429 -2.46757 3 
0.0357674 -7.27002 -2.08334 3 
0.392904 -7.43702 -1.96555 3 
1.04847 -7.25026 -1.32656 3 
-0.0999753 -7.34724 -1.85587 3 
0.147015 -7.5399 -1.0952 3 
-0.630225 -6.69888 -1.91674 3 
-0.76238 -7.54248 -2.06293 3 
-0.489711 -7.13347 -1.4246 3 
-0.753843 -7.67476 -2.319 3 
-0.660563 -7.18587 -2.13844 3 
-0.805319 -6.62704 -2.05187 3 
-1.22391 -6.80354 -1.8767 3 
0.100445 -7.26609 -1.18841 3 
-0.399877 -6.72568 -1.43793 3 
0.260773 -7.28791 -1.53136 3 
0.00778315 -7.44161 -1.71749 3 
0.477397 -7.10158 -1.29213 3 
-0.549256 -7.30359 -1.93119 3 
-1.34085 -7.13028 -2.2137 3 
-0.714773 -6.47997 -2.05743 3 
0.179669 -6.33279 -1.47588 3 
-0.460591 -7.74875 -1.2741 3 
-1.0434 -6.1704 -1.83813 3 
-0.213043 -7.66094 -1.26675 3 
-0.394881 -7.43594 -1.20288 3 
-0.327025 -7.23259 -1.46246 3 
-0.524909 -6.14109 -1.36979 3 
-1.10493 -6.88448 -1.42976 3 
-0.554251 -6.71608 -1.32715 3 
-0.807895 -7.18651 -1.42832 3 
-0.473752 -6.41003 -1.755 3 
-0.194451 -6.90605 -1.02376 3 
-1.60893 -6.57655 -1.8579 3 
-1.79151 -6.17409 -2.45704 3 
-1.27631 -6.21996 -1.56075 3 
-1.27361 -6.3576 -1.92214 3 
-1.69821 -6.73975 -1.7741 3 
-1.20601 -5.58561 -1.5714 3 
-0.291926 -6.99071 -0.935253 3 
-1.45508 -6.55058 -1.86782 3 
-1.07959 -6.05055 -1.81942 3 
-2.19872 -6.12259 -2.04137 3 
-1.10578 -6.07613 -1.71711 3 
-1.69976 -7.18715 -1.49781 3 
-1.29125 -5.40864 -1.91685 3 
-1.59207 -6.94951 -1.32231 3 
-0.760397 -6.88148 -1.59489 3 
-1.27929 -7.00013 -1.54714 3 
-0.803352 -7.07411 -0.969293 3 
-1.5222 -5.55345 -2.002 3 
-1.2446 -6.29603 -1.08837 3 
-0.0668035 -6.62914 -0.486322 3 
-0.911307 -6.49155 -1.01666 3 
-0.725466 -6.56612 -1.27887 3 
-0.993776 -6.67154 -1.08646 3 
-1.09908 -7.07981 -0.701608 3 
-1.24894 -6.77373 -1.18028 3 
-1.20261 -6.09263 -1.70006 3 
-1.25393 -6.39003 -1.25231 3 
-1.44296 -6.46379 -1.34225 3 
-0.570726 -6.74222 -0.837717 3 
-0.668283 -6.8219 -0.341105 3 
-0.599537 -7.39295 -0.495486 3 
-0.75487 -6.94457 -1.12842 3 
-0.349535 -6.46857 -0.998117 3 
0.213557 -6.15633 -0.486336 3 
-0.947801 -6.53301 -1.10936 3 
-1.19291 -7.26697 -0.934073 3 
-0.797015 -7.20979 -0.818923 3 
-0.7909 -6.6041 -1.09922 3 
-1.22701 -7.20967 -1.10633 3 
-0.776069 -6.83157 -0.942273 3 
-0.911922 -5.56875 -1.53453 3 
-0.189618 -7.56742 -0.365074 3 
-0.504272 -6.44245 -0.686889 3 
-0.539034 -7.18277 -0.268726 3 
-0.0797026 -7.10879 -0.100239 3 
-0.26511 -7.10243 -0.554631 3 
-0.515157 -6.9537 -0.245689 3 
-1.43353 -5.84593 -1.03427 3 
-0.80723 -5.43339 -1.02905 3 
0.506074 -7.62063 1.07831 3 
-0.370514 -6.16528 -0.0594604 3 
-0.0612002 -7.01835 -0.0241363 3 
0.313577 -7.37064 0.211818 3 
0.345438 -6.15161 -0.171734 3 
0.873621 -6.62381 0.463026 3 
0.0711594 -7.13443 0.518648 3 
0.273334 -7.15726 0.747767 3 
0.866245 -7.48822 0.903951 3 
0.985724 -6.60784 0.662321 3 
0.589068 -6.57665 0.270551 3 
0.800796 -6.76554 0.840827 3 
1.16235 -7.77223 1.12242 3 
0.585493 -6.65724 0.436676 3 
1.63139 -6.71355 0.723136 3 
1.02729 -7.35893 0.65535 3 
1.01459 -6.44199 0.611056 3 
1.03297 -7.49502 1.39992 3 
0.7067 -7.4049 1.10306 3 
0.828689 -7.64579 1.57249 3 
0.602697 -6.99903 1.27259 3 
0.454882 -7.05338 0.989956 3 
1.19127 -7.87287 1.67419 3 
1.01955 -6.95616 1.28604 3 
1.37882 -8.28915 1.57667 3 
0.363673 -6.88664 0.701683 3 
0.659943 -6.49875 0.816539 3 
0.980238 -7.13477 1.17377 3 
1.13377 -7.37475 1.29857 3 
0.722802 -6.74535 0.963438 3 
1.27444 -7.11802 1.15145 3 
0.35695 -6.45047 0.510003 3 
0.878626 -7.24368 1.26857 3 
0.91738 -6.63593 1.10832 3 
1.62791 -8.22887 2.00632 3 
1.93281 -7.99804 2.24001 3 
1.78364 -7.58151 1.91436 3 
1.81766 -6.99575 1.77931 3 
1.72444 -7.37207 1.68236 3 
1.72882 -6.95521 1.70952 3 
1.0415 -6.61361 1.03321 3 
1.25832 -7.1932 1.47849 3 
2.04474 -6.57215 1.1758 3 
2.48909 -7.76791 2.23463 3 
2.38924 -8.07989 1.72337 3 
2.44631 -7.24835 1.48524 3 
3.47051 -8.26799 2.19956 3 
3.76077 -9.07388 3.10371 3 
2.96019 -6.97041 1.60419 3 
2.45028 -7.22785 1.81924 3 
3.10875 -8.04272 2.52891 3 
2.62686 -7.49469 1.99 3 
3.6655 -8.01541 2.31944 3 
2.81642 -7.60396 1.96257 3 
2.54886 -6.89677 1.99635 3 
3.37188 -7.72579 2.44912 3 
3.5376 -7.86024 2.66988 3 
3.03477 -8.14263 2.64403 3 
3.13047 -7.77613 2.74756 3 
2.97533 -7.30247 2.59336 3 
3.64301 -7.49168 2.52991 3 
3.53422 -7.48621 2.88241 3 
3.05086 -7.48795 2.28992 3 
3.31794 -7.34496 2.73557 3 
3.49152 -7.43394 2.94924 3 
3.22027 -7.76345 2.73044 3 
3.35913 -7.52329 2.99204 3 
2.50893 -7.67339 2.55039 3 
2.08328 -6.80747 1.91014 3 
3.0042 -7.69165 2.78368 3 
3.46681 -8.10378 2.75575 3 
2.97007 -7.40034 2.7008 3 
2.74218 -7.34952 2.47003 3 
2.92541 -7.29668 2.89173 3 
2.55793 -7.11368 2.22962 3 
3.5652 -8.47078 3.0716 3 
3.70011 -8.08176 3.59084 3 
2.53627 -7.12183 2.09631 3 
2.8458 -7.29688 2.31481 3 
2.39753 -7.30195 2.54029 3 
3.93136 -7.51951 3.58968 3 
3.39344 -7.35891 2.97408 3 
3.22633 -7.69996 2.97263 3 
2.86211 -6.65806 2.41635 3 
4.05504 -7.79275 3.25161 3 
2.26926 -5.93003 2.18431 3 
2.12382 -6.95144 2.09621 3 
2.64503 -6.66851 2.40241 3 
3.42763 -7.09318 3.00523 3 
2.43391 -6.64014 2.38086 3 
4.41385 -7.77034 3.66308 3 
3.422 -7.35597 2.67031 3 
3.92671 -7.52623 3.22463 3 
3.00475 -6.7466 2.70236 3 
2.54067 -6.15791 2.29105 3 
3.74293 -7.60087 3.05972 3 
3.50012 -6.67013 2.99376 3 
5.4783 -8.35398 4.42936 3 
3.03497 -6.53863 2.69987 3 
3.03445 -6.66219 3.00962 3 
3.49043 -6.33453 2.99618 3 
2.70749 -5.94479 3.02776 3 
1.5675 -4.92308 1.92252 3 
2.82293 -5.76099 2.99054 3 
2.44227 -5.76799 2.03118 3 
3.42534 -6.14783 2.92953 3 
2.73384 -5.87576 2.59249 3 
2.45821 -5.22968 1.72659 3 
4.35354 -7.33923 3.73637 3 
2.7964 -5.9582 2.53004 3 
4.53205 -7.37551 4.5538 3 
3.93612 -6.23875 3.83741 3 
3.93471 -6.85748 3.89155 3 
2.33743 -5.50134 2.56734 3 
3.04662 -6.42497 3.06884 3 
2.98044 -5.97251 2.96326 3 
2.78794 -6.04587 2.93458 3 
4.09893 -6.87676 4.34468 3 
4.71808 -7.53021 4.60774 3 
4.75172 -7.38418 4.82755 3 
3.35031 -6.24765 3.53581 3 
4.28695 -6.80614 4.15283 3 
2.21035 -4.92469 2.02517 3 
3.03717 -5.33989 2.88441 3 
2.58627 -5.44195 2.39398 3 
2.47731 -5.56367 2.64819 3 
3.12525 -5.98111 2.93501 3 
2.66775 -6.30201 3.14975 3 
2.91981 -5.38013 2.78392 3 
3.94332 -6.12517 3.88377 3 
2.18357 -4.5292 1.68804 3 
2.56423 -4.57059 2.11417 3 
2.12354 -4.09197 1.76243 3 
3.71331 -5.59063 3.25112 3 
1.32347 -3.30942 1.05742 3 
3.46466 -5.5555 3.32644 3 
4.31975 -5.9551 4.1294 3 
2.11417 -3.7127 1.46568 3 
3.0168 -5.33711 2.97937 3 
3.91067 -5.76158 3.61571 3 
2.73554 -4.97238 2.60514 3 
-0.376334 5.40524 2.67483 3 
-0.760372 5.43602 2.35738 3 
-1.48307 5.36173 1.64691 3 
-1.44676 5.01612 1.44963 3 
-0.61143 4.64316 2.126 3 
-1.69941 5.29787 0.96842 3 
-1.61378 4.67116 0.896538 3 
-1.85429 6.06819 0.405441 3 
-2.95495 7.17467 -0.0633191 3 
-2.68292 6.66488 0.252037 3 
-2.48091 7.15122 0.283918 3 
-2.14225 5.84018 0.347028 3 
-4.91225 8.28004 -1.75294 3 
-4.65759 8.5033 -1.29471 3 
-4.72749 8.26518 -1.40897 3 
-5.36403 8.95253 -1.86879 3 
-5.5886 8.36942 -1.7448 3 
-5.19631 8.04065 -1.76378 3 
-5.68261 8.61097 -2.17324 3 
-5.95414 7.91886 -2.54566 3 
-5.39953 7.5034 -2.36417 3 
-5.92133 7.9137 -2.62819 3 
-7.35044 9.48934 -3.46837 3 
-6.79503 8.6481 -2.96085 3 
-6.34837 8.7905 -2.74479 3 
-7.97282 9.67739 -3.67308 3 
-8.09253 9.41 -4.68553 3 
-7.26959 9.19908 -3.68265 3 
-7.89047 9.39308 -3.96132 3 
-8.47712 9.66387 -4.32327 3 
-8.40574 9.70112 -4.71998 3 
-7.81967 9.08117 -4.41487 3 
-8.03376 9.44509 -4.50417 3 
-9.23009 9.60991 -5.33776 3 
-8.7106 9.68231 -4.87545 3 
-9.69958 10.8124 -5.41818 3 
-9.77486 10.2093 -5.71041 3 
-9.26168 10.3747 -5.41733 3 
-10.4049 10.9159 -5.98323 3 
-9.99929 10.5679 -5.8184 3 
-9.83979 9.73234 -5.56332 3 
-9.88211 9.96472 -6.1034 3 
-9.6896 9.99302 -5.63603 3 
-9.18138 9.76114 -5.63654 3 
-9.32105 8.86387 -5.57214 3 
-9.7615 9.39202 -5.86774 3 
-11.3544 10.8523 -6.95786 3 
-9.93251 10.0342 -6.04956 3 
-11.8259 11.91 -7.08254 3 
-10.3038 10.2011 -6.73402 3 
-10.7997 11.0938 -6.65483 3 
-10.5345 9.8902 -6.49654 3 
-10.0987 10.4878 -6.37501 3 
-10.1279 9.80322 -6.62495 3 
-11.141 10.6499 -7.29666 3 
-11.2175 10.1037 -6.69963 3 
-11.9675 10.6214 -7.70513 3 
-11.4165 10.7057 -7.19255 3 
-11.3949 10.1105 -7.26698 3 
-11.2222 10.2254 -7.08647 3 
-10.8457 9.67422 -6.89234 3 
-11.7261 10.6706 -7.86583 3 
-8.73055 8.1339 -6.24692 3 
-9.84516 9.30262 -7.08463 3 
-10.2839 8.93923 -7.15361 3 
-11.0734 10.0969 -7.84269 3 
-10.2903 9.23461 -6.97035 3 
-11.599 9.99334 -7.86549 3 
-12.2242 10.5391 -8.64362 3 
-9.78737 8.20087 -6.66385 3 
-11.3501 9.51436 -7.80744 3 
-10.095 8.7238 -6.61594 3 
-12.0261 10.3933 -8.49035 3 
-10.073 8.28522 -6.93264 3 
-11.0401 9.57538 -7.71684 3 
-10.1364 8.40945 -7.10042 3 
-11.1259 9.70808 -8.02299 3 
-10.3853 9.12683 -7.368 3 
-10.176 8.30875 -7.35727 3 
-10.4683 8.60354 -7.1056 3 
-10.6896 8.8416 -7.33605 3 
-10.1852 8.2793 -7.6 3 
-10.1882 8.36482 -7.25408 3 
-9.53266 8.17231 -7.11122 3 
-9.90913 8.51464 -7.29116 3 
-10.9845 9.26463 -8.06348 3 
-10.9742 9.38677 -7.86916 3 
-11.146 9.45379 -8.05618 3 
-9.63805 8.08524 -6.95029 3 
-11.0282 9.16571 -8.0862 3 
-10.4043 9.37148 -7.75398 3 
-10.5667 9.162 -7.87276 3 
-9.94541 7.93955 -7.15697 3 
-9.96741 7.78566 -7.53333 3 
-10.1845 8.19724 -7.88362 3 
-10.1626 8.1039 -7.51374 3 
-10.4934 8.39215 -7.73957 3 
-10.8664 8.64399 -7.93498 3 
-10.4452 8.31437 -7.48607 3 
-10.4244 8.06352 -7.6399 3 
-10.6511 8.7965 -7.9696 3 
-11.0931 9.23149 -8.43179 3 
-10.2725 8.36994 -7.75984 3 
-10.8664 9.01081 -8.30051 3 
-11.0181 9.11177 -8.69429 3 
-11.3023 9.27628 -8.50048 3 
-11.8074 9.15587 -8.54222 3 
-10.7238 9.02708 -8.40115 3 
-10.4007 9.15879 -8.15622 3 
-10.7296 8.72151 -8.73645 3 
-11.1475 8.90697 -8.6896 3 
-9.72933 7.97093 -7.88398 3 
-10.2285 8.42859 -8.01122 3 
-10.3049 8.34966 -8.21981 3 
-10.3924 8.49678 -8.45913 3 
-9.94138 7.10722 -7.63632 3 
-11.6319 8.73389 -9.13279 3 
-9.60934 7.25884 -7.78302 3 
-11.0268 8.38099 -8.61844 3 
-11.2496 8.95454 -9.03906 3 
-10.5698 8.28262 -9.06193 3 
-11.1632 8.51233 -9.23472 3 
-10.2889 7.94091 -8.56453 3 
-12.5008 9.5571 -9.99513 3 
-11.1664 8.52931 -9.07861 3 
-10.4533 8.17962 -8.67881 3 
-9.38197 7.31255 -7.99539 3 
-9.77344 7.48908 -8.31569 3 
-10.2508 7.43616 -8.38212 3 
-10.1764 7.45803 -8.2824 3 
-10.3712 8.44108 -8.99252 3 
-9.00737 6.43457 -7.91349 3 
-10.1225 7.86963 -8.52424 3 
-10.9982 8.40361 -9.42286 3 
-9.32598 6.82317 -7.93163 3 
-10.1929 7.76676 -8.58484 3 
-10.8185 8.10952 -8.9635 3 
-11.3576 8.43162 -9.36906 3 
-9.10809 6.79053 -7.95739 3 
-10.2845 8.11133 -8.73276 3 
-11.0541 7.99829 -9.59568 3 
-9.71338 6.99273 -8.49271 3 
-10.7911 8.21293 -9.36419 3 
-9.51841 6.99464 -8.1423 3 
-11.0666 7.89512 -9.33014 3 
-9.8165 6.884 -8.61816 3 
-10.7114 7.71259 -9.26551 3 
-10.7515 7.64499 -8.99576 3 
-11.1536 8.02656 -9.5008 3 
-10.0876 7.45882 -8.69941 3 
-10.8633 7.94153 -9.17369 3 
-10.2008 7.67684 -8.7071 3 
-11.8963 8.64639 -9.77281 3 
-10.1593 7.50969 -8.8809 3 
-10.8785 7.97829 -9.36436 3 
-10.2016 7.46682 -8.9135 3 
-11.7576 8.29966 -10.018 3 
-9.66416 6.94556 -8.57873 3 
-9.54403 6.46425 -8.21522 3 
-9.7565 6.89512 -8.79328 3 
-10.5845 7.5726 -9.24447 3 
-10.5147 7.4329 -9.54597 3 
-10.5195 7.79493 -9.37839 3 
-10.411 7.13921 -8.91301 3 
-11.213 7.86205 -10.0679 3 
-10.9364 7.50617 -9.74003 3 
-10.3895 6.94653 -9.50259 3 
-9.27174 5.65453 -8.47106 3 
-10.9025 7.78459 -10.0472 3 
-10.5457 7.07521 -9.47131 3 
-10.3005 6.39101 -9.27899 3 
-10.2697 7.13108 -9.14449 3 
-10.9049 7.36453 -9.73657 3 
-10.4641 6.74092 -9.24567 3 
-10.7521 6.92675 -9.33643 3 
-9.65233 6.33543 -8.86147 3 
-10.5737 7.46183 -9.62625 3 
-10.3614 6.57668 -9.37793 3 
-12.0244 8.02679 -10.8203 3 
-10.6228 7.18799 -9.47368 3 
-11.9302 7.93757 -10.7532 3 
-12.5058 8.57197 -11.2606 3 
-9.30551 5.78669 -8.54139 3 
-11.6077 7.8043 -10.5663 3 
-12.8289 8.37721 -11.142 3 
-11.1022 7.31401 -10.3323 3 
-11.186 6.77014 -10.1405 3 
-9.53302 5.63582 -8.76542 3 
-10.4629 6.27736 -9.81513 3 
-10.7027 6.65565 -10.2438 3 
-11.6308 7.18759 -11.0648 3 
-9.91011 6.27558 -9.40176 3 
-9.83249 5.91386 -9.26986 3 
-11.1598 7.19689 -10.148 3 
-11.6323 7.10532 -9.87224 3 
-11.2013 7.11968 -9.79638 3 
-12.0367 7.69122 -10.75 3 
-11.4054 7.29061 -10.0384 3 
-11.4083 7.28056 -10.4355 3 
-11.0195 6.61102 -9.93351 3 
-11.4046 7.01231 -9.68733 3 
-11.6529 7.43445 -10.4351 3 
-11.4655 6.82902 -10.0888 3 
-10.6058 6.92734 -9.61428 3 
-10.6861 6.62759 -9.8052 3 
-10.8549 6.29821 -9.96465 3 
-10.0726 5.71577 -9.70546 3 
-9.29824 4.90633 -8.71949 3 
-9.97301 5.56142 -9.50141 3 
-10.1832 5.59905 -9.87305 3 
-9.38801 5.48921 -8.69521 3 
-10.461 5.56919 -9.77971 3 
-9.68319 4.71036 -9.41321 3 
-9.72082 4.86609 -9.16574 3 
-10.5734 5.74459 -10.4491 3 
-10.8912 5.86673 -10.7903 3 
-10.5239 5.1826 -10.6211 3 
-9.71604 4.44913 -9.31673 3 
-11.0558 5.7782 -10.641 3 
-9.87313 5.15833 -10.2141 3 
-9.45825 4.21268 -9.64016 3 
-8.45485 3.93329 -8.85954 3 
-8.08704 3.62422 -8.48839 3 
-8.86657 4.25265 -9.63556 3 
-8.3253 4.03599 -9.04031 3 
-8.58022 3.84822 -9.57713 3 
-8.70161 3.62345 -9.47051 3 
-8.46011 4.41923 -9.55567 3 
-9.37377 4.29761 -10.165 3 
-8.90075 4.02033 -9.78333 3 
-8.51108 3.9865 -9.633 3 
-7.57939 2.88932 -8.49883 3 
-7.43177 2.95387 -8.37847 3 
-7.52452 3.05917 -8.25597 3 
-8.24091 2.83343 -9.43544 3 
-8.10026 3.0826 -8.85089 3 
-8.79732 3.41636 -9.50544 3 
-8.03303 2.60582 -9.24776 3 
-9.36674 3.4756 -10.047 3 
-8.35394 3.51933 -9.35416 3 
-8.00943 2.85291 -9.06926 3 
-8.30361 3.12344 -9.26139 3 
-8.21334 3.17502 -9.31311 3 
-6.74652 2.15219 -8.46681 3 
-8.44389 3.13781 -10.1387 3 
-6.94556 2.26228 -8.38772 3 
-7.19389 2.15098 -8.76792 3 
-7.48684 2.41084 -9.07616 3 
-5.46764 0.918833 -6.96172 3 
-7.2753 2.20952 -8.5157 3 
-7.0595 2.37051 -8.88244 3 
-6.29749 1.73857 -8.08505 3 
-7.25477 2.32686 -8.7309 3 
-6.46562 1.52932 -8.1078 3 
-6.1138 1.48229 -7.73201 3 
-6.70223 1.87732 -8.67757 3 
-6.37539 1.53168 -7.57205 3 
-6.23926 1.57674 -7.96743 3 
-7.09611 2.57799 -8.36067 3 
-7.12235 2.00801 -9.10837 3 
-5.95742 1.60967 -8.47643 3 
-6.15243 1.09382 -8.29589 3 
-5.27799 0.526536 -7.65183 3 
-6.51531 0.500107 -8.89244 3 
-6.08247 0.815371 -8.67329 3 
-5.9438 1.00079 -7.65097 3 
-6.18872 1.00828 -8.44815 3 
-5.41202 0.392056 -8.07552 3 
-4.74876 -0.216157 -7.35392 3 
-5.73374 0.0752105 -8.23039 3 
-4.92194 0.0217977 -7.82401 3 
-5.33994 0.166539 -7.66894 3 
-5.09089 -0.281405 -7.79843 3 
-3.87632 -0.904468 -6.51302 3 
-4.93396 -0.467409 -8.69806 3 
-4.88371 -0.309555 -7.15298 3 
-4.7474 0.0262034 -7.46412 3 
-4.4247 -0.166654 -7.14514 3 
-4.73685 -0.575684 -8.40237 3 
-4.62273 -0.405828 -7.97407 3 
-5.06113 -0.257183 -7.86665 3 
-4.67499 0.17157 -7.54206 3 
-4.47226 -0.2053 -7.35932 3 
-3.39585 -0.787594 -6.85243 3 
-3.90051 -0.879881 -7.23447 3 
-4.43326 -0.270581 -6.87911 3 
-4.87876 -0.466931 -7.67123 3 
-3.70974 -1.07831 -6.75166 3 
-4.04081 -0.74865 -7.0267 3 
-3.49862 -1.15974 -6.96368 3 
-4.82811 -0.35022 -7.15569 3 
-4.40512 -0.611591 -6.69101 3 
-3.75467 -1.49081 -7.1909 3 
-4.14432 -1.31746 -6.81409 3 
-3.61443 -1.61281 -6.46603 3 
-3.1895 -1.06565 -6.21961 3 
-4.009 -1.04966 -7.03288 3 
-3.48794 -0.85854 -5.82795 3 
-3.64763 -1.46035 -6.34661 3 
-3.89502 -0.963942 -6.56818 3 
-3.13208 -2.06191 -6.63012 3 
-3.15372 -1.32413 -5.71522 3 
-3.65755 -1.42436 -6.95757 3 
-3.09829 -1.75061 -6.01345 3 
-2.80352 -2.08704 -6.03973 3 
-3.39177 -1.38696 -6.37935 3 
-3.47024 -1.73116 -6.54559 3 
-3.96668 -1.10597 -6.94695 3 
-3.1017 -1.65186 -5.82488 3 
-2.19107 -2.82559 -6.1892 3 
-3.04496 -1.70343 -5.54331 3 
-2.53449 -2.5693 -6.02025 3 
-3.05934 -1.83709 -6.01475 3 
-2.26226 -2.81165 -5.67851 3 
-2.27688 -2.70449 -5.6488 3 
-2.07359 -2.18314 -5.66333 3 
-2.24185 -1.95077 -5.55213 3 
-2.91647 -2.0815 -5.96845 3 
-2.06406 -3.26676 -5.89458 3 
-2.69521 -1.83716 -5.89243 3 
-2.06946 -3.26693 -6.10789 3 
-0.952526 -4.41668 -5.56256 3 
-1.63009 -3.01617 -4.87565 3 
-1.67878 -3.16409 -5.85831 3 
-1.32888 -3.48625 -5.05246 3 
-1.14651 -2.826 -4.2251 3 
-1.72462 -3.15282 -5.12774 3 
-0.947792 -3.46557 -5.10835 3 
-0.912544 -2.87433 -4.23673 3 
-0.939951 -3.30385 -4.38913 3 
-1.6231 -3.50329 -4.89678 3 
-1.28195 -3.0303 -4.74317 3 
-1.09184 -3.29232 -5.02378 3 
-1.46539 -3.62203 -5.16192 3 
-1.42896 -4.24485 -5.78278 3 
-1.68638 -2.70716 -4.51917 3 
-1.42468 -3.9311 -5.37755 3 
-2.03614 -2.99015 -4.9923 3 
-1.00007 -3.66541 -4.43434 3 
-1.39931 -3.80991 -4.59993 3 
-0.517807 -3.87883 -4.39081 3 
-0.482283 -4.30414 -4.05271 3 
-1.96491 -2.39887 -4.41964 3 
-1.19845 -3.39728 -4.51016 3 
-1.30092 -3.36143 -4.53178 3 
-1.60844 -3.10493 -4.56077 3 
-0.288338 -4.03962 -4.2489 3 
-0.938199 -3.28266 -3.92909 3 
-1.11896 -3.5614 -4.17924 3 
-0.542667 -4.09489 -3.82496 3 
-0.236893 -3.94421 -3.57971 3 
-0.153328 -3.98376 -3.8204 3 
-0.203271 -4.36155 -3.73059 3 
0.267987 -4.50041 -3.83645 3 
-0.631052 -3.13829 -2.95435 3 
-0.0338447 -4.54264 -3.66273 3 
-0.179566 -3.91297 -3.08995 3 
0.754151 -5.49234 -3.32514 3 
0.335773 -4.93939 -3.1725 3 
0.0815702 -4.58807 -2.99879 3 
-0.0318698 -4.7125 -3.46551 3 
0.18335 -4.21603 -3.05179 3 
-0.118983 -4.08801 -3.45218 3 
-0.287872 -4.39363 -3.4693 3 
-0.00858259 -4.25294 -2.99559 3 
0.0831682 -4.34138 -3.38399 3 
0.620571 -4.70073 -2.83393 3 
0.241516 -4.65605 -2.71042 3 
1.44287 -4.92171 -2.93335 3 
0.384735 -4.54457 -2.71383 3 
0.919495 -5.60368 -2.37896 3 
0.362591 -4.55823 -2.96149 3 
1.00618 -4.80201 -2.23292 3 
1.37002 -5.20313 -2.58923 3 
1.46412 -4.89146 -1.91122 3 
0.981389 -5.57864 -2.59652 3 
0.421423 -3.84086 -2.87883 3 
1.30247 -5.75553 -2.68098 3 
0.605698 -4.18364 -2.36968 3 
0.688936 -4.7792 -2.93614 3 
0.521088 -4.63223 -2.15926 3 
1.44015 -5.58568 -1.86244 3 
0.985931 -4.35784 -2.06582 3 
1.91008 -5.75187 -2.03303 3 
0.625687 -4.54631 -2.22175 3 
0.924942 -4.73124 -2.48154 3 
1.74645 -6.26369 -1.60786 3 
1.34247 -5.01982 -1.51753 3 
1.90866 -5.70938 -1.58752 3 
1.41245 -5.21872 -2.0764 3 
1.44335 -4.72167 -1.65111 3 
2.2416 -6.10029 -1.65338 3 
2.2263 -5.05638 -1.15168 3 
2.35867 -6.15729 -1.34034 3 
2.57706 -5.27339 -0.94388 3 
1.75281 -5.29926 -1.53301 3 
1.18296 -4.45089 -1.55674 3 
1.54253 -5.52052 -1.6381 3 
0.391103 -3.85784 -2.03808 3 
2.89848 -6.29068 -1.07102 3 
2.26724 -5.90139 -1.19566 3 
2.74005 -5.83341 -0.883657 3 
2.76542 -5.93633 -0.466729 3 
3.51536 -6.97578 -0.551277 3 
1.91986 -4.79461 -0.839726 3 
2.19949 -5.68603 -0.455165 3 
2.96874 -6.4455 -0.332673 3 
3.05015 -5.86705 -0.393058 3 
3.7183 -7.20234 0.0783786 3 
3.62236 -6.74943 0.0175579 3 
2.94585 -5.56739 -0.58677 3 
2.33708 -5.93234 -0.562438 3 
2.53575 -5.9124 -0.110183 3 
3.12877 -6.66851 -0.467645 3 
2.1171 -4.88559 -0.603272 3 
3.64332 -6.55513 -0.368022 3 
2.1248 -5.45215 -0.830022 3 
2.81234 -5.71411 -0.103269 3 
3.01681 -5.50036 -0.427287 3 
4.31749 -7.30515 0.515873 3 
2.8286 -6.06242 -0.0532227 3 
2.92186 -5.35702 -0.632952 3 
3.28412 -6.55725 0.109706 3 
2.85182 -5.68556 -0.129973 3 
4.10754 -7.27284 0.463062 3 
3.20649 -5.83132 -0.353467 3 
3.08399 -5.8683 -0.262802 3 
3.5357 -5.66941 0.000668008 3 
3.20324 -6.0494 -0.275654 3 
3.76752 -6.21987 0.29187 3 
3.22178 -6.04556 -0.149801 3 
2.38042 -5.04141 -0.051951 3 
3.16687 -5.62238 -0.221551 3 
3.29486 -5.78459 -0.299154 3 
2.85273 -5.65297 -0.312944 3 
4.15148 -6.15906 0.726178 3 
3.58868 -6.56461 -0.155504 3 
3.56936 -5.49617 -0.0704431 3 
3.49161 -5.96484 -0.00809978 3 
3.51393 -6.2538 0.209027 3 
3.77394 -6.21673 0.0562367 3 
3.38526 -5.49277 -0.0238047 3 
4.08973 -6.65915 0.489327 3 
4.29683 -6.99558 0.736093 3 
4.30681 -6.6064 0.288441 3 
4.48273 -6.84718 0.918054 3 
3.78112 -5.89538 0.53271 3 
4.41773 -6.4164 1.03914 3 
4.35959 -6.29575 0.892404 3 
4.32863 -6.82859 1.03657 3 
3.63608 -5.89759 0.404299 3 
4.21572 -5.97317 0.623784 3 
4.89694 -7.31867 1.38774 3 
3.72556 -5.6355 0.48591 3 
5.22417 -7.63357 1.14397 3 
4.83253 -6.52266 1.04726 3 
4.63132 -6.7895 1.05795 3 
3.35887 -5.10334 -0.0561057 3 
5.04318 -7.29743 1.42269 3 
4.585 -6.49426 1.10822 3 
4.18404 -6.79746 1.2796 3 
3.84246 -5.52299 0.570097 3 
4.09894 -6.28905 0.919359 3 
4.44998 -6.77214 1.47912 3 
4.42758 -6.29577 0.642233 3 
4.73165 -6.3965 1.20049 3 
4.69682 -6.5323 1.37694 3 
5.19447 -6.73548 1.66565 3 
4.39737 -7.00927 1.25074 3 
3.65113 -6.31208 1.10307 3 
4.4365 -6.62956 1.23683 3 
5.07174 -6.83276 1.23829 3 
4.20599 -6.24691 0.951055 3 
4.76787 -6.57475 1.36009 3 
4.52691 -6.21946 0.776948 3 
5.0112 -6.39263 1.29855 3 
5.01895 -7.04764 1.41435 3 
3.93869 -5.69793 0.67001 3 
5.13412 -6.96272 1.58466 3 
4.55108 -6.03013 1.54495 3 
4.2935 -6.67432 1.3251 3 
4.80244 -6.43335 1.60046 3 
5.09295 -6.74333 1.43828 3 
5.45011 -7.09965 1.95188 3 
5.42932 -7.09836 2.17154 3 
4.43231 -5.51278 1.52193 3 
4.96446 -6.76406 1.74742 3 
4.8624 -6.28535 1.69252 3 
4.57047 -5.83939 1.6066 3 
5.30956 -6.29016 2.04912 3 
5.35969 -6.11021 1.54219 3 
5.05052 -6.01435 1.68966 3 
4.74559 -6.10012 1.38888 3 
5.22966 -6.05984 1.74697 3 
4.42368 -5.29106 0.996919 3 
4.55373 -5.25855 1.05354 3 
4.72929 -5.88765 1.43849 3 
6.19787 -7.21908 2.41451 3 
4.71195 -5.78935 1.20503 3 
5.9839 -7.18062 2.28432 3 
5.52354 -6.24332 1.71679 3 
5.27172 -5.75832 1.79488 3 
5.12038 -5.75967 1.51337 3 
6.4103 -7.26763 2.03132 3 
5.57491 -6.48632 1.95719 3 
5.61436 -6.81033 2.04624 3 
5.24465 -6.80001 1.72713 3 
5.98646 -6.9368 2.38905 3 
5.23534 -6.05966 1.79763 3 
5.74414 -7.03542 2.02943 3 
5.10538 -6.03512 1.45627 3 
5.90885 -7.12829 2.41461 3 
6.81741 -7.46708 2.87588 3 
5.39875 -6.28344 1.75094 3 
5.51206 -6.65579 2.071 3 
4.71477 -5.73851 1.40537 3 
5.4591 -7.15793 1.93963 3 
5.11796 -6.08698 1.74294 3 
6.67533 -7.41969 2.76233 3 
5.10994 -5.93365 1.90752 3 
5.2025 -6.41015 2.30113 3 
4.70744 -5.73294 1.73407 3 
6.14963 -6.69601 2.78206 3 
6.33041 -6.56643 2.63942 3 
5.31467 -5.86623 2.33897 3 
6.05191 -6.66541 2.64649 3 
6.07878 -6.77657 2.42209 3 
5.46091 -5.34139 1.62684 3 
4.99818 -5.76006 1.50068 3 
5.24558 -5.67472 2.30089 3 
5.59726 -6.16892 2.13451 3 
7.5045 -7.56004 3.2857 3 
5.90599 -6.34239 1.96847 3 
6.59081 -7.11103 2.71119 3 
6.52622 -6.91095 2.52032 3 
5.8474 -6.14893 2.25133 3 
6.52736 -6.34332 2.19539 3 
7.02069 -7.28566 2.88155 3 
6.06979 -6.11703 2.30278 3 
6.42624 -6.22682 2.50434 3 
5.3662 -5.1802 1.52936 3 
4.89619 -5.01262 1.27731 3 
5.92074 -5.98953 2.24989 3 
5.75662 -5.73519 1.6711 3 
7.45163 -6.86872 2.89934 3 
5.23305 -5.78368 1.9157 3 
6.25465 -5.76281 2.26174 3 
5.34964 -5.36624 2.01511 3 
5.86069 -5.86562 2.13045 3 
5.84102 -5.68629 1.76838 3 
4.76692 -4.71226 1.40156 3 
5.72371 -5.65116 2.0948 3 
6.24357 -6.57517 2.34755 3 
6.34036 -6.56194 2.88267 3 
6.69786 -6.47669 2.84601 3 
5.77179 -5.69828 1.58353 3 
5.88827 -5.92684 1.87175 3 
5.72429 -5.93536 2.20894 3 
6.39355 -6.47353 2.41882 3 
6.37387 -6.66482 2.41987 3 
5.58026 -5.6293 2.02081 3 
6.82198 -6.76451 2.79065 3 
5.5135 -5.67505 2.19855 3 
6.60046 -6.00485 2.53598 3 
6.63238 -6.62178 2.78596 3 
5.22424 -5.74803 1.75877 3 
5.91576 -5.77742 2.28558 3 
7.01525 -6.50046 3.21413 3 
6.09911 -5.28258 2.80562 3 
6.06821 -5.67431 2.37782 3 
6.31678 -6.63359 3.10841 3 
5.48947 -5.50885 2.08626 3 
5.89119 -5.52227 2.07845 3 
6.50963 -6.56935 2.82229 3 
6.77364 -6.9437 3.27253 3 
5.99517 -5.79946 2.43094 3 
6.35817 -6.59747 2.64028 3 
5.05041 -5.28754 1.77734 3 
4.9754 -5.32115 1.4159 3 
6.04291 -6.2937 2.53163 3 
5.45685 -5.08653 2.18336 3 
5.51263 -5.31153 1.97714 3 
4.71629 -4.97056 1.34322 3 
4.35172 -5.31928 1.54597 3 
4.61444 -5.06421 1.52915 3 
4.30724 -5.09981 1.49322 3 
5.32564 -5.50153 1.86869 3 
4.6868 -4.83799 1.50395 3 
4.33443 -5.08061 1.12519 3 
5.71893 -5.95001 2.32517 3 
4.03899 -4.64356 1.3314 3 
5.05689 -5.31155 1.69605 3 
6.25957 -6.49069 2.77764 3 
6.01015 -5.44077 2.29168 3 
5.6251 -5.79199 2.08666 3 
4.80691 -5.34673 1.45502 3 
5.39552 -5.73063 2.36578 3 
5.60014 -5.86389 2.35227 3 
4.75626 -4.95589 1.7765 3 
5.70635 -5.571 1.96607 3 
5.88093 -6.30947 2.62056 3 
4.39303 -5.45046 1.4056 3 
5.34303 -5.99866 2.28769 3 
5.90692 -6.05424 2.13347 3 
3.70652 -3.93466 0.0708931 3 
4.47845 -5.51607 1.8645 3 
5.98169 -6.45199 2.69703 3 
4.68934 -5.37971 1.84465 3 
5.57085 -6.12586 2.54458 3 
5.94743 -6.43798 2.89335 3 
8.43104 -7.79604 4.46382 3 
7.4198 -7.28861 4.06517 3 
5.85008 -5.97038 2.90484 3 
4.98775 -5.38962 2.04102 3 
4.86411 -5.24675 2.02389 3 
5.66079 -6.02862 2.40312 3 
5.57429 -6.29704 2.29464 3 
5.1392 -6.20544 2.64208 3 
5.28456 -5.38143 2.24044 3 
3.73199 -4.82341 1.35241 3 
5.42519 -5.24047 1.89429 3 
4.8261 -4.95981 1.87004 3 
5.24287 -5.41899 1.97971 3 
4.3826 -4.84328 1.45699 3 
5.96115 -6.23207 3.24147 3 
4.7104 -5.33987 1.68411 3 
4.94835 -5.1631 1.79442 3 
5.28297 -5.37026 2.42068 3 
5.34916 -5.05313 2.21803 3 
5.13672 -5.54496 2.28152 3 
6.7975 -6.55961 3.63972 3 
5.56651 -6.28903 2.65526 3 
-0.213947 0.870224 1.61614 3 
0.747324 -0.102137 2.38557 3 
-0.210405 0.930457 1.90509 3 
-0.434644 1.13134 1.56021 3 
-0.775987 0.426607 1.09505 3 
0.603064 -0.44584 1.54174 3 
0.185075 -0.275576 2.05671 3 
-0.397736 -0.0217932 0.81347 3 
-0.422271 0.891011 1.34454 3 
-0.468727 0.775137 1.37516 3 
-0.743117 0.947811 1.02749 3 
-1.23698 1.33128 0.851969 3 
-1.71525 2.16251 0.837031 3 
-1.48886 1.40377 1.06393 3 
-1.62146 1.91046 0.255486 3 
-1.27296 1.9668 0.562162 3 
-1.51238 2.02452 0.70287 3 
-1.6094 1.83006 0.503429 3 
-1.42069 1.42396 0.456393 3 
-2.0647 1.67177 -0.392048 3 
0.0886416 0.181999 1.26564 3 
-1.22079 0.399237 0.356997 3 
-1.92403 0.664273 -0.797742 3 
-2.26694 1.3108 -0.756645 3 
-1.03945 1.02579 0.27455 3 
-2.23706 1.31215 -0.130673 3 
-1.64626 0.942681 -0.0778601 3 
-2.43241 2.08836 -0.851812 3 
-2.24937 1.85574 -0.1508 3 
-2.58326 1.54514 0.0342933 3 
-3.21511 1.63213 -0.492131 3 
-3.10238 1.73684 -0.721186 3 
-2.93331 1.40416 -1.32965 3 
-2.24628 1.19592 -0.346659 3 
-2.76677 1.11469 -1.00471 3 
-3.065 1.8957 -1.4976 3 
-2.95733 2.16908 -1.25906 3 
-3.21109 2.08696 -1.40884 3 
-3.87176 1.89689 -1.56414 3 
-2.2737 1.7252 -1.17694 3 
-2.10562 1.09533 -0.511963 3 
-3.26942 1.83102 -1.13675 3 
-3.87099 2.34014 -1.30467 3 
-4.569 3.23376 -2.09678 3 
-2.99779 2.28499 -1.23303 3 
-2.91024 1.87237 -1.21158 3 
-2.83011 1.56537 -1.18123 3 
-2.66403 1.49129 -1.27048 3 
-3.38073 1.90691 -1.33948 3 
-3.54412 2.10607 -2.2824 3 
-3.65956 1.58086 -2.0352 3 
-3.50751 2.08444 -1.91871 3 
-4.12222 2.50845 -1.95935 3 
-3.42577 1.8525 -1.99191 3 
-4.61225 2.85575 -2.49179 3 
-4.37745 2.89066 -1.90644 3 
-3.47803 2.70884 -2.05407 3 
-4.16336 2.05787 -1.75276 3 
-3.96736 2.07315 -2.28767 3 
-2.89301 2.25998 -1.65435 3 
-3.64392 2.65629 -2.06234 3 
-4.10265 1.92841 -2.14631 3 
-3.72321 2.14793 -2.60347 3 
-3.37898 1.7051 -1.68829 3 
-4.28206 2.5294 -2.6474 3 
-4.04863 1.92809 -2.63096 3 
-4.61336 2.48312 -3.48974 3 
-5.23982 3.81702 -3.56294 3 
-4.11622 2.19889 -3.02241 3 
-3.8195 1.62532 -2.5991 3 
-4.19118 2.09368 -2.71853 3 
-4.11249 2.18655 -2.94469 3 
-3.51056 1.7371 -2.72043 3 
-4.44054 2.16119 -3.17736 3 
-4.21034 1.63904 -3.02682 3 
-3.62099 1.54395 -3.04902 3 
-5.13243 2.15299 -3.75817 3 
-3.92797 1.93308 -3.07614 3 
-5.2625 2.90194 -3.8409 3 
-5.14322 3.24822 -4.38084 3 
-4.37529 2.43211 -3.39206 3 
-5.50206 2.6481 -4.05464 3 
-4.94164 2.76213 -3.76756 3 
-3.32148 1.47726 -2.89395 3 
-4.25574 1.62854 -3.58086 3 
-4.601 2.70369 -3.90529 3 
-4.47003 2.28737 -3.7454 3 
-4.54948 2.55466 -3.23729 3 
-3.81506 1.8211 -3.19785 3 
-4.15612 1.76036 -3.13155 3 
-5.10614 2.68986 -4.02092 3 
-4.27138 2.70398 -3.50194 3 
-4.55811 3.04869 -3.85346 3 
-3.43699 2.03938 -3.54513 3 
-3.54763 2.84146 -3.47549 3 
-3.98974 2.43546 -3.80211 3 
-4.67352 2.61372 -3.88894 3 
-4.502 2.4194 -4.16273 3 
-3.66865 2.08345 -3.51011 3 
-4.08139 2.23693 -4.25596 3 
-3.82752 2.15833 -3.29396 3 
-4.30527 2.2802 -3.23751 3 
-3.72416 2.25296 -3.26655 3 
-4.52963 3.22227 -3.83231 3 
-4.57249 3.0019 -3.67823 3 
-3.9665 2.67194 -3.55355 3 
-2.66722 1.19091 -2.33486 3 
-4.28939 2.2726 -3.46929 3 
-5.26547 3.30372 -4.38688 3 
-4.12166 2.87464 -3.72118 3 
-3.52078 2.50353 -3.17436 3 
-3.74025 2.23675 -3.95561 3 
-3.86347 1.98038 -3.67035 3 
-3.3156 1.96911 -3.0622 3 
-2.61201 1.03222 -2.89584 3 
-2.98133 1.77674 -3.43476 3 
-5.05278 3.38393 -4.21383 3 
-4.74963 2.31527 -4.21829 3 
-4.0235 1.91 -4.17529 3 
-3.24836 1.63817 -3.83718 3 
-4.10328 2.40205 -4.28031 3 
-3.48666 1.91096 -3.17156 3 
-3.99163 2.70447 -3.7565 3 
-4.13737 2.43727 -3.64379 3 
-3.97374 2.26044 -3.91699 3 
-3.27998 2.07306 -4.04389 3 
-4.76731 2.40791 -4.46918 3 
-3.70618 1.67105 -3.53935 3 
-3.94905 2.32157 -3.80933 3 
-4.50297 2.83074 -4.68986 3 
-3.32827 1.9632 -3.33766 3 
-3.72755 2.45605 -3.85054 3 
-3.71465 1.5805 -4.01538 3 
-2.77616 0.870831 -3.35408 3 
-3.5329 1.00985 -3.78519 3 
-3.86016 1.36552 -4.34683 3 
-3.11041 1.38204 -3.82878 3 
-3.92324 1.86591 -4.11528 3 
-3.48158 1.72298 -3.47685 3 
-3.2598 1.91968 -3.72221 3 
-4.09195 2.7032 -4.2965 3 
-3.33204 2.25976 -4.13836 3 
-4.28798 2.51924 -4.57996 3 
-4.06992 2.06761 -4.47524 3 
-3.33154 1.55097 -3.75915 3 
-3.98081 1.91025 -4.49542 3 
-3.2595 1.29135 -3.64017 3 
-2.4602 0.683079 -3.43512 3 
-4.2908 2.07444 -4.33378 3 
-5.27537 2.95238 -4.86131 3 
-4.39476 2.61631 -4.84979 3 
-3.6049 1.92243 -4.13472 3 
-3.48243 0.857957 -3.89038 3 
-1.16263 -3.71829 -3.75673 3 
-1.64463 -3.38566 -4.20897 3 
-0.314436 -4.07995 -3.07309 3 
-0.658748 -3.79241 -2.91708 3 
-0.338313 -3.3698 -2.97166 3 
-0.252408 -3.78003 -3.24006 3 
-1.05637 -3.80742 -3.07706 3 
-1.24718 -3.79075 -3.40769 3 
-0.575816 -3.35418 -2.70955 3 
0.0717363 -4.35958 -2.84407 3 
-0.173054 -4.10032 -2.90219 3 
-1.04457 -4.03513 -3.60368 3 
-0.601167 -4.44007 -2.94394 3 
-0.574214 -3.89642 -2.85958 3 
0.73141 -4.43301 -1.63568 3 
-0.54054 -3.89709 -2.44194 3 
0.0890256 -4.31296 -1.85366 3 
0.257903 -4.1379 -2.05724 3 
-0.489655 -3.71535 -2.77646 3 
-1.15615 -3.94427 -3.37448 3 
-0.513038 -3.76129 -2.797 3 
-1.14837 -3.36064 -3.1874 3 
-1.27829 -3.66195 -3.53584 3 
-1.21478 -3.18799 -3.17685 3 
-0.503789 -3.18002 -2.27523 3 
-0.0806529 -4.06079 -2.31776 3 
-1.27114 -3.25752 -3.68016 3 
-1.81846 -3.4867 -3.99153 3 
-0.889712 -3.65347 -3.47483 3 
0.480057 -3.78852 -2.13549 3 
-0.293153 -3.52097 -2.6353 3 
-1.1079 -3.08688 -3.12834 3 
-0.978276 -3.86351 -3.01671 3 
-1.11712 -3.72487 -3.69076 3 
0.14408 -3.86397 -2.76014 3 
-0.71358 -3.49002 -2.75268 3 
-0.667716 -3.36046 -2.79169 3 
1.72566 -4.27814 -1.30777 3 
1.60821 -4.14009 -1.1536 3 
0.293416 -3.75258 -2.6118 3 
-0.0484316 -3.22719 -2.35579 3 
0.0981664 -3.0607 -2.36675 3 
0.923647 -3.62216 -1.69497 3 
-0.0708821 -3.45463 -2.67608 3 
0.0311409 -3.36057 -2.42226 3 
0.341763 -3.7559 -1.82539 3 
0.863621 -3.24232 -1.60764 3 
-0.367005 -3.12566 -2.63083 3 
1.10889 -3.92799 -1.9832 3 
1.22717 -3.95052 -1.99204 3 
0.731979 -3.68863 -1.98808 3 
0.0565264 -3.75509 -3.29345 3 
1.55362 -3.86052 -1.42898 3 
1.15503 -3.51745 -2.1284 3 
0.0604817 -3.42459 -2.5294 3 
-0.818263 -3.08894 -3.50794 3 
-0.547962 -3.3516 -3.27655 3 
-1.13119 -3.55131 -3.93824 3 
-1.47033 -2.8941 -4.26387 3 
-0.536584 -3.30771 -3.70861 3 
-0.641729 -3.52491 -3.90394 3 
0.773628 -3.87469 -2.50464 3 
-1.0409 -3.16521 -3.59707 3 
-0.368473 -3.87668 -2.68623 3 
-0.396586 -3.69367 -2.92249 3 
0.0213357 -4.43173 -2.38978 3 
-1.12362 -3.94151 -3.07447 3 
-0.891576 -4.05701 -3.22018 3 
0.55416 -5.06727 -1.94754 3 
-0.287706 -4.12412 -2.59769 3 
-1.56743 -3.25233 -3.80913 3 
-0.91466 -3.49845 -3.03505 3 
0.152847 -4.56802 -2.46834 3 
0.307716 -4.36621 -1.86969 3 
-0.147998 -4.45801 -2.02203 3 
-0.278008 -4.13043 -2.94522 3 
0.0689649 -4.61875 -2.20293 3 
-0.349418 -4.08265 -2.76446 3 
0.476438 -4.58518 -1.98309 3 
0.625881 -4.45794 -1.90269 3 
1.13306 -4.55988 -1.46549 3 
0.279859 -4.37598 -2.37068 3 
-0.273574 -4.37617 -2.82541 3 
-0.24903 -3.97612 -2.72238 3 
-0.161683 -3.66238 -2.42307 3 
-0.514347 -3.71406 -2.88953 3 
-1.05687 -3.84106 -3.35317 3 
-0.725918 -4.09101 -3.59658 3 
-0.62697 -3.7621 -2.8525 3 
1.75831 -4.48761 -1.49541 3 
0.375935 -4.13009 -2.34643 3 
-1.61328 -2.98424 -3.35561 3 
-0.0369622 -4.53609 -2.56172 3 
-0.170703 -3.57322 -2.15905 3 
1.61215 -3.99133 -1.1808 3 
2.27146 -4.57956 -0.642111 3 
1.20223 -4.25519 -1.64239 3 
0.109489 -3.72131 -2.19914 3 
1.41659 -4.8906 -0.898581 3 
1.75143 -5.22515 -0.396637 3 
-0.950082 -3.62809 -2.67626 3 
-0.271651 -3.39135 -2.59802 3 
-0.172603 -3.84478 -2.44036 3 
1.08298 -4.27126 -1.36919 3 
-1.34898 -2.7358 -3.04357 3 
-1.08317 -2.77457 -2.80916 3 
-0.287868 -3.15138 -1.94731 3 
-0.0352229 -3.33388 -2.00729 3 
-0.0429705 -3.40541 -2.2652 3 
-0.595503 -3.38661 -2.22824 3 
-0.468027 -3.43907 -2.14532 3 
-0.797261 -3.16905 -2.52509 3 
-1.38849 -3.53682 -3.30073 3 
-0.619833 -3.54548 -2.33292 3 
-1.01105 -3.20946 -2.58617 3 
-0.522769 -3.37027 -2.47075 3 
-1.38542 -2.83129 -2.87116 3 
-2.58673 -2.81378 -3.80938 3 
-2.864 -3.39247 -3.91271 3 
-1.91802 -3.17207 -3.26898 3 
-1.79697 -2.64873 -3.41865 3 
-3.34459 -2.23327 -4.40766 3 
-2.11963 -2.82182 -3.48717 3 
-1.6305 -2.76054 -3.31794 3 
-2.38704 -2.26346 -3.88218 3 
-1.90323 -2.64401 -3.94494 3 
-2.52009 -2.37056 -4.01233 3 
-1.03747 -2.87166 -2.23445 3 
-0.313571 -2.99365 -1.7762 3 
-1.0457 -2.58972 -2.20383 3 
-0.781608 -2.59088 -2.07446 3 
-0.179502 -2.99342 -1.68536 3 
0.242341 -3.49142 -1.72655 3 
-2.01164 -2.23209 -2.64787 3 
-2.64798 -1.98478 -3.09079 3 
-1.71202 -3.02274 -2.67889 3 
-1.2585 -3.13605 -2.34904 3 
-0.32854 -3.17755 -1.84197 3 
-1.09623 -2.88829 -2.2138 3 
0.218352 -3.63412 -1.37669 3 
-0.480281 -3.12746 -1.91282 3 
-4.40453 -0.615323 -3.63435 3 
-4.30945 -0.8036 -3.46487 3 
-3.10212 -1.74278 -3.27698 3 
-4.01809 -0.771938 -3.57641 3 
-5.6665 0.319634 -4.41495 3 
-3.8974 -0.946384 -3.64562 3 
-2.8516 -1.28265 -3.30552 3 
-5.07661 -0.447432 -4.20877 3 
-4.39502 -0.114325 -3.83194 3 
-4.5574 -0.727182 -3.89351 3 
-2.96717 -1.49131 -3.23516 3 
-4.76087 -0.313829 -4.08932 3 
-5.0581 -0.0209398 -4.25812 3 
-6.86778 0.827362 -4.86146 3 
-6.05465 0.296641 -4.60897 3 
-3.15566 -1.0237 -3.55127 3 
-4.60442 -0.395629 -3.87759 3 
-3.56731 -0.514125 -3.84309 3 
-3.17842 -0.648885 -3.35918 3 
-4.07348 -0.34588 -3.73406 3 
-4.48451 -0.629147 -4.08052 3 
-4.81891 -0.436604 -4.06723 3 
-4.88015 1.25801 -5.1974 3 
-6.09392 2.8792 -6.61626 3 
-6.19681 2.51741 -6.60911 3 
-5.63379 1.6527 -5.83978 3 
-5.64842 1.75535 -5.48353 3 
-5.40036 2.07918 -5.86396 3 
-5.74098 1.9118 -6.03361 3 
-6.07775 2.46218 -6.52685 3 
-8.80545 4.84181 -8.57742 3 
-7.65765 4.56284 -8.14824 3 
-7.73181 4.35992 -7.43306 3 
-7.2474 3.96267 -7.36723 3 
-5.79507 2.71033 -6.00545 3 
-4.9693 1.08921 -5.14457 3 
-4.80432 0.890308 -4.77592 3 
-6.0686 2.10183 -6.46538 3 
-5.50641 1.47938 -5.36876 3 
-5.70818 2.0806 -5.79561 3 
-6.83248 2.60858 -6.39371 3 
-6.25941 2.81041 -6.32115 3 
-6.48516 2.93089 -6.6933 3 
-5.27123 0.62219 -4.85628 3 
-6.85411 2.75798 -6.44208 3 
-3.79662 -0.470631 -3.95631 3 
-6.9382 3.22398 -6.72814 3 
-5.31738 1.67434 -5.55172 3 
-7.42953 3.72389 -7.32292 3 
-5.7814 2.10011 -5.78653 3 
-5.89924 2.13022 -5.97034 3 
-7.04767 3.05441 -6.90427 3 
-5.83328 1.75557 -6.06059 3 
-6.35516 3.10483 -6.88104 3 
-5.76577 2.04942 -5.63012 3 
-6.77186 3.04607 -6.66597 3 
-7.33049 3.25285 -7.06445 3 
-5.39635 2.87045 -6.6261 3 
-4.80692 2.586 -5.4285 3 
-5.70224 2.72975 -6.29418 3 
-5.00201 1.12583 -5.12391 3 
-6.05065 2.78146 -6.50086 3 
-5.57561 3.113 -5.93669 3 
-5.26432 1.78111 -5.26922 3 
-5.85194 2.61121 -6.45779 3 
-5.40316 2.29985 -5.94389 3 
-5.3971 2.89904 -6.07714 3 
-6.59134 3.54729 -7.13241 3 
-5.4625 2.15621 -5.43452 3 
-4.67385 1.86069 -5.2532 3 
-6.18154 2.68659 -6.08022 3 
-4.90046 1.87492 -5.44195 3 
-5.80651 2.21281 -6.02016 3 
-6.0681 3.20493 -6.39668 3 
-6.11138 3.09067 -6.11973 3 
-6.88109 4.77189 -7.85797 3 
-6.42019 3.88544 -6.9433 3 
-6.45148 3.59004 -7.00657 3 
-6.62059 3.57256 -6.99968 3 
-6.0399 2.73335 -6.28529 3 
-6.89112 3.38242 -7.06701 3 
-5.98511 3.21157 -6.57417 3 
-6.31313 3.79838 -7.02129 3 
-6.2232 2.91048 -6.59938 3 
-6.06092 2.93121 -6.26304 3 
-6.86712 4.26471 -7.25162 3 
-7.83625 4.82072 -8.41301 3 
-6.01976 2.90253 -6.44542 3 
-5.94465 2.82335 -6.0701 3 
-6.77912 4.45054 -7.62349 3 
-8.09402 5.4747 -8.69332 3 
-6.06471 2.36836 -5.88794 3 
-6.78647 3.5941 -6.62625 3 
-7.10885 4.50953 -8.10028 3 
-7.14053 4.2507 -7.51042 3 
-6.76714 3.58914 -7.12165 3 
-5.86574 3.18345 -6.23188 3 
-6.32043 4.56513 -7.30306 3 
-6.07469 4.00452 -6.7458 3 
-5.72787 3.50567 -6.70764 3 
-5.53492 4.05372 -6.74162 3 
-5.46342 3.45797 -5.75336 3 
-5.14352 2.98486 -5.76637 3 
-6.41611 4.10402 -7.08377 3 
-6.2316 4.34048 -6.9002 3 
-6.13688 4.90189 -6.99399 3 
-5.3858 2.9947 -5.78067 3 
-7.20942 4.98752 -7.78369 3 
-6.06976 3.44298 -6.22653 3 
-6.48049 3.81838 -6.56979 3 
-6.00405 3.90723 -6.26423 3 
-6.0998 3.67829 -6.26065 3 
-6.18416 4.55628 -6.61516 3 
-5.62656 3.90895 -6.26765 3 
-6.86672 4.44571 -7.34584 3 
-6.13679 4.60758 -6.57474 3 
-5.65861 3.52849 -6.11105 3 
-5.70002 3.58616 -5.59843 3 
-6.48552 4.54754 -6.83048 3 
-6.4213 3.74457 -6.05176 3 
-5.61683 4.18184 -6.36413 3 
-6.75253 4.93394 -7.25197 3 
-6.6444 5.35385 -7.47465 3 
-6.66049 4.39281 -6.56927 3 
-6.32667 4.33336 -6.58751 3 
-6.54699 4.71497 -6.80236 3 
-7.55569 5.20563 -7.49688 3 
-8.78104 6.22937 -8.47921 3 
-7.46803 4.78387 -7.35666 3 
-7.94409 5.25443 -7.52642 3 
-6.68286 4.45877 -6.80773 3 
-7.9073 4.70405 -7.20155 3 
-7.36051 4.23095 -6.75807 3 
-7.33156 4.87754 -7.57211 3 
-6.71793 4.75666 -6.70731 3 
-6.71161 3.39415 -6.38494 3 
-8.35459 5.99087 -7.9645 3 
-7.08389 4.92158 -7.03048 3 
-7.0476 5.37233 -7.24039 3 
-7.10313 4.16636 -6.70609 3 
-6.1498 3.33245 -5.58054 3 
-6.83667 4.55453 -6.68849 3 
-7.31105 5.16172 -7.1738 3 
-7.8924 5.49329 -7.67574 3 
-7.46839 5.71028 -7.62546 3 
-6.65065 4.29767 -6.60024 3 
-6.91491 5.54643 -7.15341 3 
-6.99529 4.884 -6.47273 3 
-7.01602 6.11333 -7.42438 3 
-6.61794 4.60471 -6.36611 3 
-7.0892 5.27421 -6.94508 3 
-7.0212 5.21223 -6.81221 3 
-6.9077 5.1739 -6.97233 3 
-6.44422 4.39163 -5.95697 3 
-6.72189 5.82919 -6.77388 3 
-6.82859 5.46705 -6.87328 3 
-7.96907 6.45139 -7.53824 3 
-7.69014 6.74301 -7.80555 3 
-7.1214 5.81555 -6.81466 3 
-6.59861 5.23437 -6.37521 3 
-5.90131 3.7199 -5.50866 3 
-7.14909 4.9477 -6.41848 3 
-8.38268 7.04425 -8.23788 3 
-5.85718 4.58719 -5.6843 3 
-6.55625 4.87349 -6.39198 3 
-7.01996 6.34848 -6.93094 3 
-7.58266 5.9451 -7.16623 3 
-6.662 5.0617 -6.34465 3 
-7.02682 5.85925 -6.9687 3 
-6.71165 4.88178 -6.1319 3 
-6.94982 5.50229 -7.03749 3 
-8.0738 6.42753 -7.6602 3 
-8.41605 7.12978 -8.0744 3 
-7.11706 5.56578 -6.70208 3 
-7.56955 5.60322 -7.14621 3 
-7.10967 5.64799 -6.59153 3 
-7.64927 6.52115 -6.79911 3 
-7.30247 6.13835 -6.51234 3 
-8.31879 7.23504 -7.33529 3 
-7.43318 6.11591 -6.64214 3 
-7.14683 6.05852 -6.71028 3 
-7.78592 6.68112 -7.10197 3 
-6.58837 4.71397 -5.79804 3 
-7.18175 6.75019 -6.58075 3 
-7.2489 6.2604 -6.47562 3 
-7.90026 6.78022 -7.05754 3 
-7.40297 6.68891 -6.85542 3 
-6.73531 5.34249 -6.04842 3 
-7.5502 6.34796 -6.73794 3 
-6.9098 5.63783 -5.97788 3 
-7.22345 6.46133 -6.56028 3 
-6.18799 5.47249 -5.53323 3 
-8.13747 7.98663 -7.66991 3 
-7.12591 6.25382 -6.86137 3 
-6.42618 5.24815 -6.10087 3 
-6.87107 6.36246 -6.4125 3 
-7.68283 6.46306 -6.7562 3 
-7.19875 6.74387 -6.40572 3 
-7.1462 5.62224 -6.02039 3 
-8.11626 7.77153 -7.11833 3 
-7.02051 6.47563 -6.55914 3 
-7.22297 6.55456 -6.75526 3 
-6.63941 5.74106 -6.06023 3 
-7.31631 6.1439 -6.15363 3 
-6.81462 5.63514 -5.77873 3 
-6.67142 6.43863 -6.12505 3 
-7.00387 6.68001 -6.04274 3 
-6.53924 6.26705 -6.32041 3 
-7.09379 7.1222 -6.45017 3 
-7.56052 6.61903 -6.94762 3 
-7.05047 6.02231 -6.49464 3 
-6.2462 6.66181 -6.20273 3 
-8.2937 7.19026 -6.64119 3 
-8.13844 6.28814 -6.39462 3 
-8.8488 7.47947 -7.0818 3 
-7.96767 6.95649 -6.34546 3 
-7.86736 6.80256 -6.31734 3 
-7.36595 6.32681 -6.13507 3 
-6.0517 5.26085 -5.86956 3 
-7.06205 6.41019 -6.12475 3 
-6.86778 6.1335 -5.85656 3 
-6.69247 6.07469 -5.82221 3 
-7.1297 6.4088 -6.31087 3 
-7.50572 6.13699 -6.74724 3 
-7.60254 7.46368 -6.63549 3 
-7.37657 6.73949 -6.78993 3 
-8.20586 7.5458 -6.94582 3 
-7.98781 7.0059 -6.59901 3 
-6.4017 5.7542 -5.7473 3 
-7.73636 7.26785 -6.56557 3 
-6.23917 5.67227 -5.46713 3 
-7.26923 7.04105 -5.91336 3 
-6.11626 6.3437 -5.35006 3 
-7.23363 6.8516 -6.30247 3 
-7.42094 7.41251 -6.29224 3 
-6.24029 5.68752 -5.1668 3 
-7.47134 6.81791 -6.3239 3 
-7.06924 6.39693 -6.28392 3 
-5.8281 5.97598 -5.21641 3 
-6.45355 6.41697 -5.77041 3 
-7.25199 7.22344 -6.23121 3 
-5.75974 5.85058 -5.04737 3 
-6.13433 6.75525 -5.77496 3 
-6.02825 6.23027 -5.69908 3 
-5.95183 6.44116 -4.86409 3 
-4.98973 5.56786 -4.32857 3 
-5.41841 4.92214 -4.53443 3 
-5.23421 5.24636 -4.26422 3 
-5.1336 5.9861 -4.71952 3 
-4.29535 5.03465 -4.29287 3 
-5.41872 5.47682 -4.48644 3 
-5.15281 5.30918 -4.60406 3 
-4.40811 5.12113 -3.80783 3 
-6.05326 6.65924 -4.72005 3 
-5.059 5.4338 -4.42548 3 
-5.22782 6.08045 -4.48235 3 
-5.15834 6.03139 -4.78708 3 
-2.1865 4.37648 -3.09539 3 
-2.62525 4.19927 -3.3539 3 
-3.50143 5.32395 -3.47489 3 
-3.08324 4.62026 -3.30305 3 
-2.51511 4.11529 -3.05425 3 
-2.44113 3.95763 -3.36153 3 
9.40359 -4.99341 6.63139 3 
9.99636 -5.33115 6.88471 3 
8.60873 -4.18441 5.15997 3 
8.14179 -4.20934 5.15737 3 
8.06847 -4.14741 4.71903 3 
8.76389 -4.42774 5.32292 3 
7.98837 -4.11712 4.9201 3 
9.37941 -4.7258 6.31966 3 
8.9203 -4.29012 5.78764 3 
9.10304 -4.05499 5.71635 3 
9.07388 -4.31854 5.56975 3 
8.03653 -4.17982 4.8917 3 
7.31478 -3.95233 4.10463 3 
7.13726 -3.40833 4.29416 3 
8.24186 -4.20912 5.74745 3 
9.22974 -4.75874 6.3368 3 
9.1786 -4.42092 5.82732 3 
9.32873 -4.88679 6.25619 3 
9.33404 -5.09451 6.10283 3 
8.14315 -3.55283 4.84979 3 
9.62174 -4.91416 6.51422 3 
9.95333 -4.67463 6.22405 3 
8.32285 -3.9604 4.89428 3 
9.1378 -4.3413 6.01743 3 
7.73896 -3.44817 4.77615 3 
8.90235 -4.24562 5.39147 3 
11.0522 -4.98954 7.26081 3 
9.79117 -3.97403 6.27649 3 
7.88397 -3.53518 4.72334 3 
9.41084 -4.6653 6.31147 3 
10.6687 -4.8778 7.11277 3 
9.0305 -4.25708 5.5393 3 
7.74725 -2.8684 4.65161 3 
7.98711 -3.73367 4.86639 3 
10.0086 -4.64942 7.12775 3 
10.7863 -4.66494 7.43135 3 
9.25906 -4.36263 6.0065 3 
8.507 -3.94549 5.40802 3 
10.4881 -4.85788 7.17935 3 
10.8401 -4.7786 7.09217 3 
10.9285 -4.84931 7.60114 3 
9.65556 -4.44408 6.97727 3 
8.16022 -3.77536 5.3513 3 
9.17103 -4.15649 6.12846 3 
10.025 -4.50138 7.49325 3 
8.21579 -2.97734 6.57387 3 
8.54624 -3.46973 6.01369 3 
10.228 -3.94366 8.29759 3 
8.54849 -3.13691 7.06518 3 
8.13511 -3.33885 6.3821 3 
8.84455 -3.3479 6.44924 3 
9.15076 -3.47507 6.85427 3 
9.20617 -3.21798 7.19395 3 
7.54402 -2.92177 5.60976 3 
7.49394 -2.28442 5.53683 3 
8.32596 -2.56212 6.62647 3 
8.95972 -2.95031 7.48383 3 
8.48522 -2.88837 6.78683 3 
9.77638 -2.80296 7.9122 3 
8.2943 -2.34403 6.78763 3 
8.35181 -2.72873 6.70741 3 
7.75399 -2.41479 5.91384 3 
7.39416 -2.3976 5.66243 3 
7.33814 -2.31374 5.9274 3 
7.49491 -2.01605 6.34994 3 
7.42434 -1.98705 6.69243 3 
6.73073 -1.97169 5.60085 3 
8.51832 -2.80297 7.02996 3 
7.11151 -2.01164 5.75197 3 
7.6304 -2.19699 6.05421 3 
7.2309 -1.43286 6.16943 3 
6.97893 -1.47375 6.23748 3 
7.62632 -2.03534 6.15296 3 
8.10604 -2.00361 6.33974 3 
7.85945 -1.76862 7.02314 3 
8.07862 -1.41831 7.58245 3 
7.39108 -1.90147 5.96034 3 
7.74319 -1.97827 6.27623 3 
7.79541 -2.24994 6.76721 3 
7.50743 -1.25261 6.76373 3 
6.93324 -1.58453 6.03631 3 
6.98673 -0.984733 6.57619 3 
7.67124 -1.774 7.04532 3 
7.46152 -1.25934 6.82304 3 
7.66854 -1.2866 6.81905 3 
7.03719 -0.502979 6.64105 3 
6.77709 -0.828229 6.07855 3 
7.67521 -1.01804 6.80441 3 
5.95718 -0.592991 5.12999 3 
5.85067 -0.525709 5.17853 3 
6.23106 -0.351315 5.70988 3 
6.51743 -0.268128 6.39336 3 
5.83158 -0.188089 5.10649 3 
6.45492 -0.318983 6.6222 3 
6.91034 -0.568239 6.92366 3 
5.94955 -0.720671 5.6679 3 
5.67651 0.293815 5.28426 3 
6.00921 -0.243714 5.11726 3 
5.84898 0.286922 5.81834 3 
5.95334 0.513826 5.63036 3 
5.43987 0.787954 6.59448 3 
5.85802 0.0391352 5.76749 3 
5.19728 -0.024682 4.73433 3 
5.96157 0.789878 5.59619 3 
5.47107 -0.505069 4.96927 3 
6.10788 0.685847 5.86749 3 
4.64571 1.03724 4.93864 3 
4.38408 1.47237 5.4658 3 
4.62391 1.07834 4.63139 3 
4.5145 0.697433 5.12924 3 
4.71883 0.900193 5.00513 3 
5.0473 1.01354 5.38197 3 
4.51751 1.09872 4.74396 3 
4.62466 1.75331 6.25195 3 
4.62833 1.15163 5.09579 3 
4.59269 0.982528 5.41029 3 
3.96428 0.405025 4.87301 3 
4.36113 1.52545 5.20475 3 
4.71486 1.10451 4.83919 3 
4.09945 1.71507 4.99159 3 
3.60534 1.7889 4.48836 3 
4.06305 2.18224 4.91898 3 
4.56029 1.95299 4.85355 3 
3.76726 2.29032 4.31731 3 
4.45424 1.95272 5.15994 3 
4.02318 2.2523 4.81204 3 
3.89708 1.67492 4.5568 3 
3.60679 1.88896 4.29824 3 
3.48911 2.00865 4.28614 3 
3.37435 2.25419 4.11279 3 
3.7369 2.81598 4.39321 3 
3.65828 1.85501 4.33303 3 
3.81388 2.82378 4.65959 3 
3.35232 2.429 3.91353 3 
3.34803 3.11125 3.97166 3 
3.39703 3.22469 4.28053 3 
2.84262 2.49451 3.79745 3 
2.648 3.85824 3.90507 3 
2.46873 2.95029 3.5259 3 
3.13725 2.89281 3.81228 3 
2.87015 3.07055 3.87164 3 
3.32157 3.96122 3.73728 3 
2.77015 3.81958 4.3146 3 
2.1826 3.14486 2.73794 3 
2.42116 3.75465 3.27822 3 
1.48287 4.74702 2.96696 3 
1.81518 4.10374 2.62361 3 
2.02459 3.95868 2.68339 3 
1.43165 4.67307 2.55702 3 
1.93044 3.87202 3.2028 3 
1.91461 4.36593 2.31484 3 
1.03107 4.17176 2.25242 3 
2.08699 3.64863 2.39093 3 
1.35686 5.03807 2.34228 3 
2.25057 3.97924 2.96727 3 
2.11738 3.75049 2.43141 3 
1.66554 3.85308 2.21174 3 
0.568958 5.17318 1.77981 3 
1.41377 5.06071 2.19333 3 
1.43654 4.58649 2.20718 3 
1.24981 4.13061 1.79859 3 
0.731616 4.47824 1.27348 3 
0.278678 5.11891 1.30562 3 
0.729357 4.84681 1.0645 3 
0.139909 5.63041 1.34126 3 
-0.122878 4.98364 0.565362 3 
0.215353 5.44966 0.829293 3 
0.220047 5.44348 0.00213289 3 
-0.00253779 5.07419 -0.0733585 3 
0.329096 4.53733 0.172979 3 
0.811833 5.03473 0.342256 3 
-0.48097 6.27655 -0.0636007 3 
-0.564174 6.36688 0.318271 3 
-0.402167 5.90829 -0.199507 3 
-0.252227 5.32964 -0.168125 3 
-0.871192 6.74175 -0.518911 3 
0.0864631 4.86155 -0.507722 3 
-1.00376 6.56157 -0.633307 3 
-0.628564 5.70039 -0.883643 3 
-0.583037 5.662 -1.09954 3 
-1.04177 6.31438 -1.13705 3 
-2.1271 7.31119 -2.16902 3 
-1.29466 6.58027 -1.31892 3 
-1.76232 6.95557 -2.45579 3 
-2.34117 8.69259 -2.62437 3 
-1.82952 7.46792 -1.95648 3 
-2.06586 6.56402 -1.86037 3 
-2.11889 6.90292 -2.58412 3 
-2.92584 8.24669 -3.05198 3 
-1.56229 7.11719 -2.22102 3 
-2.42162 8.23724 -2.95789 3 
-2.48101 7.2192 -2.79245 3 
-2.44628 7.42077 -2.83612 3 
-2.75772 7.71921 -3.40646 3 
-1.86627 7.12004 -3.07241 3 
-1.7736 7.02821 -3.00609 3 
-2.27461 6.78771 -3.32375 3 
-2.35511 7.40971 -3.27342 3 
-2.30861 8.01851 -3.44194 3 
-4.14675 9.25588 -4.96643 3 
-3.72837 9.05468 -4.35885 3 
-1.94782 7.28363 -3.51483 3 
-2.12627 6.77527 -3.61804 3 
-3.36616 8.04773 -4.86253 3 
-3.22193 8.16203 -4.43814 3 
-1.81035 6.17329 -3.82749 3 
-3.41617 7.59428 -4.36183 3 
-4.11487 8.79656 -5.68405 3 
-3.62288 7.97681 -4.86219 3 
-3.83605 8.28791 -5.43536 3 
-3.61767 8.13426 -5.08404 3 
-4.17928 8.42196 -5.85956 3 
-3.29398 7.07299 -4.82446 3 
-3.27665 7.53597 -4.77253 3 
-4.32238 8.24965 -5.99808 3 
-4.3162 7.93393 -5.67869 3 
-3.76465 6.87306 -5.55593 3 
-3.40623 7.14309 -5.12495 3 
-4.11589 8.02753 -5.92468 3 
-4.3499 8.0101 -5.8881 3 
-3.42433 6.7964 -5.26313 3 
-4.40072 7.58779 -6.31429 3 
-4.28001 8.20873 -6.16906 3 
-4.24805 7.73964 -5.9688 3 
-4.54345 7.71083 -6.3272 3 
-4.01359 7.229 -6.25367 3 
-5.89169 8.81738 -7.57157 3 
-4.59586 7.6509 -6.45603 3 
-4.69616 7.94774 -6.76243 3 
-6.53532 9.91242 -8.48549 3 
-4.7187 7.42201 -6.39799 3 
-6.52699 10.0913 -8.28281 3 
-5.20842 8.45095 -7.31164 3 
-4.96005 8.10499 -7.18834 3 
-5.03842 7.87533 -7.21591 3 
-5.7286 8.85127 -7.99876 3 
-5.37852 7.82964 -7.34839 3 
-4.26603 7.1722 -6.94015 3 
-4.93134 7.92529 -7.7624 3 
-4.71535 7.49222 -7.4747 3 
-4.59355 7.50353 -7.20018 3 
-6.52032 9.63889 -8.6839 3 
-4.3472 7.63874 -7.09454 3 
-5.26374 7.98548 -8.37231 3 
-4.40322 6.97927 -7.33948 3 
-5.94385 8.31777 -8.43337 3 
-4.32595 7.09354 -7.54521 3 
-6.98592 9.57629 -9.84912 3 
-4.45693 6.73769 -7.33799 3 
-5.60301 8.11218 -8.55743 3 
-6.46651 9.42595 -9.58672 3 
-6.18141 7.98246 -8.76588 3 
-5.59687 7.88233 -8.52769 3 
-5.3403 6.70374 -8.25715 3 
-6.17601 8.52954 -9.61713 3 
-5.2439 7.32567 -8.3216 3 
-5.75029 7.62399 -8.97799 3 
-6.0691 8.3434 -9.11216 3 
-4.68105 7.52778 -7.88961 3 
-5.13915 7.55968 -8.32588 3 
-4.86305 6.93852 -8.3176 3 
-5.65053 7.48036 -8.48072 3 
-4.8931 6.02918 -8.02117 3 
-5.80874 8.09671 -10.1155 3 
-6.02047 7.99537 -9.70234 3 
-4.09293 6.03434 -7.48875 3 
-5.10191 6.41652 -8.73282 3 
-4.93574 7.50741 -9.34389 3 
-5.58906 7.49093 -9.32601 3 
-4.63701 6.4101 -7.99966 3 
-6.91819 9.00993 -10.9822 3 
-5.58484 7.8589 -10.1434 3 
-4.5962 6.81014 -9.05141 3 
-4.6652 6.1869 -8.64629 3 
-5.40461 7.21243 -9.10608 3 
-3.98082 5.79267 -8.40877 3 
-4.24141 6.71013 -9.01268 3 
-3.61075 5.50228 -7.97244 3 
-4.91364 6.51172 -8.97167 3 
-4.46907 6.13538 -8.5859 3 
-5.76314 8.09412 -10.3623 3 
-4.70745 6.63101 -9.75102 3 
-3.9492 5.64275 -8.64956 3 
-4.76865 6.89139 -9.69271 3 
-4.61452 6.51504 -9.47958 3 
-4.33458 6.23452 -9.05697 3 
-3.85679 5.9995 -9.1338 3 
-4.47033 6.87573 -10.1954 3 
-4.76542 7.10648 -10.254 3 
-4.69815 6.79964 -10.0697 3 
-4.00297 5.54417 -9.22065 3 
-3.96102 5.81191 -9.47768 3 
-4.54883 6.18586 -9.93873 3 
-4.17068 5.76699 -9.56717 3 
-3.03243 5.17493 -8.71244 3 
-3.49748 5.431 -9.38885 3 
-2.39007 4.4942 -8.5479 3 
-3.94506 5.72076 -9.48063 3 
-5.44721 7.69649 -10.7652 3 
-4.52229 6.38832 -10.214 3 
-4.35167 6.10585 -9.71539 3 
-3.91991 5.69759 -9.46886 3 
-4.30448 5.95063 -9.50453 3 
-4.54754 5.54148 -9.93213 3 
-3.74715 4.61674 -9.46919 3 
-4.56355 5.8539 -10.1011 3 
-4.15585 5.37934 -9.69384 3 
-4.29858 6.11796 -10.0032 3 
-4.51271 6.08497 -10.1306 3 
-3.12566 4.37563 -8.48245 3 
-4.54716 5.40476 -10.3857 3 
-3.59931 4.8202 -9.25588 3 
-2.90833 4.13417 -8.73912 3 
-4.45151 5.22507 -10.4044 3 
-2.84129 4.52088 -9.08431 3 
-3.92045 4.79734 -10.1905 3 
-3.46352 4.29145 -9.21534 3 
-3.15016 3.97083 -9.66139 3 
-3.05208 3.88661 -8.87185 3 
-4.04506 4.64119 -10.6581 3 
-3.0985 3.49927 -9.30545 3 
-3.79815 4.3191 -9.81296 3 
-3.26216 3.52049 -9.67315 3 
-2.59191 2.96578 -8.93092 3 
-3.8679 4.09116 -10.6835 3 
-2.91447 3.34855 -9.71106 3 
-2.59359 2.76436 -8.92729 3 
-2.44892 3.11628 -8.9631 3 
-3.67409 3.50384 -9.89404 3 
-3.63513 4.04416 -10.7171 3 
-2.01036 2.36771 -8.51636 3 
-1.86023 2.45174 -8.47602 3 
-3.31113 3.71366 -10.3219 3 
-2.57667 3.09872 -9.11869 3 
-2.49819 3.11756 -10.1553 3 
-2.17971 2.29586 -8.99239 3 
-2.50825 2.31994 -8.47541 3 
-3.25421 3.16267 -10.9478 3 
-2.18554 2.41563 -8.88225 3 
-2.36736 2.26866 -9.73481 3 
-1.76275 1.87907 -9.23706 3 
-3.0205 2.12765 -9.88644 3 
-2.27497 2.36401 -9.71531 3 
-2.30513 2.02439 -10.0363 3 
-2.73235 2.08302 -9.41084 3 
-3.00454 2.00691 -9.61197 3 
-2.88086 2.44141 -10.0377 3 
-1.44904 1.18233 -8.27669 3 
-1.08739 1.06489 -8.43182 3 
-1.15319 0.744264 -8.62868 3 
-2.20464 1.67491 -9.83578 3 
-0.891424 0.314833 -7.77594 3 
-1.47586 0.658182 -8.34361 3 
-2.26393 0.722128 -9.54614 3 
-0.909451 0.237039 -8.53707 3 
-1.87624 0.727382 -9.2355 3 
-0.951761 0.412447 -8.3224 3 
-1.73768 0.802839 -9.24917 3 
-1.20668 0.695799 -9.23001 3 
-0.762018 0.11316 -8.51719 3 
-0.69511 -0.32633 -7.68301 3 
-1.11284 0.0942621 -8.04223 3 
-2.165 0.580263 -9.12266 3 
-0.395812 -0.632814 -8.10352 3 
-1.21194 -0.467776 -9.11775 3 
-1.62082 -0.657746 -8.71812 3 
-1.85019 -0.105176 -8.70749 3 
-0.592249 -1.12141 -8.41408 3 
-0.711459 -1.15715 -7.88561 3 
-1.37599 -0.91394 -8.03819 3 
-1.73715 -0.665812 -9.00109 3 
-1.48397 -0.680248 -8.97893 3 
-1.29454 -1.10093 -8.53429 3 
-1.42785 -0.666174 -8.03349 3 
-1.27247 -0.597322 -8.25257 3 
-1.76609 -0.665519 -9.07105 3 
-0.364305 -1.15957 -7.35333 3 
-0.859676 -1.44384 -7.81653 3 
0.326473 -2.21396 -6.31303 3 
-1.29474 -0.876856 -8.80571 3 
-0.408694 -1.94699 -7.35554 3 
-0.767812 -1.54059 -7.928 3 
-0.510565 -1.83794 -7.56545 3 
0.500992 -2.34157 -6.99641 3 
0.213466 -2.52251 -6.57044 3 
-0.620528 -2.09941 -7.88573 3 
-0.628639 -2.48978 -7.7811 3 
-0.824424 -2.24169 -7.96506 3 
-0.377408 -2.27356 -7.40883 3 
0.600938 -2.96081 -6.67567 3 
0.606483 -3.1715 -6.6509 3 
0.140924 -2.44562 -6.89748 3 
0.399512 -3.10018 -7.07642 3 
0.104972 -2.4466 -7.22755 3 
-0.158277 -2.20657 -8.07803 3 
1.07797 -2.45314 -6.05954 3 
0.267363 -2.338 -6.7675 3 
0.211227 -2.66724 -7.00522 3 
0.159845 -2.38737 -7.24133 3 
-0.418725 -2.71537 -7.97147 3 
-0.125921 -2.08294 -6.95964 3 
0.262332 -2.72326 -6.42385 3 
-0.454447 -3.08025 -7.68766 3 
0.779997 -3.4409 -5.84841 3 
1.33362 -3.20025 -5.56138 3 
1.31712 -3.77923 -6.44711 3 
0.530859 -2.49512 -6.62215 3 
0.723889 -2.72855 -6.5074 3 
0.160113 -3.60636 -7.03846 3 
0.915661 -4.11114 -6.4155 3 
0.712072 -3.80373 -6.42171 3 
0.445542 -3.46589 -6.31552 3 
0.480428 -3.46126 -6.35143 3 
0.884863 -3.62251 -5.77772 3 
0.494329 -3.519 -6.7839 3 
0.560642 -4.74851 -6.18787 3 
0.578595 -4.85669 -6.20944 3 
0.995091 -4.4041 -4.87491 3 
1.22233 -4.7395 -5.61856 3 
1.03994 -4.80557 -5.54149 3 
1.5941 -4.14138 -5.43382 3 
1.11673 -4.95682 -5.60672 3 
1.06976 -5.00623 -5.64191 3 
1.60672 -5.07551 -4.52772 3 
1.45209 -4.92254 -4.76204 3 
2.22812 -6.05641 -4.69379 3 
2.73281 -5.80532 -4.02901 3 
2.60384 -5.55011 -4.24667 3 
1.4817 -4.82846 -5.10391 3 
2.85658 -5.49662 -4.25512 3 
1.82731 -5.40691 -4.69916 3 
1.8258 -5.30766 -4.44404 3 
1.79096 -5.65435 -4.16346 3 
1.61296 -5.2913 -4.47207 3 
1.80359 -5.78093 -4.16452 3 
2.4636 -5.10475 -3.66671 3 
2.05135 -5.8521 -4.26717 3 
1.69193 -5.93337 -4.54127 3 
2.69065 -6.17775 -3.59215 3 
2.72749 -5.74445 -3.4214 3 
2.30719 -5.37865 -3.94956 3 
1.9039 -5.76956 -4.4853 3 
2.11853 -6.29991 -4.24929 3 
2.46538 -5.71037 -3.14591 3 
2.3828 -6.16754 -3.86943 3 
2.50062 -5.0233 -2.8652 3 
1.95123 -5.99587 -3.7932 3 
2.6267 -5.31305 -2.44468 3 
2.77426 -6.37584 -3.47631 3 
2.43686 -6.28417 -3.40016 3 
2.02236 -5.31546 -3.90865 3 
1.81291 -5.77938 -3.92895 3 
1.98961 -5.33613 -3.29286 3 
2.30696 -5.5037 -3.07314 3 
2.04187 -5.30806 -3.35903 3 
3.21134 -6.82772 -2.89793 3 
3.36283 -6.27466 -2.19101 3 
3.98029 -7.16409 -2.56064 3 
3.33808 -5.52731 -2.19644 3 
3.60704 -6.57878 -2.21659 3 
2.8826 -6.21377 -2.5729 3 
3.93712 -6.63429 -1.92389 3 
3.29529 -6.34188 -2.26665 3 
3.18114 -6.55481 -2.26318 3 
3.40748 -6.11242 -2.70358 3 
2.49987 -5.35933 -2.50783 3 
3.05088 -6.66143 -2.06537 3 
2.81725 -6.32652 -2.61273 3 
2.82039 -6.85684 -1.93696 3 
3.13796 -6.6063 -2.14923 3 
2.60718 -6.12492 -2.55289 3 
2.65734 -7.13825 -3.08849 3 
4.79649 -7.76265 -0.538105 3 
5.21378 -7.02137 0.173419 3 
4.82231 -8.25683 -0.750601 3 
4.61991 -7.86404 -0.572507 3 
5.34228 -7.01081 0.156494 3 
5.21458 -8.1249 -0.4864 3 
4.36075 -7.53105 -0.897635 3 
4.59959 -6.47449 -0.5558 3 
4.74179 -7.75265 -0.564339 3 
4.90065 -7.07138 -0.473592 3 
4.80911 -7.79408 -0.632354 3 
4.48229 -7.68813 -0.731962 3 
3.81587 -7.14352 -1.10096 3 
4.51567 -7.16429 -0.235893 3 
4.00281 -6.93091 -1.12018 3 
3.85041 -7.64135 -0.994667 3 
3.52178 -6.64771 -0.829409 3 
2.81414 -6.47258 -2.05705 3 
3.32009 -6.23242 -0.824218 3 
2.46511 -6.2602 -1.58681 3 
3.19026 -7.37284 -1.45416 3 
3.30596 -6.85299 -1.35129 3 
2.66666 -7.19453 -1.93778 3 
3.08204 -5.79499 -0.89873 3 
3.15882 -6.34632 -1.17798 3 
2.67429 -5.62329 -1.41851 3 
3.66059 -7.1349 -0.916836 3 
3.67165 -6.56501 -0.621313 3 
2.97027 -6.10109 -1.5987 3 
2.92129 -6.14365 -1.10105 3 
3.10986 -6.05977 -1.23183 3 
3.13535 -6.05452 -0.705768 3 
2.58466 -5.81493 -1.63563 3 
2.43486 -5.73741 -1.58312 3 
2.31987 -5.24627 -1.20247 3 
2.51632 -5.78393 -1.59479 3 
1.7996 -4.93931 -1.65504 3 
2.44515 -5.79841 -1.81814 3 
1.85182 -4.68529 -1.30838 3 
1.96338 -5.03555 -2.18477 3 
2.34229 -5.66844 -1.13662 3 
2.44823 -5.48754 -1.73001 3 
2.49959 -5.79044 -1.47103 3 
1.59541 -5.11543 -2.17628 3 
1.82264 -5.65999 -1.68242 3 
1.78145 -5.64174 -1.71339 3 
1.77611 -5.57072 -1.45791 3 
2.31444 -5.49814 -1.5528 3 
1.38612 -5.22413 -1.81923 3 
1.46505 -5.84306 -2.06438 3 
0.734572 -5.68979 -2.48392 3 
1.39846 -5.27044 -1.55503 3 
1.85765 -5.49788 -1.48619 3 
2.42363 -6.15694 -1.51204 3 
1.7693 -5.00395 -1.12734 3 
1.07645 -5.55634 -2.15303 3 
1.24734 -4.62964 -1.63479 3 
2.0625 -6.11338 -1.61829 3 
1.84224 -5.23688 -1.08234 3 
2.00618 -6.29264 -1.71426 3 
1.97128 -5.58797 -1.18134 3 
1.59514 -5.39606 -1.73268 3 
1.01754 -4.63656 -1.81323 3 
0.909931 -4.80487 -1.89324 3 
1.09862 -4.6413 -1.79978 3 
1.97535 -5.86719 -1.02069 3 
1.70988 -5.9436 -1.49263 3 
1.71453 -5.29003 -1.42928 3 
1.08126 -5.06794 -1.47823 3 
1.20546 -5.40401 -1.85584 3 
1.17064 -5.10365 -1.40934 3 
0.838835 -4.67169 -1.83135 3 
1.53534 -4.02574 -0.913111 3 
1.47067 -5.43144 -1.52463 3 
1.96371 -5.87226 -0.976838 3 
0.300818 -3.96707 -1.81436 3 
0.881105 -5.12154 -1.20931 3 
1.60588 -5.05552 -1.70706 3 
1.79806 -4.78213 -1.0452 3 
0.831723 -4.16945 -1.78327 3 
1.00593 -5.29503 -1.38668 3 
0.0982858 -4.84639 -2.01154 3 
0.23001 -3.69689 -2.10382 3 
0.666446 -4.8338 -1.67856 3 
1.00631 -4.84447 -1.73512 3 
0.0970935 -3.9405 -2.58948 3 
0.673472 -3.63745 -1.42849 3 
0.780282 -4.53686 -2.01762 3 
0.615404 -4.70341 -1.98397 3 
0.793555 -4.40426 -2.06188 3 
1.05829 -5.32246 -1.62872 3 
0.615978 -4.19272 -1.98262 3 
0.987287 -4.50472 -1.47563 3 
-0.568031 -3.46346 -2.419 3 
0.175381 -4.661 -1.58996 3 
0.668376 -5.39082 -1.34078 3 
0.737095 -4.46263 -1.55637 3 
1.41353 -5.57982 -0.740286 3 
1.62978 -5.27987 -0.247648 3 
0.0197711 -3.81303 -1.80418 3 
0.544861 -5.06645 -1.50871 3 
0.326753 -5.24774 -1.29242 3 
1.8113 -6.08404 -0.752362 3 
1.11132 -4.91112 -0.834739 3 
0.229028 -4.42405 -1.62192 3 
0.821208 -4.86078 -1.08627 3 
1.6295 -6.03598 -0.303668 3 
0.506876 -4.85441 -1.62457 3 
0.29656 -4.74903 -1.03251 3 
-0.0243241 -4.96788 -2.01668 3 
0.570583 -4.62161 -0.721185 3 
0.275788 -4.64001 -1.35524 3 
1.47714 -5.06258 -0.563166 3 
0.345861 -4.64333 -1.25396 3 
-0.168747 -3.52207 -1.57248 3 
1.02041 -5.50232 -0.803076 3 
0.465407 -4.64126 -0.903547 3 
1.29226 -5.59322 -0.256943 3 
1.27792 -4.53152 -0.115413 3 
1.30853 -5.39455 -0.489245 3 
0.663242 -4.71973 -0.870808 3 
0.783713 -4.75376 -0.313781 3 
0.846842 -5.42143 -0.798912 3 
0.883491 -4.74231 -0.761415 3 
0.387169 -4.49408 -1.01388 3 
0.812971 -4.34855 -0.698724 3 
1.30714 -4.41615 -0.766495 3 
0.844127 -5.47329 -0.774015 3 
0.173836 -4.33808 -1.76222 3 
0.702999 -4.72614 -1.03486 3 
-0.383952 -3.18731 -1.45178 3 
0.93128 -4.76715 -1.01442 3 
0.481188 -4.33252 -1.08509 3 
0.601797 -4.57646 -0.873096 3 
0.852865 -4.14056 -0.879283 3 
0.716874 -5.02294 -0.878261 3 
0.052932 -3.66834 -1.34826 3 
0.670893 -4.54014 -1.01649 3 
0.858049 -4.775 -0.393084 3 
0.321105 -4.66913 -0.911797 3 
0.576821 -4.68141 -0.949385 3 
1.05623 -4.9304 -1.00211 3 
0.935295 -5.42806 -0.733985 3 
1.02954 -4.21468 -0.789537 3 
1.52094 -5.07619 -0.0938869 3 
1.20432 -5.24789 -0.118844 3 
0.950581 -4.69246 -0.134116 3 
0.371003 -4.93958 -0.697722 3 
1.11964 -5.2861 0.335168 3 
1.28286 -5.03655 0.0999202 3 
1.21054 -5.44032 0.34384 3 
1.06008 -5.21599 0.413385 3 
0.137609 -3.83687 -0.803069 3 
0.39607 -3.92417 -0.622294 3 
1.39833 -4.79231 0.0940701 3 
0.928783 -4.216 -0.30493 3 
1.66388 -5.47266 0.396376 3 
1.28353 -5.65508 -0.0187387 3 
1.9029 -5.87951 1.04915 3 
0.772508 -4.53305 -0.623283 3 
1.09917 -5.32281 0.135657 3 
1.52358 -5.94053 0.435286 3 
0.636601 -3.55085 -0.696819 3 
0.889475 -4.74913 -0.377644 3 
0.778353 -5.42373 -0.161205 3 
0.317133 -3.548 -0.981102 3 
0.944278 -4.39345 -0.340028 3 
0.946409 -4.5725 -0.0972213 3 
1.3565 -5.24474 0.00200257 3 
1.51048 -5.41165 0.243565 3 
0.677621 -3.7548 -0.197941 3 
0.767326 -4.29383 -0.00254665 3 
1.04077 -5.11296 0.13075 3 
1.05578 -4.90433 0.0397846 3 
2.06259 -5.78093 0.34158 3 
1.38432 -4.14305 -0.102555 3 
1.7219 -4.99974 0.209841 3 
1.81658 -5.05107 0.813131 3 
1.05836 -4.14693 0.0817235 3 
1.38239 -4.7023 0.341459 3 
1.43964 -5.05716 0.352521 3 
0.762938 -4.75854 0.20541 3 
1.96986 -5.3124 0.583971 3 
1.54206 -5.24384 0.180053 3 
1.30406 -4.9524 0.565777 3 
1.20546 -5.20998 0.0453764 3 
